C*01:02:01G,GCTCCCACTCCATGAAGTATTTCTTCACATCCGTGTCCCGGCCTGGCCGCGGAGAGCCCCGCTTCATCTCAGTGGGCTACGTGGACGACACGCAGTTCGTGCGGTTCGACAGCGACGCCGCGAGTCCGAGAGGGGAGCCGCGGGCGCCGTGGGTGGAGCAGGAGGGGCCGGAGTATTGGGACCGGGAGACACAGAAGTACAAGCGCCAGGCACAGACTGACCGAGTGAGCCTGCGGAACCTGCGCGGCTACTACAACCAGAGCGAGGCCG,GGTCTCACACCCTCCAGTGGATGTGTGGCTGCGACCTGGGGCCCGACGGGCGCCTCCTCCGCGGGTATGACCAGTACGCCTACGACGGCAAGGATTACATCGCCCTGAACGAGGACCTGCGCTCCTGGACCGCCGCGGACACCGCGGCTCAGATCACCCAGCGCAAGTGGGAGGCGGCCCGTGAGGCGGAGCAGCGGAGAGCCTACCTGGAGGGCACGTGCGTGGAGTGGCTCCGCAGATACCTGGAGAACGGGAAGGAGACGCTGCAGCGCGCGG
C*01:02:03,GCTCCCACTCCATGAAGTATTTCTTCACATCCGTGTCCCGGCCTGGCCGCGGAGAGCCCCGCTTCATCTCAGTGGGCTACGTGGACGACACGCAGTTCGTGCGGTTCGACAGCGACGCCGCGAGTCCGAGAGGGGAGCCGCGGGCGCCGTGGGTGGAGCAGGAGGGGCCGGAGTATTGGGACCGGGAGACACAGAAGTACAAGCGCCAGGCACAGACTGACCGAGTGAGCCTGCGGAACCTGCGCGGCTACTACAACCAGAGCGAGGCCG,GGTCTCACACCCTCCAGTGGATGTGTGGCTGCGACCTGGGGCCCGACGGGCGCCTCCTCCGCGGGTATGACCAGTACGCCTACGACGGCAAGGATTACATCGCCCTGAACGAGGACCTACGCTCCTGGACCGCCGCGGACACCGCGGCTCAGATCACCCAGCGCAAGTGGGAGGCGGCCCGTGAGGCGGAGCAGCGGAGAGCCTACCTGGAGGGCACGTGCGTGGAGTGGCTCCGCAGATACCTGGAGAACGGGAAGGAGACGCTGCAGCGCGCGG
C*01:02:04,GCTCCCACTCCATGAAGTATTTCTTCACATCCGTGTCCCGGCCCGGCCGCGGAGAGCCCCGCTTCATCTCAGTGGGCTACGTGGACGACACGCAGTTCGTGCGGTTCGACAGCGACGCCGCGAGTCCGAGAGGGGAGCCGCGGGCGCCGTGGGTGGAGCAGGAGGGGCCGGAGTATTGGGACCGGGAGACACAGAAGTACAAGCGCCAGGCACAGACTGACCGAGTGAGCCTGCGGAACCTGCGCGGCTACTACAACCAGAGCGAGGCCG,GGTCTCACACCCTCCAGTGGATGTGTGGCTGCGACCTGGGGCCCGACGGGCGCCTCCTCCGCGGGTATGACCAGTACGCCTACGACGGCAAGGATTACATCGCCCTGAACGAGGACCTGCGCTCCTGGACCGCCGCGGACACCGCGGCTCAGATCACCCAGCGCAAGTGGGAGGCGGCCCGTGAGGCGGAGCAGCGGAGAGCCTACCTGGAGGGCACGTGCGTGGAGTGGCTCCGCAGATACCTGGAGAACGGGAAGGAGACGCTGCAGCGCGCGG
C*01:02:05,GCTCCCACTCCATGAAGTATTTCTTCACATCCGTGTCCCGGCCTGGCCGCGGAGAGCCCCGCTTCATCTCAGTGGGCTACGTGGACGACACGCAGTTCGTGCGATTCGACAGCGACGCCGCGAGTCCGAGAGGGGAGCCGCGGGCGCCGTGGGTGGAGCAGGAGGGGCCGGAGTATTGGGACCGGGAGACACAGAAGTACAAGCGCCAGGCACAGACTGACCGAGTGAGCCTGCGGAACCTGCGCGGCTACTACAACCAGAGCGAGGCCG,GGTCTCACACCCTCCAGTGGATGTGTGGCTGCGACCTGGGGCCCGACGGGCGCCTCCTCCGCGGGTATGACCAGTACGCCTACGACGGCAAGGATTACATCGCCCTGAACGAGGACCTGCGCTCCTGGACCGCCGCGGACACCGCGGCTCAGATCACCCAGCGCAAGTGGGAGGCGGCCCGTGAGGCGGAGCAGCGGAGAGCCTACCTGGAGGGCACGTGCGTGGAGTGGCTCCGCAGATACCTGGAGAACGGGAAGGAGACGCTGCAGCGCGCGG
C*01:02:06,GCTCCCACTCCATGAAGTATTTCTTCACATCCGTGTCCCGGCCTGGCCGCGGAGAGCCCCGCTTCATCTCAGTGGGCTACGTGGACGACACGCAGTTCGTGCGGTTCGACAGCGACGCCGCGAGTCCGAGAGGGGAGCCGCGGGCGCCGTGGGTGGAGCAGGAGGGGCCGGAGTATTGGGACCGGGAGACACAGAAGTACAAGCGCCAGGCACAGACTGACCGAGTGAGCCTGCGGAACCTGCGCGGCTACTACAACCAGAGCGAGGCCG,GGTCTCACACCCTCCAGTGGATGTGTGGCTGCGACCTGGGGCCCGACGGGCGCCTCCTCCGCGGGTATGACCAGTACGCCTACGACGGCAAGGATTACATCGCCCTGAACGAGGACCTGCGCTCCTGGACCGCCGCGGACACGGCGGCTCAGATCACCCAGCGCAAGTGGGAGGCGGCCCGTGAGGCGGAGCAGCGGAGAGCCTACCTGGAGGGCACGTGCGTGGAGTGGCTCCGCAGATACCTGGAGAACGGGAAGGAGACGCTGCAGCGCGCGG
C*01:02:07,GCTCCCACTCCATGAAGTATTTCTTCACATCCGTGTCCCGGCCTGGCCGCGGAGAGCCCCGCTTCATCTCAGTGGGCTACGTGGACGACACGCAGTTCGTGCGGTTCGACAGCGACGCCGCGAGTCCGAGAGGGGAGCCGCGGGCGCCGTGGGTGGAGCAGGAGGGGCCGGAGTATTGGGACCGGGAGACACAGAAGTACAAGCGCCAGGCACAGACTGACCGAGTGAGCCTGCGGAACCTGCGCGGCTACTACAACCAGAGCGAGGCCG,GGTCTCACACCCTCCAGTGGATGTGTGGCTGCGACCTGGGGCCCGACGGGCGCCTCCTCCGCGGGTATGACCAGTACGCCTACGACGGCAAGGATTACATCGCCCTGAACGAGGACCTGCGCTCCTGGACCGCGGCGGACACCGCGGCTCAGATCACCCAGCGCAAGTGGGAGGCGGCCCGTGAGGCGGAGCAGCGGAGAGCCTACCTGGAGGGCACGTGCGTGGAGTGGCTCCGCAGATACCTGGAGAACGGGAAGGAGACGCTGCAGCGCGCGG
C*01:02:08,GCTCCCACTCCATGAAGTATTTCTTCACATCCGTGTCCCGGCCTGGCCGCGGAGAGCCCCGCTTCATCTCAGTGGGCTACGTGGACGACACGCAGTTCGTGCGGTTCGACAGCGACGCCGCGAGTCCGAGAGGGGAGCCGCGGGCGCCGTGGGTGGAGCAGGAGGGGCCGGAGTATTGGGACCGGGAGACACAGAAGTACAAGCGCCAGGCACAGACTGACCGAGTGAGCCTGCGGAACCTGCGCGGCTACTACAACCAGAGCGAGGCCG,GGTCTCACACCCTCCAGTGGATGTGTGGCTGCGACCTGGGGCCCGACGGGCGCCTCCTCCGCGGGTATGACCAGTACGCCTACGACGGCAAGGATTACATCGCCCTGAACGAGGACCTGCGCTCCTGGACCGCCGCGGACACCGCGGCTCAGATCACGCAGCGCAAGTGGGAGGCGGCCCGTGAGGCGGAGCAGCGGAGAGCCTACCTGGAGGGCACGTGCGTGGAGTGGCTCCGCAGATACCTGGAGAACGGGAAGGAGACGCTGCAGCGCGCGG
C*01:02:09,GCTCCCACTCCATGAAGTATTTCTTCACATCCGTGTCCCGGCCTGGCCGCGGAGAGCCCCGCTTCATCTCAGTGGGCTACGTGGACGACACGCAGTTCGTGCGGTTCGACAGCGACGCCGCGAGTCCGAGAGGGGAGCCGCGGGCGCCGTGGGTGGAGCAGGAGGGGCCGGAGTATTGGGACCGGGAGACACAGAAGTACAAGCGCCAGGCACAGACTGACCGAGTGAGCCTGCGGAACCTGCGCGGCTACTACAACCAGAGCGAGGCCG,GGTCTCACACCCTCCAGTGGATGTGTGGCTGCGACCTGGGGCCCGACGGGCGCCTCCTCCGCGGGTATGACCAGTACGCCTACGACGGCAAGGATTACATCGCCCTGAACGAGGACCTGCGCTCTTGGACCGCCGCGGACACCGCGGCTCAGATCACCCAGCGCAAGTGGGAGGCGGCCCGTGAGGCGGAGCAGCGGAGAGCCTACCTGGAGGGCACGTGCGTGGAGTGGCTCCGCAGATACCTGGAGAACGGGAAGGAGACGCTGCAGCGCGCGG
C*01:02:10,GCTCCCATTCCATGAAGTATTTCTTCACATCCGTGTCCCGGCCTGGCCGCGGAGAGCCCCGCTTCATCTCAGTGGGCTACGTGGACGACACGCAGTTCGTGCGGTTCGACAGCGACGCCGCGAGTCCGAGAGGGGAGCCGCGGGCGCCGTGGGTGGAGCAGGAGGGGCCGGAGTATTGGGACCGGGAGACACAGAAGTACAAGCGCCAGGCACAGACTGACCGAGTGAGCCTGCGGAACCTGCGCGGCTACTACAACCAGAGCGAGGCCG,GGTCTCACACCCTCCAGTGGATGTGTGGCTGCGACCTGGGGCCCGACGGGCGCCTCCTCCGCGGGTATGACCAGTACGCCTACGACGGCAAGGATTACATCGCCCTGAACGAGGACCTGCGCTCCTGGACCGCCGCGGACACCGCGGCTCAGATCACCCAGCGCAAGTGGGAGGCGGCCCGTGAGGCGGAGCAGCGGAGAGCCTACCTGGAGGGCACGTGCGTGGAGTGGCTCCGCAGATACCTGGAGAACGGGAAGGAGACGCTGCAGCGCGCGG
C*01:02:13,GCTCCCACTCCATGAAGTATTTCTTCACATCCGTGTCCCGGCCTGGCCGCGGAGAGCCCCGCTTCATCTCAGTGGGCTACGTGGACGACACGCAGTTCGTGCGGTTCGACAGCGACGCCGCGAGTCCGAGAGGGGAGCCGCGGGCGCCGTGGGTGGAGCAGGAGGGGCCGGAGTATTGGGACCGGGAGACACAGAAGTACAAACGCCAGGCACAGACTGACCGAGTGAGCCTGCGGAACCTGCGCGGCTACTACAACCAGAGCGAGGCCG,GGTCTCACACCCTCCAGTGGATGTGTGGCTGCGACCTGGGGCCCGACGGGCGCCTCCTCCGCGGGTATGACCAGTACGCCTACGACGGCAAGGATTACATCGCCCTGAACGAGGACCTGCGCTCCTGGACCGCCGCGGACACCGCGGCTCAGATCACCCAGCGCAAGTGGGAGGCGGCCCGTGAGGCGGAGCAGCGGAGAGCCTACCTGGAGGGCACGTGCGTGGAGTGGCTCCGCAGATACCTGGAGAACGGGAAGGAGACGCTGCAGCGCGCGG
C*01:02:16,GCTCCCACTCCATGAAGTATTTCTTCACATCCGTGTCCCGGCCTGGCCGCGGAGAGCCCCGCTTCATCTCAGTGGGCTACGTGGACGACACGCAGTTCGTGCGGTTCGACAGCGACGCCGCGAGTCCGAGAGGGGAGCCGAGGGCGCCGTGGGTGGAGCAGGAGGGGCCGGAGTATTGGGACCGGGAGACACAGAAGTACAAGCGCCAGGCACAGACTGACCGAGTGAGCCTGCGGAACCTGCGCGGCTACTACAACCAGAGCGAGGCCG,GGTCTCACACCCTCCAGTGGATGTGTGGCTGCGACCTGGGGCCCGACGGGCGCCTCCTCCGCGGGTATGACCAGTACGCCTACGACGGCAAGGATTACATCGCCCTGAACGAGGACCTGCGCTCCTGGACCGCCGCGGACACCGCGGCTCAGATCACCCAGCGCAAGTGGGAGGCGGCCCGTGAGGCGGAGCAGCGGAGAGCCTACCTGGAGGGCACGTGCGTGGAGTGGCTCCGCAGATACCTGGAGAACGGGAAGGAGACGCTGCAGCGCGCGG
C*01:02:17,GCTCCCACTCCATGAAGTATTTCTTCACATCCGTGTCCCGGCCTGGCCGCGGAGAGCCCCGCTTCATCTCAGTGGGCTACGTGGACGACACGCAGTTCGTGCGGTTCGACAGCGACGCCGCGAGTCCGAGAGGGGAGCCGCGGGCGCCGTGGGTGGAGCAGGAGGGGCCGGAGTATTGGGACCGGGAGACACAGAAGTACAAGCGCCAGGCACAGACTGACCGAGTGAGCCTGCGGAACCTGCGCGGCTACTACAACCAGAGCGAGGCCG,GGTCTCACACCCTCCAGTGGATGTGTGGCTGCGACCTGGGGCCCGACGGGCGCCTCCTCCGCGGGTATGACCAGTACGCCTACGACGGCAAGGATTACATCGCCCTGAACGAGGACCTGCGCTCCTGGACCGCCGCGGACACCGCGGCTCAGATCACACAGCGCAAGTGGGAGGCGGCCCGTGAGGCGGAGCAGCGGAGAGCCTACCTGGAGGGCACGTGCGTGGAGTGGCTCCGCAGATACCTGGAGAACGGGAAGGAGACGCTGCAGCGCGCGG
C*01:03G,GCTCCCACTCCATGAAGTATTTCTTCACATCCGTGTCCCGGCCTGGCCGCGGAGAGCCCCGCTTCATCTCAGTGGGCTACGTGGACGACACGCAGTTCGTGCGGTTCGACAGCGACGCCGCGAGTCCGAGAGGGGAGCCGCGGGCGCCGTGGGTGGAGCAGGAGGGGCCGGAGTATTGGGACCGGGAGACACAGAAGTACAAGCGCCAGGCACAGACTGACCGAGTGAGCCTGCGGAACCTGCGCGGCTACTACAACCAGAGCGAGGCCG,GGTCTCACACCCTCCAGTGGATGTGTGGCTGCGACCTGGGGCCCGACGGGCGCCTCCTCCGCGGGTATAACCAGTTCGCCTACGACGGCAAGGATTACATCGCCCTGAACGAGGACCTGCGCTCCTGGACCGCCGCGGACACCGCGGCTCAGATCACCCAGCGCAAGTGGGAGGCGGCCCGTGAGGCGGAGCAGCGGAGAGCCTACCTGGAGGGCACGTGCGTGGAGTGGCTCCGCAGATACCTGGAGAACGGGAAGGAGACGCTGCAGCGCGCGG
C*01:04,GCTCCCACTCCATGAAGTATTTCTTCACATCCGTGTCCCGGCCTGGCCGCGGAGAGCCCCGCTTCATCTCAGTGGGCTACGTGGACGACACGCAGTTCGTGCGGTTCGACAGCGACGCCGCGAGTCCGAGAGGGGAGCCGCGGGCGCCGTGGGTGGAGCAGGAGGGGCCGGAGTATTGGGACCGGGAGACACAGAAGTACAAGCGCCAGGCACAGACTGACCGAGTGAGCCTGCGGAACCTGCGCGGCTACTACAACCAGAGCGAGGCCG,GGTCTCACACCCTCCAGTGGATGTGTGGCTGCGACCTGGGGCCCGACGGGCGCCTCCTCCGCGGGTATGACCAGTCCGCCTACGACGGCAAGGATTACATCGCCCTGAACGAGGACCTGCGCTCCTGGACCGCTGCGGACACGGCGGCTCAGATCACCCAGCGCAAGTGGGAGGCGGCCCGTGAGGCGGAGCAGTGGAGAGCCTACCTGGAGGGCACGTGCGTGGAGTGGCTCCGCAGATACCTGGAGAACGGGAAGGAGACGCTGCAGCGCGCGG
C*01:05,GCTCCCACTCCATGAAGTATTTCTTCACATCCGTGTCCCGGCCTGGCCGCGGAGAGCCCCGCTTCATCTCAGTGGGCTACGTGGACGACACGCAGTTCGTGCGGTTCGACAGCGACGCCGCGAGTCCGAGAGGGGAGCCGCGGGCGCCGTGGGTGGAGCAGGAGGGGCCGGAGTATTGGGACCGGGAGACACAGAAGTACAAGCGCCAGGCACAGACTGACCGAGTGAGCCTGCGGAACCTGCGCGGCTACTACAACCAGAGCGAGGCCG,GGTCTCACACCCTCCAGAGGATGTCTGGCTGCGACCTGGGGCCCGACGGGCGCCTCCTCCGCGGGTATGACCAGTACGCCTACGACGGCAAGGATTACATCGCCCTGAACGAGGACCTGCGCTCCTGGACCGCCGCGGACACCGCGGCTCAGATCACCCAGCGCAAGTGGGAGGCGGCCCGTGAGGCGGAGCAGCGGAGAGCCTACCTGGAGGGCACGTGCGTGGAGTGGCTCCGCAGATACCTGGAGAACGGGAAGGAGACGCTGCAGCGCGCGG
C*01:06,GCTCCCACTCCATGAAGTATTTCTTCACATCCGTGTCCCGGCCTGGCCGCGGAGAGCCCCGCTTCATCTCAGTGGGCTACGTGGACGACACGCAGTTCGTGCGGTTCGACAGCGACGCCGCGAGTCCGAGAGGGGAGCCGCGGGCGCCGTGGGTGGAGCAGGAGGGGCCGGAGTATTGGGACCGGGAGACACAGAAGTACAAGCGCCAGGCACAGACTGACCGAGTGAGCCTGCGGAACCTGCGCGGCTACTACAACCAGAGCGAGGCCG,GGTCTCACACCCTCCAGTGGATGTGTGGCTGCGACCTGGGGCCCGACGGGCGCCTCCTCCGCGGGTATGACCAGTACGCCTACGACGGCAAGGATTACATCGCCCTGAACGAGGACCTGCGCTCCTGGACCGCCGCGGACACCGCGGCTCAGATCACCCAGCGCAAGTGGGAGGCGGCCCGTGTGGCGGAGCAGCGGAGAGCCTACCTGGAGGGCACGTGCGTGGAGTGGCTCCGCAGATACCTGGAGAACGGGAAGGAGACGCTGCAGCGCGCGG
C*01:07,GCTCCCACTCCATGAAGTATTTCTTCACATCCGTGTCCCGGCCTGGCCGCGGAGAGCCCCGCTTCATCTCAGTGGGCTACGTGGACGACACGCAGTTCGTGCGGTTCGACAGCGACGCCGCGAGTCCGAGAGGGGAGCCGCGGGCGCCGTGGGTGGAGCAGGAGGGGCCGGAGTATTGGGACCGGGAGACACAGAAGTACAAGCGCCAGGCACAGACTGACCGAGTGAGCCTGCGGAACCTGCGCGGCTACTACAACCAGAGCGAGGCCG,GGTCTCACACCCTCCAGTGGATGTGTGGCTGCGACCTGGGGCCCGACGGGCGCCTCCTCCGCAGGTATGACCAGTACGCCTACGACGGCAAGGATTACATCGCCCTGAACGAGGACCTGCGCTCCTGGACCGCCGCGGACACCGCGGCTCAGATCACCCAGCGCAAGTGGGAGGCGGCCCGTGAGGCGGAGCAGCGGAGAGCCTACCTGGAGGGCACGTGCGTGGAGTGGCTCCGCAGATACCTGGAGAACGGGAAGGAGACGCTGCAGCGCGCGG
C*01:08,GCTCCCACTCCATGAAGTATTTCTTCACATCCGTGTCCCGGCCTGGCCGCGGAGAGCCCCGCTTCATCTCAGTGGGCTACGTGGACGACACGCAGTTCGTGCGGTTCGACAGCGACGCCGCGAGTCCGAGAGGGGAGCCGCGGGCGCCGTGGGTGGAGCAGGAGGGGCCGGAGTATTGGGACCGGGAGACACAGAAGTACAAGCGCCAGGCACAGACTGACCGAGTGAGCCTGCGGAACCTGCGCGGCTACTACAACCAGAGCGAGGCCG,GGTCTCACACCCTCCAGTGGATGTGTGGCTGCGACCTGGGGCCCGACGGGCGCCTCCTCCGCGGGTATGACCAGTACGCCTACGACGGCAAGGATTACATCGCCCTGAACGAGGACCTGCGCTCCTGGACCGCCGCGGACACCGCGGCTCAGATCACCCAGCGCAAGTGGGAGGCGGCCTGTGAGGCGGAGCAGCGGAGAGCCTACCTGGAGGGCACGTGCGTGGAGTGGCTCCGCAGATACCTGGAGAACGGGAAGGAGACGCTGCAGCGCGCGG
C*01:09,GCTCCCACTCCATGAAGTATTTCTTCACATCCGTGTCCCGGCCTGGCCGCGGAGAGCCCCGCTTCATCTCAGTGGGCTACGTGGACGACACGCAGTTCGTGCGGTTCGACAGCGACGCCGCGAGTCCGAGAGGGGAGCCGCGGGCGCCGTGGGTGGAGCAGGAGGGGCCGGAGTATTGGGACCGGGAGACACAGAAGTACAAGCGCCAGGCACAGACTGACCGAGTGAGCCTGCGGAACCTGCGCGGCTACTACAACCAGAGCGAGGCCG,GGTCTCACACCCTCCAGTGGATGTGTGGCTGCGACCTGGGGCCCGACGGGCGCCTCCTCCGCGGGTATGACCAGTACGCCTACGACGGCAAGGATTACATCGCCCTGAACGAGGACCTGCGCTCCTGGACCGCCGCGGACACCGCGGCTCAGATCACCCAGCGCAAGTGGGAGGCGGCCCGTGAGGCGGAGCAGTGGAGAGCCTACCTGGAGGGCACGTGCGTGGAGTGGCTCCGCAGATACCTGGAGAACGGGAAGGAGACGCTGCAGCGCGCGG
C*01:10,GCTCCCACTCCATGAAGTATTTCTTCACATCCGTGTCCCGGCCTGGCCGCGGAGAGCCCCGCTTCATCTCAGTGGGCTACGTGGACGACACGCAGTTCGTGCGGTTCGACAGCGACGCCGCGAGTCCGAGAGGGGAGCCGCGGGCGCCGTGGGTGGAGCAGGAGGGGCCGGAGTATTGGGACCGGGAGACACAGAAGTACAAGCGCCAGGCACAGACTGACCGAGTGAGCCTGCGGAACCTGCGCGGCTACTACAACCAGAGCGAGGCCG,GGTCTCACACCCTCCAGTGGATGTGTGGCTGCGACCTGGGGCCCGACGGGCGCCTCCTCCGCGGGTATGACCAGTACGCCTACGACGGCAAGGATTACATCGCCCTGAACGAGGACCTGCGCTCCTGGACCGCCGCGGACACCGCGGCTCAGATCACCCAGCGCAAGTGGGAGGCGGCCCGTGAGGCGGAGCAGCGGAGAGCCTACCTGGAGGGCGAGTGCGTGGAGTGGCTCCGCAGATACCTGGAGAACGGGAAGGAGACGCTGCAGCGCGCGG
C*01:11,GCTCCCACTCCATGAAGTATTTCTTCACATCCGTGTCCCGGCCTGGCCGCGGAGAGCCCCGCTTCATCTCAGTGGGCTACGTGGACGACACGCAGTTCGTGCGGTTCGACAGCGACGCCGCGAGTCCGAGAGGGGAGCCGCGGGCGCCGTGGGTGGAGCAGGAGGGGCCGGAGTATTGGGACCGGGAGACACAGAAGTACAAGCGCCAGGCACAGACTGACCGAGTGAGCCTGCGGAACCTGCGCGGCTACTACAACCAGAGCGAGGCCG,GGTCTCACACCCTCCAGTGGATGTGTGGCTGCGACCTGGGGCCCGACGGGCGCCTCCTCCGCGGGTATGACCAGTACGCCTACGACGGCAAGGATTACATCGCCCTGAACGAGGACCTGCGCTCCTGGACCGCCGCGGACACCGCGGCTCAGATCACCCAGCGCAAGTGGGAGGCGGCCCGTGAGGCGGAGCAGCGGAGAGCCTACCTGGAGGGCACGTGCGTGGAGTGGCTCCGCAGATACCTGGAGAACGGGAAGGAGACGCTGCAGCGCGCGA
C*01:12,GCTCCCACTCCATGAAGTATTTCTTCACATCCGTGTCCCGGCCTGGCCGCGGAGAGCCCCGCTTCATCTCAGTGGGCTACGTGGACGACACGCAGTTCGTGCGGTTCGACAGCGACGCCGCGAGTCCGAGAGGGGAGCCGCGGGCGCCGTGGGTGGAGCAGGAGGGGCCGGAGTATTGGGACCGGGAGACACAGAAGTACAAGCGCCAGGCACAGACTGACCGAGTGAGCCTGCGGAACCTGCGCGGCTACTACAACCAGAGCGAGGCCG,GGTCTCACACCCTCCAGTGGATGTATGGCTGCGACCTGGGGCCCGACGGGCGCCTCCTCCGCGGGTATGACCAGTACGCCTACGACGGCAAGGATTACATCGCCCTGAACGAGGACCTGCGCTCCTGGACCGCCGCGGACACCGCGGCTCAGATCACCCAGCGCAAGTGGGAGGCGGCCCGTGAGGCGGAGCAGCGGAGAGCCTACCTGGAGGGCACGTGCGTGGAGTGGCTCCGCAGATACCTGGAGAACGGGAAGGAGACGCTGCAGCGCGCGG
C*01:13,GCTCCCACTCCATGAAGTATTTCTTCACATCCGTGTCCCGGCCTGGCCGCGGAGAGCCCCGCTTCATCTCAGTGGGCTACGTGGACGACACGCAGTTCGTGCGGTTCGACAGCGACGCCGCGAGTCCGAGAGGGGAGCCGCGGGCGCCGTGGGTGGAGCAGGAGGGGCCGGAGTATTGGGACCGGGAGACACAGAAGTACAAGCGCCAGGCACAGACTGACCGAGTGAGCCTGCGGAACCTGCGCGGCTACTACAACCAGAGCGAGGCCG,GGTCTCACACCCTCCAGTGGATGTGTGGCTGCGACCTGGGGCCCGACGGGCGCCTCCTCCGCGGGTATGACCAGTACGCCTACGACGGCAAGGATTACATCGCCCTGAACGAGGACCTGCGCTCCTGGACCGCCGCGGACAAGGCGGCTCAGATCACCCAGCGCAAGTGGGAGGCGGCCCGTGAGGCGGAGCAGCGGAGAGCCTACCTGGAGGGCACGTGCGTGGAGTGGCTCCGCAGATACCTGGAGAACGGGAAGGAGACGCTGCAGCGCGCGG
C*01:14,GCTCCCACTCCATGAAGTATTTCTTCACATCCGTGTCCCGGCCTGGCCGCGGAGAGCCCCGCTTCATCTCAGTGGGCTACGTGGACGACACGCAGTTCGTGCGGTTCGACAGCGACGCCGCGAGTCCGAGAGGGGAGCCGCGGGCGCCGTGGGTGGAGCAGGAGGGGCCGGAGTATTGGGACCGGGAGACACAGAAGTACAAGCGCCAGGCACAGACTGACCGAGTGAACCTGCGGAAACTGCGCGGCTACTACAACCAGAGCGAGGCCG,GGTCTCACACCCTCCAGTGGATGTGTGGCTGCGACCTGGGGCCCGACGGGCGCCTCCTCCGCGGGTATGACCAGTACGCCTACGACGGCAAGGATTACATCGCCCTGAACGAGGACCTGCGCTCCTGGACCGCCGCGGACACCGCGGCTCAGATCACCCAGCGCAAGTGGGAGGCGGCCCGTGAGGCGGAGCAGCGGAGAGCCTACCTGGAGGGCACGTGCGTGGAGTGGCTCCGCAGATACCTGGAGAACGGGAAGGAGACGCTGCAGCGCGCGG
C*01:15,GCTCCCACTCCATGAAGTATTTCTTCACATCCGTGTCCCGGCCTGGCCGCGGAGAGCCCCGCTTCATCTCAGTGGGCTACGTGGACGACACGCAGTTCGTGCGGTTCGACAGCGACGCCGCGAGTCCGAGAGGGGAGCCGCGGGCGCCGTGGGTGGAGCAGGAGGGGCCGGAGTATTGGGACCGGGAGACACAGAAGTACAAGCGCCAGGCACAGACTGACCGAGTGAGCCTGCGGAACCTGCGCGGCTACTACAACCAGAGCGAGGCCG,GGTCTCACACCCTCCAGTGGATGTGTGGCTGCGACCTGGGGCCCGACGGGCGCCTCCTCCGCGGGTATGACCAGTACGCCTACGACGGCAAGGATTACATCGCCCTGAACGAGGACCTGCGCTCCTGGACCGCCGCGGACACCGCGGCTCAGATCACCCAGCGCAAGTGGGAGGCGGCCCGTGAGGCGGAGCAGCGGAGAGCCTACCTGGAGGGCACGTGCGTGGAGTGGCTCCGCAGATACCTGGAGAACAGGAAGGAGACGCTGCAGCGCGCGG
C*01:16,GCTCCCACTCCATGAAGTATTTCTTCACATCCGTGTCCCGGCCTGGCCGCGGAGAGCCCCGCTTCATCTCAGTGGGCTACGTGGACGACACGCAGTTCGTGCGGTTCGACAGCGACGCCGCGAGTCCGAGAGGGGAGCCGCGGGCGCCGTGGGTGGAGCAGGAGGGGCCGGAGTATTGGGACCGGGAGACACAGAAGTACAAGCGCCAGGCACCGACTGACCGAGTGAGCCTGCGGAACCTGCGCGGCTACTACAACCAGAGCGAGGCCG,GGTCTCACACCCTCCAGTGGATGTGTGGCTGCGACCTGGGGCCCGACGGGCGCCTCCTCCGCGGGTATGACCAGTACGCCTACGACGGCAAGGATTACATCGCCCTGAACGAGGACCTGCGCTCCTGGACCGCCGCGGACACCGCGGCTCAGATCACCCAGCGCAAGTGGGAGGCGGCCCGTGAGGCGGAGCAGCGGAGAGCCTACCTGGAGGGCACGTGCGTGGAGTGGCTCCGCAGATACCTGGAGAACGGGAAGGAGACGCTGCAGCGCGCGG
C*01:17,GCTCCCACTCCATGAAGTATTTCTTCACATCCGTGTCCCGGCCTGGCCGCGGAGAGCCCCGCTTCATCTCAGTGGGCTACGTGGACGACACGCAGTTCGTGCGGTTCGACAGCGACGCCGCGAGTCCGAGAGGGGAGCCGCGGGCGCCGTGGGTGGAGCAGGAGGGGCCGGAGTATTGGGACCGGGAGACACAGAAGTACAAGCGCCAGGCACAGGCTGACCGAGTGAGCCTGCGGAACCTGCGCGGCTACTACAACCAGAGCGAGGCCG,GGTCTCACACCCTCCAGTGGATGTGTGGCTGCGACCTGGGGCCCGACGGGCGCCTCCTCCGCGGGTATGACCAGTACGCCTACGACGGCAAGGATTACATCGCCCTGAACGAGGACCTGCGCTCCTGGACCGCCGCGGACACCGCGGCTCAGATCACCCAGCGCAAGTGGGAGGCGGCCCGTGAGGCGGAGCAGCGGAGAGCCTACCTGGAGGGCACGTGCGTGGAGTGGCTCCGCAGATACCTGGAGAACGGGAAGGAGACGCTGCAGCGCGCGG
C*01:18,GCTCCCACTCCATGAAGTATTTCTTCACATCCGTGTCCCGGCCTGGCCGCGGAGAGCCCCGCTTCATCTCAGTGGGCTACGTGGACGACACGCAGTTCGTGCGGTTCGACAGCGACGCCGCGAGTCCGAGAGGGGAGCCGCGGGCGCCGTGGGTGGAGCAGGAGGGGCCGGAGTATTGGGACCGGGAGACACAGAAGTACAAGCACCAGGCACAGACTGACCGAGTGAGCCTGCGGAACCTGCGCGGCTACTACAACCAGAGCGAGGCCG,GGTCTCACACCCTCCAGTGGATGTGTGGCTGCGACCTGGGGCCCGACGGGCGCCTCCTCCGCGGGTATGACCAGTACGCCTACGACGGCAAGGATTACATCGCCCTGAACGAGGACCTGCGCTCCTGGACCGCCGCGGACACCGCGGCTCAGATCACCCAGCGCAAGTGGGAGGCGGCCCGTGAGGCGGAGCAGCGGAGAGCCTACCTGGAGGGCACGTGCGTGGAGTGGCTCCGCAGATACCTGGAGAACGGGAAGGAGACGCTGCAGCGCGCGG
C*01:19,GCTCCCACTCCATGAAGTATTTCTTCACATCCGTGTCCCGGCCTGGCCGCGGAGAGCCCCGCTTCATCTCAGTGGGCTACGTGGACGACACGCAGTTCGTGCGGTTCGACAGCGACGCCGCGAGTCCGAGAGGGGAGCCGCGGGCGCCGTGGGTGGAGCAGGAGGGGCCGGAGTATTGGGACCGGGAGACACAGAAGTACAAGCGCCAGGCACAGACTGACCGAGTGTGCCTGCGGAACCTGCGCGGCTACTACAACCAGAGCGAGGCCG,GGTCTCACACCCTCCAGTGGATGTGTGGCTGCGACCTGGGGCCCGACGGGCGCCTCCTCCGCGGGTATGACCAGTACGCCTACGACGGCAAGGATTACATCGCCCTGAACGAGGACCTGCGCTCCTGGACCGCCGCGGACACCGCGGCTCAGATCACCCAGCGCAAGTGGGAGGCGGCCCGTGAGGCGGAGCAGCGGAGAGCCTACCTGGAGGGCACGTGCGTGGAGTGGCTCCGCAGATACCTGGAGAACGGGAAGGAGACGCCGCAGCGCGCGG
C*01:20,GCTCCCACTCCATGAAGTATTTCTTCACATCCGTGTCCCGGCCTGGCCGCGGAGAGCCCCGCTTCATCTCAGTGGGCTACGTGGACGACACGCAGTTCGTGCGGTTCGACAGCGACGCCGCGAGTCCGAGAGGGGAGCCGCGGGCGCCGTGGGTGGAGCAGGAGGGGCCGGAGTATTGGGACCGGGAGACACAGAAGTACAAGCGCCAGGCACAGACTGACCGAGTGAGCCTGCGGAACCTGCGCGGCTACTACAACCAGAGCGAGGCCG,GGTCTCACACCCTCCAGTGGATGTGTGGCTGCGACCTGGGGCCCGACGGGCGCCTCCTCCGCGGGTATGACCAGTACGCCTACGACGGCAAGGATTACATCGCCCTGAACGAGGACCTGCGCTCCTGGACCGCCGTGGACACCGCGGCTCAGATCACCCAGCGCAAGTGGGAGGCGGCCCGTGAGGCGGAGCAGCGGAGAGCCTACCTGGAGGGCACGTGCGTGGAGTGGCTCCGCAGATACCTGGAGAACGGGAAGGAGACGCTGCAGCGCGCGG
C*01:21,GCTCCCACTCCATGAAGTATTTCTTCACATCCGTGTCCCGGCCTGGCCGCGGAGAGCCCCGCTTCATCTCAGTGGGCTACGTGGACGACACGCAGTTCGTGCGGTTCGACAGCGACGCCGCGAGTCCAAGAGGGGAGCCGCGGGCGCCGTGGGTGGAGCAGGAGGGGCCGGAGTATTGGGACCGGGAGACACAGAAGTACAAGCGCCAGGCACAGGCTGACCGAGTGAGCCTGCGGAACCTGCGCGGCTACTACAACCAGAGCGAGGCCG,GGTCTCACACCCTCCAGAGGATGTACGGCTGCGACCTGGGGCCCGACGGGCGCCTCCTCCGCGGGTATGACCAGTCCGCCTACGACGGCAAGGATTACATCGCCCTGAACGAGGACCTGCGCTCCTGGACCGCTGCGGACACGGCGGCTCAGATCACCCAGCGCAAGTGGGAGGCGGCCCGTGAGGCGGAGCAGTGGAGAGCCTACCTGGAGGGCACGTGCGTGGAGTGGCTCCGCAGATACCTGGAGAACGGGAAGGAGACGCTGCAGCGCGCGG
C*01:22,GCTCCCACTCCATGAAGTATTTCTTCACATCCGTGTCCCGGCCTGGCCGCGGAGAGCCCCGCTTCATCTCAGTGGGCTACGTGGACGACACGCAGTTCGTGCGGTTCGACAGCGACGCCGCGAGTCCGAGAGGGGAGCCGCGGGCGCCGTGGGTGGAGCAGGAGGGGCCGGAGTATTGGGACCGGGAGACACAGAAGTACAAGCGCCAGGCACAGACTGACCGAGTGAGCCTGCGGAACCTGCGCGGCTACTACAACCAGAGCGAGGCCG,GGTCTCACACCCTCCAGTGGATGTGTGGCTGCGACCTGGGGCCCGACGGGCGCCTCCTCCGCGGGTATGACCAGTACGCCTACGACGGCAAGGATTACATCGCCCTGAACGAGGACCTGCGCTCCTGGACCGCCGCGGACACCGCGGCTCAGATCACCCAGCGCAAGTGGGAGGCGGCCCGTGAGGCGGAGCAGCTGAGAGCCTACCTGGAGGGCACGTGCGTGGAGTGGCTCCGCAGATACCTGGAGAACGGGAAGGAGACGCTGCAGCGCGCGG
C*01:23,GCTCCCACTCCATGAAGTATTTCTTCACATCCGTGTCCCGGCCTGGCCGCGGAGAGCCCCGCTTCATCTCAGTGGGCTACGTGGACGACACGCAGTTCGTGCGGTTCGACAGCGACGCCGCGAGTCCGAGAGGGGAGCCGCGGGCGCCGTGGGTGGAGCAGGAGGGGCCGGAGTATTGGGACCGGGAGACACAGAAGTACAAGCGCCAGGCACAGGCTGACCGAGTGAGCCTGCGGAACCTGCGCGGCTACTACAACCAGAGCGAGGACG,GGTCTCACACCCTCCAGTGGATGTGTGGCTGCGACCTGGGGCCCGACGGGCGCCTCCTCCGCGGGTATGACCAGTACGCCTACGACGGCAAGGATTACATCGCCCTGAACGAGGACCTGCGCTCCTGGACCGCCGCGGACACCGCGGCTCAGATCACCCAGCGCAAGTGGGAGGCGGCCCGTGAGGCGGAGCAGCGGAGAGCCTACCTGGAGGGCACGTGCGTGGAGTGGCTCCGCAGATACCTGGAGAACGGGAAGGAGACGCTGCAGCGCGCGG
C*01:26,GCTCCCACTCCATGAAGTATTTCTTCACATCCGTGTCCCGGCCTGGCCGCGGAGAGCCCCGCTTCATCTCAGTGGGCTACGTGGACGACACGCAGTTCGTGCGGTTCGACAGCGACGCCGCGAGTCCGAGAGGGGAGCCGCGGGCGCCGTGGGTGGAGCAGGAGGGGCCGCAGTATTGGGACCGGGAGACACAGAAGTACAAGCGCCAGGCACAGACTGACCGAGTGAGCCTGCGGAACCTGCGCGGCTACTACAACCAGAGCGAGGCCG,GGTCTCACACCCTCCAGTGGATGTGTGGCTGCGACCTGGGGCCCGACGGGCGCCTCCTCCGCGGGTATGACCAGTACGCCTACGACGGCAAGGATTACATCGCCCTGAACGAGGACCTGCGCTCCTGGACCGCCGCGGACACCGCGGCTCAGATCACCCAGCGCAAGTGGGAGGCGGCCCGTGAGGCGGAGCAGCGGAGAGCCTACCTGGAGGGCACGTGCGTGGAGTGGCTCCGCAGATACCTGGAGAACGGGAAGGAGACGCTGCAGCGCGCGG
C*01:27,GCTCCCACTCCATGAAGTATTTCTTCACATCCGTGTCCCGGCCTGGCCGCGGAGAGCCCCGCTTCATCTCAGTGGGCTACGTGGACGACACGCAGTTCGTGCGGTTCGACAGCGACGCCGCGAGTCCGAGAGGGGAGCCGCGGGCGCCGTGGGTGGAGCAGGAGGGGCCGGAGTATTGGGACCGGGAGACACAGAAGTACAAGCGCCAGGCACAGACTGACCGAGTGAGCCTGCGGAACCTGCGCGGCTACTACAACCAGAGCGAGGCCG,GGTCTCACACCCTCCAGTGGATGTGTGGCTGCGACCTGGGGCCCGACGGGCGCCTCCTCCGCGGGTATGACCAGTACGCCTACTACGGCAAGGATTACATCGCCCTGAACGAGGACCTGCGCTCCTGGACCGCCGCGGACACCGCGGCTCAGATCACCCAGCGCAAGTGGGAGGCGGCCCGTGAGGCGGAGCAGCGGAGAGCCTACCTGGAGGGCACGTGCGTGGAGTGGCTCCGCAGATACCTGGAGAACGGGAAGGAGACGCTGCAGCGCGCGG
C*01:28,GCTCCCACTCCATGAAGTATTTCTTCACATCCGTGTCCCGGCCTGGCCGCGGAGAGCCCCGCTTCATCTCAGTGGGCTACGTGGACGACACGCAGTTCGTGCGGTTCGACAGCGACGCCGCGAGTCCGAGAGGGGAGCCGCGGGCGCCGTGGGTGGAGCAGGAGGGGCCGGAGTATTGGGACCGGGAGACACAGAAGTACAAGCGCCAGGCACAGACTGACCGAGTGAGCCTGCGGAACCTGCGCGGCTACTACAACCAGAGCGAGGCCG,GGTCTCACACCCTCCAGTGGATGTGTGGCTGCGACCTGGGGCCCGACGGGCGCCTCCTCCGCGGGTATGACCAGTACGCCTACGACGGCAAGGATTACATCGCCCTGAACGAGGACCTGCGCTCCTGGACCGCCGCGGACACCGCGGCTCAGATCACCCAGCGCAAGTGGGAGGCGGCCCGTGAGGTGGAGCAGCGGAGAGCCTACCTGGAGGGCACGTGCGTGGAGTGGCTCCGCAGATACCTGGAGAACGGGAAGGAGACGCTGCAGCGCGCGG
C*01:29,GCTCCCACTCCATGAAGTATTTCTTCACATCCGTGTCCCGGCCTGGCCGCGGAGAGCCCCGCTTCATCTCAGTGGGCTACGTGGACGACACGCAGTTCGTGCGGTTCGACAGCGACGCCGCGAGTCCGAGAGGGGAGCCGCGGGCGCCGTGGGTGGAGCAGGAGGGGCCGGAGTATTGGGACCGGGAGACACAGAAGTACAAGCGCCAGGCACAGACTGACCGAGTGAGCCTGCGGAACCTGCGCGGCTACTACAACCAGAGCGAGGCCG,GGTCTCACACCCTCCAGTGGATGTGTGGCTGCGACCTGGGGCCCGACGGGCGCCTCCTCCGCGGGTATGACCAGTACGCCTACGACGGCAAGGATTACATCGCCCTGAACGAGGACCTGCGCTCCTGGACCGCCGCGGACACCGCGGCTCAGATCACCCAGCGCAAGTGGGAGGCGGCCCGTGAGGCGGAGCAGCGGAGAGCCTACCTGGAGGGCACGTGCGTGGAGTGTCTCCGCAGATACCTGGAGAACGGGAAGGAGACGCTGCAGCGCGCGG
C*01:30,GCTCCCACTCCATGAAGTATTTCTTCACATCCGTGTCCCGGCCTGGCCGCGGAGAGCCCCGCTTCATCTCAGTGGGCTACGTGGACGACACGCAGTTCGTGCGGTTCGACAGCGACGCCGCGAGTCCGAGAGGGGAGCCGCGGGCGCCGTGGGTGGAGCAGGAGGGGCCGGAGTATTGGGACCGGGAGACACAGAAGTACAAGCGCCAGGCACAGACTGACCGAGTGAGCCTGCGGAACCTGCGCGGCTACTACAACCAGAGCGAGGCCG,GGTCTCACACCCTCCAGTGGATGTGTGGCTGCGACCTGGGGCCCGACGGGCGCCTCCTCCGCGGGTATGACCAGTACGCCTACGACGGCAAGGATTACATCGCCCTGAACGAGGACCTGCGCTCCTGGACCGCCGCGGACACCGCGGCTCAGATCACCCAGCGCAAGTGGGAGGCGGCCCGTGAGGCGGAGCAGCGGAGAGCCTACCTGGAGGGCACGTGCGTGGAGTGGCTCCGCAGACACCTGGAGAACGGGAAGGAGACGCTGCAGCGCGCGG
C*01:31,GCTCCCACTCCATGAAGTATTTCTTCACATCCGTGTCCCGGCCTGGCCGCGGAGAGCCCCGCTTCATCTCAGTGGGCTACGTGGACGACACGCAGTTCGTGCGGTTCGACAGCGACGCCGCGAGTCCGAGAGGGGAGCCGCGGGCGCCGTGGGTGGAGCAGGAGGGGCCGGAGTATTGGGACCGGGAGACACAGAAGTACAAGCGCCAGGCACAGACTGACCGAGTGAGCCTGCGGAACCTGCGCGGCTACTACAACCAGAGCGAGGCCG,GGTCTCACACCCTCCAGTGGATGTGTGGCTGCGACCTGGGGCCCGACGGGCGCCTCCTCCGCGGGTATGACCAGTACGCCTACGACGGCAAGGATTACATCGCCCTGAACGAGGACCTGCGCTCCTGGACCGCCGCGGACACCGCGGCTCAGATCACCCAGCGCAAGTGGGAGGCGGCCCGTGAGGCGGAGCAGCGGAGAGCCTACCTGGAGGGCATGTGCGTGGAGTGGCTCCGCAGATACCTGGAGAACGGGAAGGAGACGCTGCAGCGCGCGG
C*01:32,GCTCCCACTCCATGAAGTATTTCTTCACATCCGTGTCCCGGCCTGGCCGCGGAGAGCCCCGCTTCATCTCAGTGGGCTACGTGGACGACACGCAGTTCGTGCGGTTCGACAGCGACGCCGCGAGTCCGAGAGGGGAGCCGCGGGCGCCGTGGGTGGAGCAGGAGGGGCCGGAGTATTGGGACCGGGAGACACAGAAGTACAAGCGCCAGGCACAGACTGACCGAGTGAGCCTGCGGAACCTGCGCGGCTACTACAACCAGAGCGAGGCCG,GGTCTCACACCCTCCAGTGGATGTGTGGCTGCGACCTGGGGCCCGACGGGCGCCTCCTCCGCGGGTATGACCAGTACGCCTACGACGGCAAGGATTACATCGCCCTGAACGAGGACCTGAGCTCCTGGACCGCCGCGGACACCGCGGCTCAGATCACCCAGCGCAAGTGGGAGGCGGCCCGTGAGGCGGAGCAGCGGAGAGCCTACCTGGAGGGCACGTGCGTGGAGTGGCTCCGCAGATACCTGGAGAACGGGAAGGAGACGCTGCAGCGCGCGG
C*01:33,GCTCCCACTCCATGAAGTATTTCTTCACATCCGTGTCCCGGCCTGGCCGCGGAGAGCCCCGCTTCATCTCAGTGGGCTACGTGGACGACACGCAGTTCATGCGGTTCGACAGCGACGCCGCGAGTCCGAGAGGGGAGCCGCGGGCGCCGTGGGTGGAGCAGGAGGGGCCGGAGTATTGGGACCGGGAGACACAGAAGTACAAGCGCCAGGCACAGACTGACCGAGTGAGCCTGCGGAACCTGCGCGGCTACTACAACCAGAGCGAGGCCG,GGTCTCACACCCTCCAGTGGATGTGTGGCTGCGACCTGGGGCCCGACGGGCGCCTCCTCCGCGGGTATGACCAGTACGCCTACGACGGCAAGGATTACATCGCCCTGAACGAGGACCTGCGCTCCTGGACCGCCGCGGACACCGCGGCTCAGATCACCCAGCGCAAGTGGGAGGCGGCCCGTGAGGCGGAGCAGCGGAGAGCCTACCTGGAGGGCACGTGCGTGGAGTGGCTCCGCAGATACCTGGAGAACGGGAAGGAGACGCTGCAGCGCGCGG
C*01:34,GCTCCCACTCCATGAAGTATTTCTTCACATCCGTGTCCCGGCCTGGCCGCGGAGAGCCCCGCTTCATCTCAGTGGGCTACGTGGACGACACGCAGTTCGTGCGGTTCGACAGCGACGCCGCGAGTCCGAGAGGGGAGCCGCGGGCGCCGTGGGTGGAGCAGGAGGGGCCGGAGTATTGGGACCGGGAGACACAGAAGTACAAGCGCCAGGCACAGACTGACCGAGTGAGCCTGCGGAACCTGCGCGGCTACTACAACCAGAGCGAGGCCG,GGTCTCACACCCTCCAGTGGATGTATGGCTGCGACCTGGGGCCCGACGGGCGCCTCCTCCGCGGGTATAACCAGTTCGCCTACGACGGCAAGGATTACATCGCCCTGAATGAGGACCTGCGCTCCTGGACCGCCGCGGACACCGCGGCTCAGATCACCCAGCGCAAGTGGGAGGCGGCCCGTGAGGCGGAGCAGCGGAGAGCCTACCTGGAGGGCACGTGCGTGGAGTGGCTCCGCAGATACCTGGAGAACGGGAAGGAGACGCTGCAGCGCGCGG
C*01:35,GCTCCCACTCCATGAAGTATTTCTTCACATCCGTGTCCCGGCCTGGCCGCGGAGAGCCCCGCTTCATCTCAGTGGGCTACGTGGACGACACGCAGTTCGTGCGGTTCGACAGCGACGCCGCGAGTCCGAGAGGGGAGCCGCGGGCGCCGTGGGTGGAGCAGGAGGGGCCGGAGTATTGGGACCGGGAGACACAGAAGTACAAGCGCCAGGCACAGACTGACCGAGTGAGCCTGCGGAACCTGCGCGGCTACTACAACCAGAGCGAGGCCG,GGTCTCACACCCTCCAGTGGATGTGTGGCTGCGACCTGGGGCCCGACGGGCGCCTCCTCCGCGGGTATGACCAGTACGCCTACGACGGCAAGGATTACATCGCCCTGAACGAGGACCTGCGCTCCTGGACCGCCGCGGACACCGCGGCTCAGATCACCCAGCGCAAGTGGGAGGCGGCCCGTGAGGCGGAGCAGCTGAGAGCCTACCTGGAGGGCCTGTGCGTGGAGTGGCTCCGCAGATACCTGGAGAACGGGAAGGAGACGCTGCAGCGCGCGG
C*01:36,GCTCCCACTCCATGAAGTATTTCTTCACATCCGTGTCCCGGCCTGGCCGCGGAGAGCCCCGCTTCATCTCAGTGGGCTACGTGGACGACACGCAGTTCGTGCGGTTCGACAGCGACGCCGCGAGTCCGAGAGGGGAGCCGCGGGCGCCGTGGGTGGAGCAGGAGGGGCCGGAGTATTGGGACCGGGAGACACAGAAGTACAAGCGCCAGGCACAGACTGACCGAGTGAGCCTGCGGAACCTGCGCGGCTACTACAACCAGAGCGAGGCCG,GGTCTCACACCCTCCAGAGGATGTTTGGCTGCGACCTGGGGCCCGACGGGCGCCTCCTCCGCGGGTATGACCAGTACGCCTACGACGGCAAGGATTACATCGCCCTGAACGAGGACCTGCGCTCCTGGACCGCCGCGGACACCGCGGCTCAGATCACCCAGCGCAAGTGGGAGGCGGCCCGTGAGGCGGAGCAGCGGAGAGCCTACCTGGAGGGCACGTGCGTGGAGTGGCTCCGCAGATACCTGGAGAACGGGAAGGAGACGCTGCAGCGCGCGG
C*01:37N,GCTCCCACTCCATGAAGTATTTCTTCACATCCGTGTCCCGGCCTGGCCGCGGAGAGCCCCGCTTCATCTCAGTGGGCTACGTGGACGACACGCAGTTCGTGCGGTTCGACAGCGACGCCGCGAGTCCGAGAGGGGAGCCGCGGGCGCCGTGGGTGGAGCAGGAGGGGCCGGAGTATTGGGACCGGGAGACACAGAAGTACAAGCGCCAGGCACAGACTGACCGAGTGAGCCTGCGGAACCTGCGCGGCTACTACAACCAGAGCGAGGCCG,GGTCTCACACCCTCCAGTGAATGTGTGGCTGCGACCTGGGGCCCGACGGGCGCCTCCTCCGCGGGTATGACCAGTACGCCTACGACGGCAAGGATTACATCGCCCTGAACGAGGACCTGCGCTCCTGGACCGCCGCGGACACCGCGGCTCAGATCACCCAGCGCAAGTGGGAGGCGGCCCGTGAGGCGGAGCAGCGGAGAGCCTACCTGGAGGGCACGTGCGTGGAGTGGCTCCGCAGATACCTGGAGAACGGGAAGGAGACGCTGCAGCGCGCGG
C*01:38,GCTCCCACTCCATGAAGTATTTCTTCACATCCGTGTCCCGGCCTGGCCGCGGAGAGCCCCGCTTCATCTCAGTGGGCTACGTGGACGACACGCAGTTCGTGCGGTTCGACAGCGACGCCGCGAGTCCGAGAGGGGAGCCGCGGGCGCCGTGGGTGGAGCAGGAGGGGCCGGAGTATTGGGACCGGGAGACACAGAAGTACAAGCGCCAGGCACAGACTGACCGAGTGAGCCTGCGGAACCTGCGCGGCTACTACAACCAGAGCGAGGCCG,GGTCTCACACCCTCCAGTGGATGTGTGGCTGCGACCTGGGGCCCGACGGGCGCCTCCTCCGCGGGTATGACCAGTACGCCTACGACAGCAAGGATTACATCGCCCTGAACGAGGACCTGCGCTCCTGGACCGCCGCGGACACCGCGGCTCAGATCACCCAGCGCAAGTGGGAGGCGGCCCGTGAGGCGGAGCAGCGGAGAGCCTACCTGGAGGGCACGTGCGTGGAGTGGCTCCGCAGATACCTGGAGAACGGGAAGGAGACGCTGCAGCGCGCGG
C*01:39,GCTCCCACTCCATGAAGTATTTCTTCATATCCGTGTCCCGGCCTGGCCGCGGAGAGCCCCGCTTCATCTCAGTGGGCTACGTGGACGACACGCAGTTCGTGCGGTTCGACAGCGACGCCGCGAGTCCGAGAGGGGAGCCGCGGGCGCCGTGGGTGGAGCAGGAGGGGCCGGAGTATTGGGACCGGGAGACACAGAAGTACAAGCGCCAGGCACAGACTGACCGAGTGAGCCTGCGGAACCTGCGCGGCTACTACAACCAGAGCGAGGCCG,GGTCTCACACCCTCCAGTGGATGTGTGGCTGCGACCTGGGGCCCGACGGGCGCCTCCTCCGCGGGTATGACCAGTACGCCTACGACGGCAAGGATTACATCGCCCTGAACGAGGACCTGCGCTCCTGGACCGCCGCGGACACCGCGGCTCAGATCACCCAGCGCAAGTGGGAGGCGGCCCGTGAGGCGGAGCAGCGGAGAGCCTACCTGGAGGGCACGTGCGTGGAGTGGCTCCGCAGATACCTGGAGAACGGGAAGGAGACGCTGCAGCGCGCGG
C*01:40,CCTCCCACTCCATGAAGTATTTCTTCACATCCGTGTCCCGGCCTGGCCGCGGAGAGCCCCGCTTCATCTCAGTGGGCTACGTGGACGACACGCAGTTCGTGCGGTTCGACAGCGACGCCGCGAGTCCGAGAGGGGAGCCGCGGGCGCCGTGGGTGGAGCAGGAGGGGCCGGAGTATTGGGACCGGGAGACACAGAAGTACAAGCGCCAGGCACAGACTGACCGAGTGAGCCTGCGGAACCTGCGCGGCTACTACAACCAGAGCGAGGCCG,GGTCTCACACCCTCCAGTGGATGTGTGGCTGCGACCTGGGGCCCGACGGGCGCCTCCTCCGCGGGTATGACCAGTACGCCTACGACGGCAAGGATTACATCGCCCTGAACGAGGACCTGCGCTCCTGGACCGCCGCGGACACCGCGGCTCAGATCACCCAGCGCAAGTGGGAGGCGGCCCGTGAGGCGGAGCAGCGGAGAGCCTACCTGGAGGGCACGTGCGTGGAGTGGCTCCGCAGATACCTGGAGAACGGGAAGGAGACGCTGCAGCGCGCGG
C*01:41,GCTCCCACTCCATGAAGTATTTCTTCACATCCGTGTCCCGGCCTGGCCGCGGAGAGCCCCGCTTCATCTCAGTGGGCTACGTGGACGACACGCAGTCCGTGCGGTTCGACAGCGACGCCGCGAGTCCGAGAGGGGAGCCGCGGGCGCCGTGGGTGGAGCAGGAGGGGCCGGAGTATTGGGACCGGGAGACACAGAAGTACAAGCGCCAGGCACAGACTGACCGAGTGAGCCTGCGGAACCTGCGCGGCTACTACAACCAGAGCGAGGCCG,GGTCTCACACCCTCCAGTGGATGTGTGGCTGCGACCTGGGGCCCGACGGGCGCCTCCTCCGCGGGTATGACCAGTACGCCTACGACGGCAAGGATTACATCGCCCTGAACGAGGACCTGCGCTCCTGGACCGCCGCGGACACCGCGGCTCAGATCACCCAGCGCAAGTGGGAGGCGGCCCGTGAGGCGGAGCAGCGGAGAGCCTACCTGGAGGGCACGTGCGTGGAGTGGCTCCGCAGATACCTGGAGAACGGGAAGGAGACGCTGCAGCGCGCGG
C*01:42,GCTCCCACTCCATGAAGTATTTCTTCACATCCGTGTCCCGGCCTGGCCGCGGAGAGCCCCGCTTCATCTCAGTGGGCTACGTGGACGACATGCAGTTCGTGCGGTTCGACAGCGACGCCGCGAGTCCGAGAGGGGAGCCGCGGGCGCCGTGGGTGGAGCAGGAGGGGCCGGAGTATTGGGACCGGGAGACACAGAAGTACAAGCGCCAGGCACAGACTGACCGAGTGAGCCTGCGGAACCTGCGCGGCTACTACAACCAGAGCGAGGCCG,GGTCTCACACCCTCCAGTGGATGTGTGGCTGCGACCTGGGGCCCGACGGGCGCCTCCTCCGCGGGTATGACCAGTACGCCTACGACGGCAAGGATTACATCGCCCTGAACGAGGACCTGCGCTCCTGGACCGCCGCGGACACCGCGGCTCAGATCACCCAGCGCAAGTGGGAGGCGGCCCGTGAGGCGGAGCAGCGGAGAGCCTACCTGGAGGGCACGTGCGTGGAGTGGCTCCGCAGATACCTGGAGAACGGGAAGGAGACGCTGCAGCGCGCGG
C*01:43,GCTCCCACTCCATGAAGTATTTCTTCACATCCGTGTCCCGGCCTGGCCGCGGAGAGCCCCGCTTCATCTCAGTGGGCTACGTGGACGACACGCAGTTCGTGCAGTTCGACAGCGACGCCGCGAGTCCGAGAGGGGAGCCGCGGGCGCCGTGGGTGGAGCAGGAGGGGCCGGAGTATTGGGACCGGGAGACACAGAAGTACAAGCGCCAGGCACAGACTGACCGAGTGAGCCTGCGGAACCTGCGCGGCTACTACAACCAGAGCGAGGCCG,GGTCTCACACCCTCCAGTGGATGTGTGGCTGCGACCTGGGGCCCGACGGGCGCCTCCTCCGCGGGTATGACCAGTACGCCTACGACGGCAAGGATTACATCGCCCTGAACGAGGACCTGCGCTCCTGGACCGCCGCGGACACCGCGGCTCAGATCACCCAGCGCAAGTGGGAGGCGGCCCGTGAGGCGGAGCAGCGGAGAGCCTACCTGGAGGGCACGTGCGTGGAGTGGCTCCGCAGATACCTGGAGAACGGGAAGGAGACGCTGCAGCGCGCGG
C*01:45,GCTCCCACTCCATGAAGTATTTCTTCACATCCGTGTCCCGGCCTGGCCGCGGAGAGCCCCGCTTCATCTCAGTGGGCTACGTGGACGACACGCAGTTCGTGCGGTTCGACAGCGACGCCGCGAGTCCGAGAGGGGAGCCGCGGGCGCCGTGGGTGGAGCAGGAGGGGCCGGAGTATTGGGACCGGGAGACACAGAAGTACAAGCGCCAGGCACAGACTGACCGAGTGAGCCTGCGGAACCTGCGCGGCTACTACAACCAGAGCGAGGCCG,GGTCTCACACCCTCCAGTGGATGTGTGGCTGCGACCTGGGGCCCGACGGGCGCCTCCTCCGCGGGTATGACCAGTACGCCTACGACGGCAAGGATTACATCGCCCTGAACGAGGACCTGCGCTCCTGGACCGCCGCGGACACCGCGGCTCAGATCACCCAGCGCAAGTGGGAGGCGGCCCGTGAGGCGGAGCAGCGGAGAGCCTACCTGGAGGGCACGTGCGTGGAGTGGCTCCGCAGATACCTGGAGAACGGGAAGCAGACGCTGCAGCGCGCGG
C*01:46,GCTCCCACTCCATGAAGTATTTCTTCACATCCGTGTCCCGGCCTGGCCGCGGAGAGCCCCGCTTCATCTCAGTGGGCTACGTGGACGACACGCAGTTCGTGCGGTTCGACAGCGACGCCGCGAGTCCGAGAGGGGAGCCGCGGGCGCCGTGGGTGGAGCAGGAGGGGCCGGAGTATTGGGACCGGGAGACACAGAAGTACAAGCGCCAGGCACAGACTGACCGAGTGAGCCTGCGGAACCTGTGCGGCTACTACAACCAGAGCGAGGCCG,GGTCTCACACCCTCCAGTGGATGTGTGGCTGCGACCTGGGGCCCGACGGGCGCCTCCTCCGCGGGTATGACCAGTACGCCTACGACGGCAAGGATTACATCGCCCTGAACGAGGACCTGCGCTCCTGGACCGCCGCGGACACCGCGGCTCAGATCACCCAGCGCAAGTGGGAGGCGGCCCGTGAGGCGGAGCAGCGGAGAGCCTACCTGGAGGGCACGTGCGTGGAGTGGCTCCGCAGATACCTGGAGAACGGGAAGGAGACGCTGCAGCGCGCGG
C*01:47,GCTCCCACTCCATGAAGTATTTCTTCACATCCGTGTCCCGGCCTGGCCGCGGAGAGCCCCGCTTCATCTCAGTGGGCTACGTGGACGACACGCAGTTCGTGCGGTTCGACAGCGACGCCGCGAGTCCGAGAGGGGAGCCGCGGGCGCCGTGGGTGGAGCAGGAGGGGCCGGAGTATTGGGACCGGGAGACACAGAAGTACAAGCGCCAGGCACAGACTGACCGAGTGAGCCTGCAGAACCTGCGCGGCTACTACAACCAGAGCGAGGCCG,GGTCTCACACCCTCCAGTGGATGTGTGGCTGCGACCTGGGGCCCGACGGGCGCCTCCTCCGCGGGTATGACCAGTACGCCTACGACGGCAAGGATTACATCGCCCTGAACGAGGACCTGCGCTCCTGGACCGCCGCGGACACCGCGGCTCAGATCACCCAGCGCAAGTGGGAGGCGGCCCGTGAGGCGGAGCAGCGGAGAGCCTACCTGGAGGGCACGTGCGTGGAGTGGCTCCGCAGATACCTGGAGAACGGGAAGGAGACGCTGCAGCGCGCGG
C*01:48,GCTCCCACTCCATGAAGTATTTCTTCACATCCGTGTCCCGGCCTGGCCGCGGAGAGCCCCACTTCATCTCAGTGGGCTACGTGGACGACACGCAGTTCGTGCGGTTCGACAGCGACGCCGCGAGTCCGAGAGGGGAGCCGCGGGCGCCGTGGGTGGAGCAGGAGGGGCCGGAGTATTGGGACCGGGAGACACAGAAGTACAAGCGCCAGGCACAGACTGACCGAGTGAGCCTGCGGAACCTGCGCGGCTACTACAACCAGAGCGAGGCCG,GGTCTCACACCCTCCAGTGGATGTGTGGCTGCGACCTGGGGCCCGACGGGCGCCTCCTCCGCGGGTATGACCAGTACGCCTACGACGGCAAGGATTACATCGCCCTGAACGAGGACCTGCGCTCCTGGACCGCCGCGGACACCGCGGCTCAGATCACCCAGCGCAAGTGGGAGGCGGCCCGTGAGGCGGAGCAGCGGAGAGCCTACCTGGAGGGCACGTGCGTGGAGTGGCTCCGCAGATACCTGGAGAACGGGAAGGAGACGCTGCAGCGCGCGG
C*01:49,GCTCCCACTCCATGAAGTATTTCTTCACATCCGTGTCCCGGCCTGGCCGCGGAGAGCCCCGCTTCATCTCAGTGGGCTACGTGGACGACACGCAGTTCGTGCGGTTCGACAGCGACGCCGCGAGTCCGAGAGGGGAGCCGCGGGCGCCGTGGGTGGAGCAGGAGGGGCCGGAGTATTGGGACCGGGAGACACAGAAGTACAAGCGCCAGGCACAGACTGACCGAGTGAGCCTGCGGAACCTGCGCGGCTACTACAACCAGAGCGAGGCCG,GGTCTCACATCATCCAGAGGATGTACGGCTGCGACCTGGGGCCCGACGGGCGCCTCCTCCGCGGGTATGACCAGTACGCCTACGACGGCAAGGATTACATCGCCCTGAACGAGGACCTGCGCTCCTGGACCGCCGCGGACACCGCGGCTCAGATCACCCAGCGCAAGTGGGAGGCGGCCCGTGAGGCGGAGCAGCGGAGAGCCTACCTGGAGGGCACGTGCGTGGAGTGGCTCCGCAGATACCTGGAGAACGGGAAGGAGACGCTGCAGCGCGCGG
C*01:50,GCTCCCACTCCATGAAGTATTTCTTCACATCCGTGTCCCGGCCTGGCCGCGGAGAGCCCCGCTTCATCTCAGTGGGCTACGTGGACGACACGCAGTTCGTGCGGTTCGACAGCGACGCCGCGAGTCCGAGAGGGGAGCCGCGGGCGCCGTGGGTGGAGCAGGAGGGGCCGGAGTATTGGGACCGGGAGACACAGAAGTACAAGCGCCAGGCACAGACTGACCGAGTGAGCCTGCGGAACCTGCGCGGCTACTACAACCAGAGCGAGGCCG,GGTCTCACATCATCCAGAGGATGTATGGCTGCGACGTGGGGCCCGACGGGCGCCTCCTCCGCGGGTATGACCAGTACGCCTACGACGGCAAGGATTACATCGCCCTGAACGAGGACCTGCGCTCCTGGACCGCCGCGGACACCGCGGCTCAGATCACCCAGCGCAAGTGGGAGGCGGCCCGTGAGGCGGAGCAGCGGAGAGCCTACCTGGAGGGCACGTGCGTGGAGTGGCTCCGCAGATACCTGGAGAACGGGAAGGAGACGCTGCAGCGCGCGG
C*01:51,GCTCCCACTCCATGAAGTATTTCTTCACATCCGTGTCCCGGCCTGGCCGCGGAGAGCCCCGCTTCATCTCAGTGGGCTACGTGGACGACACGCAGTTCGTGCGGTTCGACAGCGACGCCGCGAGTCCGAGAGGGGAGCCGCGGGCGCCGTGGGTGGAGCAGGAGGGGCCGGAGTATTGGGACCGGGAGACACAGAAGTACAAGCGCCAGGCACAGACTGACCGAGTGAGCCTGCGGAACCTGCGCGGCTACTACAACCAGAGCGAGGCCA,GGTCTCACACCCTCCAGTGGATGTGTGGCTGCGACCTGGGGCCCGACGGGCGCCTCCTCCGCGGGTATGACCAGTACGCCTACGACGGCAAGGATTACATCGCCCTGAACGAGGACCTGCGCTCCTGGACCGCCGCGGACACCGCGGCTCAGATCACCCAGCGCAAGTGGGAGGCGGCCCGTGAGGCGGAGCAGCGGAGAGCCTACCTGGAGGGCACGTGCGTGGAGTGGCTCCGCAGATACCTGGAGAACGGGAAGGAGACGCTGCAGCGCGCGG
C*01:52,GCTCCCACTCCATGAAGTATTTCTTCACATCCGTGTCCCGGCCTGGCCGCGGAGAGCCCCGCTTCATCTCAGTGGGCTACGTGGACGACACGCAGTTCGTGCGGTTCGACAGCGACGCCGCGAGTCCGAGAGGGGAGCCGCGGGCGCCGTGGGTGGAGCAGGAGGGGCCGGAGTATTGGGACCGGGAGACACAGAAGTACAAGCGCCAGGCACAGACTGACCGAGTGAGCCTGCGGAACCTGCGCGGCTACTACAACCAGAGCGAGGCCG,GGTCTCACACCCTCCAGTGGATGTGTGGCTGCGACCTGGGGCCCGACGGGCGCCTCCTCCGCGGGTATGACCAGTACGCCTACGACGGCAAGGATTACATCGCCCTGAACGAGGACCTGCGCTCCTGGACCGCCGCGGACACCGTGGCTCAGATCACCCAGCGCAAGTGGGAGGCGGCCCGTGAGGCGGAGCAGCGGAGAGCCTACCTGGAGGGCACGTGCGTGGAGTGGCTCCGCAGATACCTGGAGAACGGGAAGGAGACGCTGCAGCGCGCGG
C*01:53,GCTCCCACTCCATGAAGTATTTCTTCACATCCGTGTCCCGGCCTGGCCGCGGAGAGCCCCGCTTCATCTCAGTGGGCTACGTGGACGACACGCAGTTCGTGCGGTTCGACAGCGACGCCGCGAGTCCGAGAGGGGAGCCGCGGGCGCCGTGGGTGGAGCAGGAGGGGCCGGAGTATTGGGACCGGGAGACACAGAAGTACAAGCGCCAGGCACAGACTGACCGAGTGAGCCTGCGGAACCTGCGCGGCTACTACAACCAGAGCGAGGCCG,GGTCTCACACCCTCCAGTGGATGTGTGGCTGCGACCTGGGGCCCGACGGGCGCCTCCTCCGCGGGTATGACCAGTACGCCTGCGACGGCAAGGATTACATCGCCCTGAACGAGGACCTGCGCTCCTGGACCGCCGCGGACACCGCGGCTCAGATCACCCAGCGCAAGTGGGAGGCGGCCCGTGAGGCGGAGCAGCGGAGAGCCTACCTGGAGGGCACGTGCGTGGAGTGGCTCCGCAGATACCTGGAGAACGGGAAGGAGACGCTGCAGCGCGCGG
C*01:54,GCTCCCACTCCATGAAGTATTTCTTCACATCCGTGTCCCGGCCTGGCCGCGGAGAGCCCCGCTTCATCTCAGTGGGCTACGTGGACGACACGCAGTTCGTGCGGTTCGACAGCGACGCCGCGAGTCCGAGAGGGGAGCCGCGGGCGCCGTGGGTGGAGCAGGAGGGGCCGGAGTATTGGGACCGGGAGACACAGAAGTACAAGCGCCAGGCACAGACTGACCGAGTGAGCCTGCGGAACCTGCGCGGCTACTACAACCAGAGCGAGGCCG,GGTCTCACACCCTCCAGTGGATGTGTGGCTGCGACCTGGGGCCCGACGGGCGCCTCCTCCGCGGGTATGACCAGTCCGCCTACGACGGCAAGGATTACATCGCCCTGAACGAGGACCTGCGCTCCTGGACCGCCGCGGACACCGCGGCTCAGATCACCCAGCGCAAGTGGGAGGCGGCCCGTGAGGCGGAGCAGCGGAGAGCCTACCTGGAGGGCACGTGCGTGGAGTGGCTCCGCAGATACCTGGAGAACGGGAAGGAGACGCTGCAGCGCGCGG
C*01:55,GCTCCCACTCCATGAAGTATTTCTTCACATCCGTGTCCCGGCCTGGCCGCGGAGAGCCCCGCTTCATCTCAGTGGGCTACGTGGACGACACGCAGTTCGTGCGGTTCGACAGCGACGCCGCGAGTCCGAGAGGGGAGCCGCGGGCGCCGTGGGTGGAGCAGGAGGGGCCGGAGTATTGGGACCGGGAGACACAGAAGTACAAGCGCCAGGCACAGACTGACCGAGTGAGCCTGCGGAACCTGCGCGGCTACTACAACCAGAGCGAGGCCG,GGTCTCACACCCTCCAGAGGATGTTTGGCTGCGACCTGGGGCCGGACGGGCGCCTCCTCCGCGGGTATAACCAGTTCGCCTACGACGGCAAGGATTACATCGCCCTGAACGAGGACCTGCGCTCCTGGACCGCCGCGGACACCGCGGCTCAGATCACCCAGCGCAAGTGGGAGGCGGCCCGTGAGGCGGAGCAGCGGAGAGCCTACCTGGAGGGCACGTGCGTGGAGTGGCTCCGCAGATACCTGGAGAACGGGAAGGAGACGCTGCAGCGCGCGG
C*01:56N,GCTCCCACTCCATGAAGTATTTCTTCACATCCGTGTCCCGGCCTGGCCGCGGAGAGCCCCGCTTCATCTCAGTGGGCTACGTGGACGACACGCAGTTCGTGCGGTTCGACAGCGACGCCGCGAGTCCGAGAGGGGAGCCGCGGGCGCCGTGGGTGGAGCAGGAGGGGCCGGAGTATTGGGACCGGGAGACACAGAAGTACAAGCGCCAGGCACAGACTGACCGAGTGAGCCTGCGGAACCTGCGCGGCTACTACAACTAGAGCGAGGCCG,GGTCTCACACCCTCCAGTGGATGTGTGGCTGCGACCTGGGGCCCGACGGGCGCCTCCTCCGCGGGTATGACCAGTACGCCTACGACGGCAAGGATTACATCGCCCTGAACGAGGACCTGCGCTCCTGGACCGCCGCGGACACCGCGGCTCAGATCACCCAGCGCAAGTGGGAGGCGGCCCGTGAGGCGGAGCAGCGGAGAGCCTACCTGGAGGGCACGTGCGTGGAGTGGCTCCGCAGATACCTGGAGAACGGGAAGGAGACGCTGCAGCGCGCGG
C*01:57,GCTCCCACTCCATGAAGTATTTCTTCACATCCGTGTCCCGGCCTGGCCGCGGAGAGCCCCGCTTCATCTCAGTGGGCTACGTGGACGACACGCAGTTCGTGCGGTTCGACAGCGACGCCGCGAGTCCGAGAGGGGAGCCGCGGGCGCCGTGGGTGGAGCAGGAGGGGCCGGAGTATTGGGACCGGGAGACACAGAAGTACAAGCGCCAGGCACAGACTGACCCAGTGAGCCTGCGGAACCTGCGCGGCTACTACAACCAGAGCGAGGCCG,GGTCTCACACCCTCCAGTGGATGTGTGGCTGCGACCTGGGGCCCGACGGGCGCCTCCTCCGCGGGTATGACCAGTACGCCTACGACGGCAAGGATTACATCGCCCTGAACGAGGACCTGCGCTCCTGGACCGCCGCGGACACCGCGGCTCAGATCACCCAGCGCAAGTGGGAGGCGGCCCGTGAGGCGGAGCAGCGGAGAGCCTACCTGGAGGGCACGTGCGTGGAGTGGCTCCGCAGATACCTGGAGAACGGGAAGGAGACGCTGCAGCGCGCGG
C*01:58,GCTCCCACTCCATGAAGTATTTCTTCACATCCGTGTCCCGGCCTGGCCGCGGAGAGCCCCGCTTCATCTCAGTGGGCTACGTGGACGACACGCAGTTCGTGCGGTTCGACAGCGACGCCGCGAGTCCGAGAGGGGAGCCGCGGGCGCCGTGGGTGGAGCAGGAGGGGCCGGAGTATTGGGACCGGGAGACACAGAAGTACAAGCGCCAGGCACAGACTGACCGAGTGAGCCTGCGGAACCTGCGCGGCTACTACAACCAGAGCGAGGACG,GGTCTCACACCCTCCAGTGGATGTGTGGCTGCGACCTGGGGCCCGACGGGCGCCTCCTCCGCGGGTATGACCAGTACGCCTACGACGGCAAGGATTACATCGCCCTGAACGAGGACCTGCGCTCCTGGACCGCCGCGGACACCGCGGCTCAGATCACCCAGCGCAAGTGGGAGGCGGCCCGTGAGGCGGAGCAGCGGAGAGCCTACCTGGAGGGCACGTGCGTGGAGTGGCTCCGCAGATACCTGGAGAACGGGAAGGAGACGCTGCAGCGCGCGG
C*01:59,GCTCCCACTCCATGAAGTATTTCTTCACATCCGTGTCCCGGCCTGGCCGCGGAGAGCCCCGCTTCATCTCAGTGGGCTACGTGGACGACACGCAGTTCGTGCGGTTCGACAGCGACGCCGCGAGTCCGAGAGGGGAGCCGCGGGCGCCGTGGGTGGAGCAGGAGGGGCCGGAGTATTGGGACCGGGAGACACAGAAGTACAAGCGCCAGGCACAGACTGACCGAGTGAACCTGCGGAACCTGCGCGGCTACTACAACCAGAGCGAGGCCG,GGTCTCACACCCTCCAGTGGATGTGTGGCTGCGACCTGGGGCCCGACGGGCGCCTCCTCCGCGGGTATGACCAGTACGCCTACGACGGCAAGGATTACATCGCCCTGAACGAGGACCTGCGCTCCTGGACCGCCGCGGACACCGCGGCTCAGATCACCCAGCGCAAGTGGGAGGCGGCCCGTGAGGCGGAGCAGCGGAGAGCCTACCTGGAGGGCACGTGCGTGGAGTGGCTCCGCAGATACCTGGAGAACGGGAAGGAGACGCTGCAGCGCGCGG
C*01:60,GCTCCCACTCCATGAAGTATTTCTTCACATCCGTGTCCCGGCCTGGCCGCGGAGAGCCCCGCTTCATCTCAGTGGGCTACGTGGACGACACGCAGTTCGTGCGGTTCGACAGCGACGCCGCGAGTCCGAGAGGGGAGCCGCGGGCGCCGTGGGTGGAGCAGGAGGGGCCGGAGTATTGGGACCGGGAGACACAGAAGTACAAGCGCCAGGCACAGACTGACCGAGTGAGCCTGCGGAACCTGCGCGGCTACTACAACCAGAGCGAGGCCG,GGTCTCACACCCTCCAGTGGATGTGTGGCTGCGACCTGGGGCCCGACGGGCGCCTCCTCCGCGGGTATGACCAGTACGCCTACGACGGCAAGGATTACATCGCCCTGAACGAGGACCTGCGCTCCTGGACCGCCGCGGACACCGCGGCTCAGATCACCCAGCGCAAGTTGGAGGCGGCCCGTGAGGCGGAGCAGCGGAGAGCCTACCTGGAGGGCACGTGCGTGGAGTGGCTCCGCAGATACCTGGAGAACGGGAAGGAGACGCTGCAGCGCGCGG
C*01:61,GCTCCCACTCCATGAAGTATTTCTTCACATCCGTGTCCCGGCCTGGCCGCGGAGAGCCCCGCTTCATCTCAGTGGGCTACGTGGACGACACGCAGTTCGTGCGGTTCGACAGCGACGCCGCGAGTCCGAGAGGGGAGCCGCGGGCGCCGTGGGTGGAGCAGGAGGGGCCGGAGTATTGGGACCGGGAGACACAGAAGTACAAGCGCCAGGCACAGACTGACCGAGTGAGACTGCGGAACCTGCGCGGCTACTACAACCAGAGCGAGGCCG,GGTCTCACACCCTCCAGTGGATGTGTGGCTGCGACCTGGGGCCCGACGGGCGCCTCCTCCGCGGGTATGACCAGTACGCCTACGACGGCAAGGATTACATCGCCCTGAACGAGGACCTGCGCTCCTGGACCGCCGCGGACACCGCGGCTCAGATCACCCAGCGCAAGTGGGAGGCGGCCCGTGAGGCGGAGCAGCGGAGAGCCTACCTGGAGGGCACGTGCGTGGAGTGGCTCCGCAGATACCTGGAGAACGGGAAGGAGACGCTGCAGCGCGCGG
C*01:62,GCTCCCACTCCATGAAGTATTTCTTCACATCCGTGTCCCGGCCTGGCCGCGCAGAGCCCCGCTTCATCTCAGTGGGCTACGTGGACGACACGCAGTTCGTGCGGTTCGACAGCGACGCCGCGAGTCCGAGAGGGGAGCCGCGGGCGCCGTGGGTGGAGCAGGAGGGGCCGGAGTATTGGGACCGGGAGACACAGAAGTACAAGCGCCAGGCACAGACTGACCGAGTGAGCCTGCGGAACCTGCGCGGCTACTACAACCAGAGCGAGGCCG,GGTCTCACACCCTCCAGTGGATGTGTGGCTGCGACCTGGGGCCCGACGGGCGCCTCCTCCGCGGGTATGACCAGTACGCCTACGACGGCAAGGATTACATCGCCCTGAACGAGGACCTGCGCTCCTGGACCGCCGCGGACACCGCGGCTCAGATCACCCAGCGCAAGTGGGAGGCGGCCCGTGAGGCGGAGCAGCGGAGAGCCTACCTGGAGGGCACGTGCGTGGAGTGGCTCCGCAGATACCTGGAGAACGGGAAGGAGACGCTGCAGCGCGCGG
C*01:63,GCTCCCACTCCATGAAGTATTTCTTCACATCCGTGTCCCGGCCTGGCCGCGGAGAGCCCCGCTTCATCTCAGTGGGCTACGTGGACGACACGCAGTTCGTGCGGTTCGACAGCGACGCCGCGAGTCCGAGAGGGGAGCCGCGGGCGCCGTGGGTGGAGCAGGAGGGGCCGGAGTATTGGGACCGGGAGACACAGAAGTACAAGCGCCAGGCACAGACTGACCGAGTGAGCCTGCGGAACCTGCGCGGCTACTACAACCAGAGCGAGGCCG,GGTCTCACACCCTCCAGTGGATGTGTGGCTGCGACCTGGGGCCCGACGGGCGCCTCCTCCGCGGGTATGACCAGTACGCCTACGAGGGCAAGGATTACATCGCCCTGAACGAGGACCTGCGCTCCTGGACCGCCGCGGACACCGCGGCTCAGATCACCCAGCGCAAGTGGGAGGCGGCCCGTGAGGCGGAGCAGCGGAGAGCCTACCTGGAGGGCACGTGCGTGGAGTGGCTCCGCAGATACCTGGAGAACGGGAAGGAGACGCTGCAGCGCGCGG
C*01:64,GCTCCCACTCCATGAAGTATTTCTTCACATCCGTGTCCCGGCCTGGCCGCGGAGAGCCCCGCTTCATCGCAGTGGGCTACGTGGACGACACGCAGTTCGTGCGGTTCGACAGCGACGCCGCGAGTCCGAGAGGGGAGCCGCGGGCGCCGTGGGTGGAGCAGGAGGGGCCGGAGTATTGGGACCGGGAGACACAGAAGTACAAGCGCCAGGCACAGACTGACCGAGTGAGCCTGCGGAACCTGCGCGGCTACTACAACCAGAGCGAGGCCG,GGTCTCACACCCTCCAGTGGATGTGTGGCTGCGACCTGGGGCCCGACGGGCGCCTCCTCCGCGGGTATGACCAGTACGCCTACGACGGCAAGGATTACATCGCCCTGAACGAGGACCTGCGCTCCTGGACCGCCGCGGACACCGCGGCTCAGATCACCCAGCGCAAGTGGGAGGCGGCCCGTGAGGCGGAGCAGCGGAGAGCCTACCTGGAGGGCACGTGCGTGGAGTGGCTCCGCAGATACCTGGAGAACGGGAAGGAGACGCTGCAGCGCGCGG
C*01:65,GCTCCCACTCCATGAAGTATTTCTTCACATCCGTGTCCCGGCCTGGCCGCGGAGAGCCCCGCTTCATCTCAGTGGGCTACGTGGACGACACGCAGTTCGTGCGGTTCGACAGCGACGCCGCGAGTCCGAGAGGGGAGCCGCGGGCGCCGTGGGTGGAGCAGGAGGGGCCGGAGTATTGGGACCGGGAGACACAGAAGTACAAGCGCCAGGCACAGACTGACCGAGTGAGCCTGCGGAACCTGCGCGGCTACTACAACCAGAGCGAGGCCG,GGTCTCACACCCTCCAGTGGATGTGTGGCTGCGACCTGGGGCCCGACGGGCGCCTCCTCCGCGGGTATGACCAGTACGCCTACGACGGCAAGGATTACATCGCCCTGAACGAGGACCTGCGCTCCTGGACCGCCGCGGACACCGCGGCTCAGATCACCCAGCGCAAGTGGGAGGCGGCCCGTGAGGCGGAGCAGCGGAGAGCCTACCTGGAGGGCACGTGCGTGGAGTGGCTCCGCAGATACCTGAAGAATGGGAAGGAGACGCTGCAGCGCGCGG
C*01:66,GCTCCCACTCCATGAAGTATTTCTTCACATCCGTGTCCCGGCCTGGCCGCGGAGAGCCCCGCTTCATCTCAGTGGGCTACGTGGACGACACGCAGTTCGTGCGGTTCGACAGCGACGCCGCGAGTCCGAGAGGGGAGCCGCGGGCGCCGTGGGTGGAGCAGGAGGGGCCGGAGTATTGGGACCGGGAGACACAGAAGTACAAGCGCCAGGCACAGACTGACCGAGTGAGCCTGCGGAACCTGCGCGGCTACTACAACCAGAGCGAGGCCG,GGTCTCACACCCTCCAGTGGATGTGTGGCTGCGACCTGGGGCCCGACGGGCGCCTCCTCCGCGGGTATGACCAGTACGCCTACGACGGCAAGGATTACATCGCCCTGAACGAGGACCTGCGCTCCTGGACCGCCGCGGACACCGCGGCTAAGATCACCCAGCGCAAGTGGGAGGCGGCCCGTGAGGCGGAGCAGCGGAGAGCCTACCTGGAGGGCACGTGCGTGGAGTGGCTCCGCAGATACCTGGAGAACGGGAAGGAGACGCTGCAGCGCGCGG
C*01:67,GCTCCCACTCCATGAGGTATTTCTTCACATCCGTGTCCCGGCCTGGCCGCGGAGAGCCCCGCTTCATCTCAGTGGGCTACGTGGACGACACGCAGTTCGTGCGGTTCGACAGCGACGCCGCGAGTCCGAGAGGGGAGCCGCGGGCGCCGTGGGTGGAGCAGGAGGGGCCGGAGTATTGGGACCGGGAGACACAGAAGTACAAGCGCCAGGCACAGACTGACCGAGTGAGCCTGCGGAACCTGCGCGGCTACTACAACCAGAGCGAGGCCG,GGTCTCACACCCTCCAGTGGATGTGTGGCTGCGACCTGGGGCCCGACGGGCGCCTCCTCCGCGGGTATGACCAGTACGCCTACGACGGCAAGGATTACATCGCCCTGAACGAGGACCTGCGCTCCTGGACCGCCGCGGACACCGCGGCTCAGATCACCCAGCGCAAGTGGGAGGCGGCCCGTGAGGCGGAGCAGCGGAGAGCCTACCTGGAGGGCACGTGCGTGGAGTGGCTCCGCAGATACCTGGAGAACGGGAAGGAGACGCTGCAGCGCGCGG
C*01:68,GCTCCCACTCCATGAAGTATTTCTTCACATCCGTGTCCCGGCCTGGCCGCGGAGAGCCCCGCTTCATCTCAGTGGGCTACGTGGACGACACGCAGTTCGTGCGGTTCGACAGCGACGCCGCGAGTCCGAGAGGGGAGCCGCGGGCGCCGTGGGTGGAGCAGGAGGGGCCGGAGTATTGGGACCGGGAGACACAGAAGTACAAGCGCCAGGCACAGACTGACCGAGTGAGCCTGCGGAACCTGCGCGGCTACTACAACCAGAGCGAGGCCG,GGTCTCACACCCTCCAGTGGATGTGTGGCTGCGACCTGGGGCCCGACGGGCGCCTCCTCCGCGGGTATGACCAGTACGCCTACGACGGCAAGGATTACATCGCCCTGAACGAGGACCTGCGCTCCTGGACCGCCGCGGACACCGCGGCTCAGATCACCCAGCGCAACTGGGAGGCGGCCCGTGAGGCGGAGCAGCGGAGAGCCTACCTGGAGGGCACGTGCGTGGAGTGGCTCCGCAGATACCTGGAGAACGGGAAGGAGACGCTGCAGCGCGCGG
C*01:69N,GCTCCCACTCCATGAAGTATTTCTTCACATCCGTGTCCCGGCCTGGCCGCGGAGAGCCCCGCTTCATCTCAGTGGGCTACGTGGACGACACGCAGTTCGTGCGGTTCGACAGCGACGCCGCGAGTCCGAGAGGGGAGCCGCGGGCGCCGTGGGTGGAGCAGGAGGGGCCGGAGTATTGGGACCGGGAGACACAGAAGTACAAGCGCCAGGCACAGACTGACTGAGTGAGCCTGCGGAACCTGCGCGGCTACTACAACCAGAGCGAGGCCG,GGTCTCACACCCTCCAGTGGATGTGTGGCTGCGACCTGGGGCCCGACGGGCGCCTCCTCCGCGGGTATGACCAGTACGCCTACGACGGCAAGGATTACATCGCCCTGAACGAGGACCTGCGCTCCTGGACCGCCGCGGACACCGCGGCTCAGATCACCCAGCGCAAGTGGGAGGCGGCCCGTGAGGCGGAGCAGCGGAGAGCCTACCTGGAGGGCACGTGCGTGGAGTGGCTCCGCAGATACCTGGAGAACGGGAAGGAGACGCTGCAGCGCGCGG
C*01:70,GCTCCCACTCCATGAAGTATTTCTTCACATCCGTGTCCCGGCCTGGCCGCGGAGAGCCCCGCTTCATCTCAGTGGGCTACGTGGACGACACGCAGTTCGTGCGGTTCGACAGCGACGCCGCGAGTCCGAGAGGGGAGCCGCGGGCGCCGTGGGTGGAGCAGGAGGGGCCGGAGTATTGGGACCGGGAGACACAGAAGTACAAGCGCCAGGCACAGACTGACCGAGTGAGCCTGCGGAACCTGCGCCGCTACTACAACCAGAGCGAGGCCG,GGTCTCACACCCTCCAGTGGATGTGTGGCTGCGACCTGGGGCCCGACGGGCGCCTCCTCCGCGGGTATGACCAGTACGCCTACGACGGCAAGGATTACATCGCCCTGAACGAGGACCTGCGCTCCTGGACCGCCGCGGACACCGCGGCTCAGATCACCCAGCGCAAGTGGGAGGCGGCCCGTGAGGCGGAGCAGCGGAGAGCCTACCTGGAGGGCACGTGCGTGGAGTGGCTCCGCAGATACCTGGAGAACGGGAAGGAGACGCTGCAGCGCGCGG
C*01:71,GCTCCCACTCCATGAAGTATTTCTTCACATCCGTGTCCCGGCCTGGCCGCGGAGAGCCCCGCTTCATCTCAGTGGGCTACGTGGACGACACGCAGTTCGTGCGGTTCGACAGCGACGCCGCGAGTCCGAGAGGGGAGCCGCGGGCGCCGTGGGTGGAGCAGGAGGGGCCGGAGTATTGGGACCGGGAGACACAGAAGTACAAGCGCCAGGCACAGACTGACCGAGTGAGCCTGCGGAACCTGCGCGGCTACTACAACCAGAGCGAGGCCG,GGTCTCACACCCTCCAGTGGATGTGTGGCTGCGACCTGGGGCCCGACGGGCGCCTCCTCCTCGGGTATGACCAGTACGCCTACGACGGCAAGGATTACATCGCCCTGAACGAGGACCTGCGCTCCTGGACCGCCGCGGACACCGCGGCTCAGATCACCCAGCGCAAGTGGGAGGCGGCCCGTGAGGCGGAGCAGCGGAGAGCCTACCTGGAGGGCACGTGCGTGGAGTGGCTCCGCAGATACCTGGAGAACGGGAAGGAGACGCTGCAGCGCGCGG
C*01:72,GCTCCCACTCCATGAAGTATTTCTTCACATCCGTGTCCCGGCCTGGCCGCGGAGAGCCCCGCTTCATCTCAGTGGGCTACGTGGACGACACGCAGTTCGTGCGGTTCGACAGCGACGCCGCGAGTCCGAGAGGGGAGCCGCGGGCGCCGTGGGTGGAGCAGGAGGGGCCGGAGTATTGGGACCGGGAGACACAGAAGTACAAGCGCCGGGCACAGACTGACCGAGTGAGCCTGCGGAACCTGCGCGGCTACTACAACCAGAGCGAGGCCG,GGTCTCACACCCTCCAGTGGATGTGTGGCTGCGACCTGGGGCCCGACGGGCGCCTCCTCCGCGGGTATGACCAGTACGCCTACGACGGCAAGGATTACATCGCCCTGAACGAGGACCTGCGCTCCTGGACCGCCGCGGACACCGCGGCTCAGATCACCCAGCGCAAGTGGGAGGCGGCCCGTGAGGCGGAGCAGCGGAGAGCCTACCTGGAGGGCACGTGCGTGGAGTGGCTCCGCAGATACCTGGAGAACGGGAAGGAGACGCTGCAGCGCGCGG
C*01:73,GCTCCCACTCCATGAAGTATTTCTTCACATCCGTGTCCCGGCCTGGCCGCGGAGAGCCCCGCTTCATCTCAGTGGGCTACGTGGACGACACCCAGTTCGTGAGGTTCGACAGCGACGCCGCGAGTCCGAGGATGGCGCCCCGGGCGCCATGGATAGAGCAGGAGGGGCCGGAGTATTGGGACCGGGAGACACAGAAGTACAAGCGCCAGGCACAGACTGACCGAGTGAGCCTGCGGAACCTGCGCGGCTACTACAACCAGAGCGAGGCCG,GGTCTCACACCCTCCAGTGGATGTGTGGCTGCGACCTGGGGCCCGACGGGCGCCTCCTCCGCGGGTATGACCAGTACGCCTACGACGGCAAGGATTACATCGCCCTGAACGAGGACCTGCGCTCCTGGACCGCCGCGGACACCGCGGCTCAGATCACCCAGCGCAAGTGGGAGGCGGCCCGTGAGGCGGAGCAGCGGAGAGCCTACCTGGAGGGCACGTGCGTGGAGTGGCTCCGCAGATACCTGGAGAACGGGAAGGAGACGCTGCAGCGCGCGG
C*02:02:01,GCTCCCACTCCATGAGGTATTTCTACACCGCTGTGTCCCGGCCCAGCCGCGGAGAGCCCCACTTCATCGCAGTGGGCTACGTGGACGACACGCAGTTCGTGCGGTTCGACAGCGACGCCGCGAGTCCAAGAGGGGAGCCGCGGGCGCCGTGGGTGGAGCAGGAGGGGCCGGAGTATTGGGACCGGGAGACACAGAAGTACAAGCGCCAGGCACAGACTGACCGAGTGAACCTGCGGAAACTACGCGGCTACTACAACCAGAGCGAGGCCG,GGTCTCACACCCTCCAGAGGATGTACGGCTGCGACCTGGGGCCCGACGGGCGCCTCCTCCGCGGGTATGACCAGTCCGCCTACGACGGCAAGGATTACATCGCCCTGAACGAGGACCTGCGCTCCTGGACCGCCGCGGACACAGCGGCTCAGATCACCCAGCGCAAGTGGGAGGCGGCCCGTGAGGCGGAGCAGTGGAGAGCCTACCTGGAGGGCGAGTGCGTGGAGTGGCTCCGCAGATACCTGGAGAACGGGAAGGAGACGCTGCAGCGCGCGG
C*02:02:02G,GCTCCCACTCCATGAGGTATTTCTACACCGCTGTGTCCCGGCCCAGCCGCGGAGAGCCCCACTTCATCGCAGTGGGCTACGTGGACGACACGCAGTTCGTGCGGTTCGACAGCGACGCCGCGAGTCCAAGAGGGGAGCCGCGGGCGCCGTGGGTGGAGCAGGAGGGGCCGGAGTATTGGGACCGGGAGACACAGAAGTACAAGCGCCAGGCACAGACTGACCGAGTGAACCTGCGGAAACTGCGCGGCTACTACAACCAGAGCGAGGCCG,GGTCTCACACCCTCCAGAGGATGTACGGCTGCGACCTGGGGCCCGACGGGCGCCTCCTCCGCGGGTATGACCAGTCCGCCTACGACGGCAAGGATTACATCGCCCTGAACGAGGACCTGCGCTCCTGGACCGCCGCGGACACAGCGGCTCAGATCACCCAGCGCAAGTGGGAGGCGGCCCGTGAGGCGGAGCAGTGGAGAGCCTACCTGGAGGGCGAGTGCGTGGAGTGGCTCCGCAGATACCTGGAGAACGGGAAGGAGACGCTGCAGCGCGCGG
C*02:02:03,GCTCCCACTCCATGAGGTATTTCTACACCGCTGTGTCCCGGCCCAGCCGCGGAGAGCCCCACTTCATCGCAGTGGGCTACGTGGACGACACGCAGTTCGTGCGGTTCGACAGCGACGCCGCGAGTCCAAGAGGGGAGCCGCGGGCGCCGTGGGTGGAGCAGGAGGGGCCGGAGTATTGGGACCGGGAGACACAGAAGTACAAGCGCCAGGCACAGACTGACCGAGTGAACCTGCGGAAACTGCGCGGCTACTACAACCAGAGCGAGGCCG,GGTCTCACACCCTCCAGAGGATGTATGGCTGCGACCTGGGGCCCGACGGGCGCCTCCTCCGCGGGTATGACCAGTCCGCCTACGACGGCAAGGATTACATCGCCCTGAACGAGGACCTGCGCTCCTGGACCGCCGCGGACACAGCGGCTCAGATCACCCAGCGCAAGTGGGAGGCGGCCCGTGAGGCGGAGCAGTGGAGAGCCTACCTGGAGGGCGAGTGCGTGGAGTGGCTCCGCAGATACCTGGAGAACGGGAAGGAGACGCTGCAGCGCGCGG
C*02:02:05,GCTCCCACTCCATGAGGTATTTCTACACCGCTGTGTCCCGGCCCAGCCGCGGAGAGCCCCACTTCATCGCAGTGGGCTACGTGGACGACACGCAGTTCGTGCGGTTCGACAGCGACGCCGCGAGTCCAAGAGGGGAGCCGCGGGCGCCGTGGGTGGAGCAGGAGGGGCCGGAGTATTGGGACCGGGAGACACAGAAGTACAAGCGCCAGGCACAGACTGACCGAGTGAACCTGCGGAAACTGCGCGGCTACTACAACCAGAGCGAGGCCG,GGTCTCACACCCTCCAGAGGATGTATGGCTGCGACCTGGGGCCCGACGGGCGCCTCCTCCGCGGGTATGACCAGTCCGCCTACGACGGCAAGGATTACATCGCCCTGAACGAGGACCTGCGCTCCTGGACCGCCGCGGACACGGCGGCTCAGATCACCCAGCGCAAGTGGGAGGCGGCCCGTGAGGCGGAGCAGTGGAGAGCCTACCTGGAGGGCGAGTGCGTGGAGTGGCTCCGCAGATACCTGGAGAACGGGAAGGAGACGCTGCAGCGCGCGG
C*02:02:06,GCTCCCACTCCATGAGGTATTTCTACACCGCTGTGTCCCGGCCCAGCCGCGGAGAGCCCCACTTCATCGCAGTGGGCTACGTGGACGACACGCAGTTCGTGCGGTTCGACAGCGACGCCGCGAGTCCAAGAGGGGAGCCGCGGGCGCCGTGGGTGGAGCAGGAGGGGCCGGAGTATTGGGACCGGGAGACACAGAAGTACAAGCGCCAGGCACAGACTGACCGAGTGAACCTGCGGAAACTGCGCGGCTACTACAACCAGAGCGAGGCCG,GGTCTCACACCCTCCAGAGGATGTACGGCTGCGACCTGGGGCCCGACGGGCGCCTCCTCCGCGGGTATGACCAGTCTGCCTACGACGGCAAGGATTACATCGCCCTGAACGAGGACCTGCGCTCCTGGACCGCCGCGGACACAGCGGCTCAGATCACCCAGCGCAAGTGGGAGGCGGCCCGTGAGGCGGAGCAGTGGAGAGCCTACCTGGAGGGCGAGTGCGTGGAGTGGCTCCGCAGATACCTGGAGAACGGGAAGGAGACGCTGCAGCGCGCGG
C*02:02:07,GCTCCCACTCCATGAGGTATTTCTACACCGCTGTGTCCCGGCCCAGCCGCGGAGAGCCCCACTTCATCGCAGTGGGCTACGTGGACGACACGCAGTTCGTGCGGTTCGACAGCGACGCCGCGAGTCCAAGAGGGGAGCCGCGGGCGCCGTGGGTGGAGCAGGAGGGGCCGGAATATTGGGACCGGGAGACACAGAAGTACAAGCGCCAGGCACAGACTGACCGAGTGAACCTGCGGAAACTGCGCGGCTACTACAACCAGAGCGAGGCCG,GGTCTCACACCCTCCAGAGGATGTACGGCTGCGACCTGGGGCCCGACGGGCGCCTCCTCCGCGGGTATGACCAGTCCGCCTACGACGGCAAGGATTACATCGCCCTGAACGAGGACCTGCGCTCCTGGACCGCCGCGGACACAGCGGCTCAGATCACCCAGCGCAAGTGGGAGGCGGCCCGTGAGGCGGAGCAGTGGAGAGCCTACCTGGAGGGCGAGTGCGTGGAGTGGCTCCGCAGATACCTGGAGAACGGGAAGGAGACGCTGCAGCGCGCGG
C*02:02:08,GCTCCCACTCCATGAGGTATTTCTACACCGCTGTGTCCCGGCCCAGCCGCGGAGAGCCCCACTTCATCGCAGTGGGCTACGTGGACGACACGCAGTTCGTGCGGTTCGACAGCGACGCCGCGAGCCCAAGAGGGGAGCCGCGGGCGCCGTGGGTGGAGCAGGAGGGGCCGGAGTATTGGGACCGGGAGACACAGAAGTACAAGCGCCAGGCACAGACTGACCGAGTGAACCTGCGGAAACTGCGCGGCTACTACAACCAGAGCGAGGCCG,GGTCTCACACCCTCCAGAGGATGTACGGCTGCGACCTGGGGCCCGACGGGCGCCTCCTCCGCGGGTATGACCAGTCCGCCTACGACGGCAAGGATTACATCGCCCTGAACGAGGACCTGCGCTCCTGGACCGCCGCGGACACAGCGGCTCAGATCACCCAGCGCAAGTGGGAGGCGGCCCGTGAGGCGGAGCAGTGGAGAGCCTACCTGGAGGGCGAGTGCGTGGAGTGGCTCCGCAGATACCTGGAGAACGGGAAGGAGACGCTGCAGCGCGCGG
C*02:02:09,GCTCCCACTCCATGAGGTATTTCTACACCGCTGTGTCCCGGCCCAGCCGCGGAGAGCCCCACTTCATCGCAGTGGGCTACGTGGACGACACGCAGTTCGTGCGGTTCGACAGCGACGCCGCGAGTCCAAGAGGGGAGCCGCGGGCGCCGTGGGTGGAGCAGGAGGGGCCGGAGTATTGGGACCGGGAGACACAGAAGTACAAGCGCCAGGCACAGACTGACCGAGTGAACCTGCGGAAACTGCGCGGCTACTACAACCAGAGCGAGGCCG,GGTCTCACACTCTCCAGAGGATGTACGGCTGCGACCTGGGGCCCGACGGGCGCCTCCTCCGCGGGTATGACCAGTCCGCCTACGACGGCAAGGATTACATCGCCCTGAACGAGGACCTGCGCTCCTGGACCGCCGCGGACACAGCGGCTCAGATCACCCAGCGCAAGTGGGAGGCGGCCCGTGAGGCGGAGCAGTGGAGAGCCTACCTGGAGGGCGAGTGCGTGGAGTGGCTCCGCAGATACCTGGAGAACGGGAAGGAGACGCTGCAGCGCGCGG
C*02:02:10,GCTCCCACTCCATGAGGTATTTCTACACCGCTGTGTCCCGGCCCAGCCGCGGAGAGCCCCACTTCATCGCAGTGGGCTACGTGGACGACACGCAGTTCGTGCGGTTCGACAGCGACGCCGCGAGTCCAAGAGGGGAGCCGCGGGCGCCGTGGGTGGAGCAGGAGGGGCCGGAGTATTGGGACCGGGAGACACAGAAGTACAAGCGCCAGGCACAGACTGACCGAGTGAACCTGCGGAAACTGCGCGGCTACTACAACCAGAGCGAGGCCG,GGTCTCACACCCTCCAGAGGATGTACGGCTGCGACCTGGGTCCCGACGGGCGCCTCCTCCGCGGGTATGACCAGTCCGCCTACGACGGCAAGGATTACATCGCCCTGAACGAGGACCTGCGCTCCTGGACCGCCGCGGACACAGCGGCTCAGATCACCCAGCGCAAGTGGGAGGCGGCCCGTGAGGCGGAGCAGTGGAGAGCCTACCTGGAGGGCGAGTGCGTGGAGTGGCTCCGCAGATACCTGGAGAACGGGAAGGAGACGCTGCAGCGCGCGG
C*02:02:11,GCTCCCACTCCATGAGGTATTTCTACACCGCTGTGTCCCGGCCCAGCCGCGGAGAGCCCCACTTCATCGCAGTGGGCTACGTGGACGACACGCAGTTCGTGCGGTTCGACAGCGACGCCGCGAGTCCAAGAGGGGAGCCGCGGGCGCCGTGGGTGGAGCAGGAGGGGCCGGAGTATTGGGACCGGGAGACACAGAAGTACAAGCGCCAGGCACAGACTGACCGAGTGAACCTGCGGAAACTGCGCGGCTACTACAACCAGAGCGAGGCCG,GGTCTCACACCCTCCAGAGGATGTACGGCTGCGACCTGGGGCCGGACGGGCGCCTCCTCCGCGGGTATGACCAGTCCGCCTACGACGGCAAGGATTACATCGCCCTGAACGAGGACCTGCGCTCCTGGACCGCCGCGGACACAGCGGCTCAGATCACCCAGCGCAAGTGGGAGGCGGCCCGTGAGGCGGAGCAGTGGAGAGCCTACCTGGAGGGCGAGTGCGTGGAGTGGCTCCGCAGATACCTGGAGAACGGGAAGGAGACGCTGCAGCGCGCGG
C*02:02:12,GCTCCCACTCCATGAGGTATTTCTACACCGCTGTGTCCCGGCCCAGCCGCGGAGAGCCCCACTTCATCGCAGTGGGCTACGTGGACGACACGCAGTTCGTGCGGTTCGACAGCGACGCCGCGAGTCCAAGAGGGGAGCCGCGGGCGCCGTGGGTGGAGCAGGAGGGGCCGGAGTATTGGGACCGGGAGACACAGAAGTACAAGCGCCAGGCACAGACTGACCGAGTGAACTTGCGGAAACTGCGCGGCTACTACAACCAGAGCGAGGCCG,GGTCTCACACCCTCCAGAGGATGTACGGCTGCGACCTGGGGCCCGACGGGCGCCTCCTCCGCGGGTATGACCAGTCCGCCTACGACGGCAAGGATTACATCGCCCTGAACGAGGACCTGCGCTCCTGGACCGCCGCGGACACAGCGGCTCAGATCACCCAGCGCAAGTGGGAGGCGGCCCGTGAGGCGGAGCAGTGGAGAGCCTACCTGGAGGGCGAGTGCGTGGAGTGGCTCCGCAGATACCTGGAGAACGGGAAGGAGACGCTGCAGCGCGCGG
C*02:02:13,GCTCCCACTCCATGAGGTATTTCTACACCGCTGTGTCCCGGCCCAGCCGCGGAGAGCCCCACTTCATCGCAGTGGGCTACGTGGACGACACGCAGTTCGTGCGGTTCGACAGCGACGCCGCGAGTCCGAGAGGGGAGCCCCGGGCGCCGTGGGTGGAGCAGGAGGGGCCGGAGTATTGGGACCGGGAGACACAGAAGTACAAGCGCCAGGCACAGACTGACCGAGTGAACCTGCGGAAACTGCGCGGCTACTACAACCAGAGCGAGGCCG,GGTCTCACACCCTCCAGAGGATGTACGGCTGCGACCTGGGGCCCGACGGGCGCCTCCTCCGCGGGTATGACCAGTCCGCCTACGACGGCAAGGATTACATCGCCCTGAACGAGGACCTGCGCTCCTGGACCGCCGCGGACACGGCGGCTCAGATCACCCAGCGCAAGTGGGAGGCGGCCCGTGAGGCGGAGCAGTGGAGAGCCTACCTGGAGGGCGAGTGCGTGGAGTGGCTCCGCAGATACCTGGAGAACGGGAAGGAGACGCTGCAGCGCGCGG
C*02:02:14,GCTCCCACTCCATGAGGTATTTCTACACCGCTGTGTCCCGGCCCAGCCGCGGAGAGCCCCACTTCATCGCAGTGGGCTACGTGGACGACACGCAGTTCGTGCGGTTCGACAGCGACGCCGCGAGTCCAAGAGGGGAGCCGCGGGCGCCGTGGGTGGAGCAGGAGGGGCCGGAGTATTGGGACCGGGAGACACAGAAGTACAAGCGCCAGGCACAGACTGACCGAGTGAACCTGCGGAAACTGCGCGGCTACTACAACCAGAGCGAGGCCG,GGTCTCACACCCTCCAGAGGATGTACGGCTGCGACCTGGGGCCCGACGGGCGCCTCCTCCGCGGGTATGACCAGTCCGCCTACGACGGCAAGGATTACATCGCCCTGAACGAGGACCTGCGCTCCTGGACCGCCGCGGACACCGCGGCTCAGATCACCCAGCGCAAGTGGGAGGCGGCCCGTGAGGCGGAGCAGTGGAGAGCCTACCTGGAGGGCGAGTGCGTGGAGTGGCTCCGCAGATACCTGGAGAACGGGAAGGAGACGCTGCAGCGCGCGG
C*02:02:15,GCTCCCACTCCATGAGGTATTTCTACACCGCTGTGTCCCGGCCCAGCCGCGGAGAGCCCCACTTCATCGCAGTGGGCTACGTGGACGACACGCAGTTCGTGCGGTTCGACAGCGACGCCGCGAGTCCAAGAGGGGAGCCGCGGGCGCCGTGGGTGGAGCAGGAGGGGCCGGAGTATTGGGACCGGGAGACACAGAAGTACAAGCGCCAGGCACAGACTGACCGAGTGAACCTGCGGAAACTGCGCGGCTACTACAACCAGAGCGAGGCCG,GGTCTCACACCCTCCAGAGGATGTACGGCTGCGACCTGGGGCCCGACGGGCGCCTCCTCCGCGGGTATGACCAGTCCGCCTACGACGGCAAGGATTACATCGCCTTGAACGAGGACCTGCGCTCCTGGACCGCCGCGGACACAGCGGCTCAGATCACCCAGCGCAAGTGGGAGGCGGCCCGTGAGGCGGAGCAGTGGAGAGCCTACCTGGAGGGCGAGTGCGTGGAGTGGCTCCGCAGATACCTGGAGAACGGGAAGGAGACGCTGCAGCGCGCGG
C*02:02:16,GCTCCCACTCCATGAGGTATTTCTACACCGCTGTGTCCCGGCCCAGCCGCGGAGAGCCCCACTTCATCGCAGTGGGCTACGTGGACGACACGCAGTTCGTGCGGTTCGACAGCGACGCCGCGAGTCCAAGAGGGGAGCCGCGGGCGCCGTGGGTGGAGCAGGAGGGGCCGGAGTATTGGGACCGGGAGACACAGAAGTACAAGCGCCAGGCACAGACTGACCGAGTGAACCTGCGGAAACTGCGCGGCTACTACAACCAGAGCGAGGCCG,GGTCTCACACCCTCCAGAGGATGTACGGCTGCGACCTGGGGCCCGACGGGCGCCTCCTCCGCGGGTATGACCAGTCCGCCTACGACGGCAAGGATTACATCGCCCTGAACGAGGACCTGCGCTCCTGGACCGCCGCGGACACAGCGGCTCAGATCACCCAGCGCAAGTGGGAGGCGGCGCGTGAGGCGGAGCAGTGGAGAGCCTACCTGGAGGGCGAGTGCGTGGAGTGGCTCCGCAGATACCTGGAGAACGGGAAGGAGACGCTGCAGCGCGCGG
C*02:02:18,GCTCCCACTCCATGAGGTATTTCTACACCGCTGTGTCCCGGCCCAGCCGCGGAGAGCCCCACTTCATCGCAGTGGGCTACGTGGACGACACGCAGTTCGTGCGGTTCGACAGCGACGCCGCGAGTCCAAGAGGGGAGCCGCGGGCGCCGTGGGTGGAGCAGGAGGGGCCGGAGTATTGGGACCGGGAGACACAGAAGTACAAGCGCCAGGCACAGACTGACCGAGTGAACCTGCGGAAACTGCGCGGCTACTACAACCAGAGCGAGGCCG,GGTCTCACACCCTCCAGAGGATGTACGGCTGCGACCTGGGGCCCGACGGGCGCCTCCTCCGCGGGTATGACCAGTCCGCCTACGACGGCAAGGATTACATCGCCCTGAACGAGGACCTGCGCTCCTGGACCGCCGCGGACACAGCGGCTCAGATCACCCAGCGCAAGTGGGAGGCGGCCCGTGAGGCGGAGCAGTGGAGAGCCTACCTGGAGGGCGAGTGCGTGGAGTGGCTCCGCAGATACCTGGAGAACGGGAAGGAGACACTGCAGCGCGCGG
C*02:02:19,GCTCCCACTCCATGAGGTATTTCTACACCGCTGTGTCCCGGCCCAGCCGCGGAGAGCCCCACTTCATCGCAGTGGGCTACGTGGACGACACGCAGTTCGTGCGGTTCGACAGCGACGCCGCGAGTCCAAGAGGGGAGCCGCGGGCGCCGTGGGTGGAGCAGGAGGGGCCGGAGTATTGGGACCGGGAGACACAGAAGTACAAGCGCCAGGCACAGACTGACCGAGTGAACCTGCGGAAACTGCGCGGCTACTACAACCAGAGCGAGGCCG,GGTCTCACACCCTCCAGAGGATGTACGGCTGCGACCTGGGGCCCGACGGACGCCTCCTCCGCGGGTATGACCAGTCCGCCTACGACGGCAAGGATTACATCGCCCTGAACGAGGACCTGCGCTCCTGGACCGCCGCGGACACAGCGGCTCAGATCACCCAGCGCAAGTGGGAGGCGGCCCGTGAGGCGGAGCAGTGGAGAGCCTACCTGGAGGGCGAGTGCGTGGAGTGGCTCCGCAGATACCTGGAGAACGGGAAGGAGACGCTGCAGCGCGCGG
C*02:02:20,GCTCCCACTCCATGAGGTATTTCTACACCGCTGTGTCCCGGCCCAGCCGCGGAGAGCCCCACTTCATCGCAGTGGGCTACGTGGACGACACGCAGTTCGTGCGGTTCGACAGCGACGCCGCGAGTCCAAGAGGGGAACCGCGGGCGCCGTGGGTGGAGCAGGAGGGGCCGGAGTATTGGGACCGGGAGACACAGAAGTACAAGCGCCAGGCACAGACTGACCGAGTGAACCTGCGGAAACTGCGCGGCTACTACAACCAGAGCGAGGCCG,GGTCTCACACCCTCCAGAGGATGTACGGCTGCGACCTGGGGCCCGACGGGCGCCTCCTCCGCGGGTATGACCAGTCCGCCTACGACGGCAAGGATTACATCGCCCTGAACGAGGACCTGCGCTCCTGGACCGCCGCGGACACAGCGGCTCAGATCACCCAGCGCAAGTGGGAGGCGGCCCGTGAGGCGGAGCAGTGGAGAGCCTACCTGGAGGGCGAGTGCGTGGAGTGGCTCCGCAGATACCTGGAGAACGGGAAGGAGACGCTGCAGCGCGCGG
C*02:02:21,GCTCCCACTCCATGAGGTATTTCTACACCGCTGTGTCCCGGCCCAGCCGCGGAGAGCCCCACTTCATCGCAGTGGGCTACGTGGACGACACGCAGTTCGTGCGGTTCGACAGCGACGCCGCGAGTCCAAGAGGGGAGCCGCGGGCGCCGTGGGTGGAGCAGGAGGGGCCGGAGTATTGGGACCGGGAGACACAGAAGTACAAGCGCCAGGCACAGACTGACAGAGTGAACCTGCGGAAACTGCGCGGCTACTACAACCAGAGCGAGGCCG,GGTCTCACACCCTCCAGAGGATGTACGGCTGCGACCTGGGGCCCGACGGGCGCCTCCTCCGCGGGTATGACCAGTCCGCCTACGACGGCAAGGATTACATCGCCCTGAACGAGGACCTGCGCTCCTGGACCGCCGCGGACACAGCGGCTCAGATCACCCAGCGCAAGTGGGAGGCGGCCCGTGAGGCGGAGCAGTGGAGAGCCTACCTGGAGGGCGAGTGCGTGGAGTGGCTCCGCAGATACCTGGAGAACGGGAAGGAGACGCTGCAGCGCGCGG
C*02:02:22,GCTCCCACTCCATGAGGTATTTCTACACCGCTGTGTCCCGGCCCAGCCGCGGAGAGCCCCACTTCATCGCAGTGGGCTACGTGGACGACACGCAGTTCGTGCGGTTCGACAGCGACGCCGCGAGTCCAAGAGGGGAGCCGCGGGCGCCGTGGGTGGAGCAGGAGGGGCCGGAGTATTGGGACCGGGAGACACAGAAGTACAAGCGCCAGGCACAGACTGACCGAGTGAACCTGCGGAAACTGCGCGGCTACTACAACCAGAGCGAGGCCG,GGTCTCACACCCTCCAGAGGATGTACGGCTGCGACTTGGGGCCCGACGGGCGCCTCCTCCGCGGGTATGACCAGTCCGCCTACGACGGCAAGGATTACATCGCCCTGAACGAGGACCTGCGCTCCTGGACCGCCGCGGACACAGCGGCTCAGATCACCCAGCGCAAGTGGGAGGCGGCCCGTGAGGCGGAGCAGTGGAGAGCCTACCTGGAGGGCGAGTGCGTGGAGTGGCTCCGCAGATACCTGGAGAACGGGAAGGAGACGCTGCAGCGCGCGG
C*02:02:23,GCTCCCACTCCATGAGGTATTTCTACACCGCTGTGTCCCGGCCCAGCCGCGGAGAGCCCCACTTCATCGCAGTGGGCTACGTGGACGACACGCAGTTCGTGCGGTTCGACAGCGACGCCGCGAGTCCAAGAGGGGAGCCGCGGGCGCCGTGGGTGGAGCAGGAGGGGCCGGAGTATTGGGACCGGGAGACACAGAAGTACAAGCGCCAGGCACAGACTGACCGAGTGAACCTGCGGAAACTGCGCGGCTACTACAACCAGAGCGAGGCCG,GGTCTCACACCCTCCAGAGGATGTACGGCTGCGACCTGGGGCCCGACGGGCGCCTCCTCCGCGGGTATGACCAGTCCGCCTACGACGGCAAAGATTACATCGCCCTGAACGAGGACCTGCGCTCCTGGACCGCCGCGGACACAGCGGCTCAGATCACCCAGCGCAAGTGGGAGGCGGCCCGTGAGGCGGAGCAGTGGAGAGCCTACCTGGAGGGCGAGTGCGTGGAGTGGCTCCGCAGATACCTGGAGAACGGGAAGGAGACGCTGCAGCGCGCGG
C*02:02:24,GCTCCCACTCCATGAGGTATTTCTACACCGCTGTGTCCCGGCCCAGCCGCGGAGAGCCCCACTTCATCGCAGTGGGCTACGTGGACGACACGCAGTTCGTGCGGTTCGACAGCGACGCCGCGAGTCCAAGAGGGGAGCCGCGGGCGCCGTGGGTGGAGCAGGAGGGGCCGGAGTATTGGGACCGGGAGACACAGAAGTACAAGCGCCAGGCACAGACTGACCGAGTGAACCTGCGGAAACTGCGCGGCTACTACAACCAGAGCGAGGCCG,GGTCTCACACCCTCCAGAGGATGTACGGCTGCGACCTGGGGCCCGACGGGCGCCTCCTCCGCGGGTATGACCAGTCGGCCTACGACGGCAAGGATTACATCGCCCTGAACGAGGACCTGCGCTCCTGGACCGCCGCGGACACAGCGGCTCAGATCACCCAGCGCAAGTGGGAGGCGGCCCGTGAGGCGGAGCAGTGGAGAGCCTACCTGGAGGGCGAGTGCGTGGAGTGGCTCCGCAGATACCTGGAGAACGGGAAGGAGACGCTGCAGCGCGCGG
C*02:02:25,GCTCCCACTCCATGAGGTATTTCTACACCGCTGTGTCCCGGCCCAGCCGCGGAGAGCCCCACTTCATCGCAGTGGGCTACGTGGACGACACGCAGTTCGTGCGGTTCGACAGCGACGCCGCGAGTCCAAGAGGGGAGCCGCGGGCGCCGTGGGTGGAGCAGGAGGGGCCGGAGTATTGGGACCGGGAGACACAGAAGTACAAGCGCCAGGCACAGACTGACCGAGTGAACCTGCGGAAACTGCGCGGCTACTACAACCAGAGCGAGGCCG,GGTCTCACACCCTCCAGAGGATGTACGGCTGCGACCTGGGGCCCGACGGGCGCCTCCTCCGCGGGTATGACCAGTCCGCCTACGACGGCAAGGATTACATCGCCCTGAACGAGGACCTGCGCTCCTGGACCGCCGCGGACACAGCGGCTCAGATCACCCAGCGCAAGTGGGAGGCGGCCCGTGAGGCGGAGCAGTGGAGAGCCTACCTGGAGGGCGAGTGCGTGGAGTGGCTCCGCAGATACCTGGAGAATGGGAAGGAGACGCTGCAGCGCGCGG
C*02:03,GCTCCCACTCCATGAGGTATTTCTACACCGCTGTGTCCCGGCCCAGCCGCGGAGAGCCCCACTTCATCGCAGTGGGCTACGTGGACGACACGCAGTTCGTGCGGTTCGACAGCGACGCCGCGAGTCCAAGAGGGGAGCCGCGGGCGCCGTGGGTGGAGCAGGAGGGGCCGGAGTATTGGGACCGGGAGACACAGAAGTACAAGCGCCAGGCACAGACTGACCGAGTGAACCTGCGGAAACTGCGCGGCTACTACAACCAGAGCGAGGCCG,GGTCTCACACCCTCCAGAGGATGTACGGCTGCGACCTGGGGCCCGACGGGCGCCTCCTCCGCGGGTATGACCAGTCCGCCTACGACGGCAAGGATTACATCGCCCTGAACGAGGACCTGCGCTCCTGGACCGCCGCGGACACAGCGGCTCAGATCACCCAGCGCAAGTGGGAGGCGGCCCGTGTGGCGGAGCAGCTGAGAGCCTACCTGGAGGGCGAGTGCGTGGAGTGGCTCCGCAGATACCTGGAGAACGGGAAGGAGACGCTGCAGCGCGCGG
C*02:04,GCTCCCACTCCATGAGGTGTTTCTACACCGCTGTGTCCCGGCCCAGCCGCGGAGAGCCCCACTTCATCGCAGTGGGCTACGTGGACGACACGCAGTTCGTGCGGTTCGACAGCGACGCCGCGAGTCCAAGAGGGGAGCCGCGGGCGCCGTGGGTGGAGCAGGAGGGGCCGGAGTATTGGGACCGGGAGACACAGAAGTACAAGCGCCAGGCACAGACTGACCGAGTGAACCTGCGGAAACTGCGCGGCTACTACAACCAGAGCGAGGCCG,GGTCTCACACCCTCCAGAGGATGTACGGCTGCGACCTGGGGCCCGACGGGCGCCTCCTCCGCGGGTATGACCAGTCCGCCTACGACGGCAAGGATTACATCGCCCTGAACGAGGACCTGCGCTCCTGGACCGCCGCGGACACAGCGGCTCAGATCACCCAGCGCAAGTGGGAGGCGGCCCGTGAGGCGGAGCAGTGGAGAGCCTACCTGGAGGGCGAGTGCGTGGAGTGGCTCCGCAGATACCTGGAGAACGGGAAGGAGACGCTGCAGCGCGCGG
C*02:05,GCTCCCACTCCATGAGGTATTTCTACACCGCTGTGTCCCGGCCCAGCCGCGGAGAGCCCCACTTCATCGCAGTGGGCTACGTGGACGACACGCAGTTCGTGCGGTTCGACAGCGACGCCGCGAGTCCAAGAGGGGAGCCGCGGGCGCCGTGGGTGGAGCAGGAGGGGCCGGAGTATTGGGACCGGGAGACACAGAAGTACAAGCGCCAGGCACAGACTGACCGAGTGAACCTGCGGAAACTGCGCGGCTACTACAACCAGAGCGAGGCCG,GGTCTCACACCCTCCAGTGGATGTATGGCTGCGACCTGGGGCCCGACGGGCGCCTCCTCCGCGGGTATGACCAGTCCGCCTACGACGGCAAGGATTACATCGCCCTGAACGAGGACCTGCGCTCCTGGACCGCCGCGGACACGGCGGCTCAGATCACCCAGCGCAAGTGGGAGGCGGCCCGTGAGGCGGAGCAGTGGAGAGCCTACCTGGAGGGCGAGTGCGTGGAGTGGCTCCGCAGATACCTGGAGAACGGGAAGGAGACGCTGCAGCGCGCGG
C*02:06,GCTCCCACTCCATGAGGTATTTCTACACCGCTGTGTCCCGGCCCAGCCGCGGAGAGCCCCACTTCATCGCAGTGGGCTACGTGGACGACACGCAGTTCGTGCGGTTCGACAGCGACGCCGCGAGTCCAAGAGGGGAGCCGCGGGCGCCGTGGGTGGAGCAGGAGGGGCCGGAGTATTGGGACCGGGAGACACAGAAGTACAAGCGCCAGGCACAGACTGACCGAGTGAACCTGCGGAAACTGCGCGGCTACTACAACCAGAGCGAGGCCG,GGTCTCACACCCTCCAGAGGATGTACGGCTGCGACCTGGGGCCCGACGGGCGCCTCCTCCGCGGGCATGACCAGTTAGCCTACGACGGCAAGGATTACATCGCCCTGAACGAGGACCTGCGCTCCTGGACCGCCGCGGACACGGCGGCTCAGATCACCCAGCGCAAGTGGGAGGCGGCCCGTGAGGCGGAGCAGTGGAGAGCCTACCTGGAGGGCGAGTGCGTGGAGTGGCTCCGCAGATACCTGGAGAACGGGAAGGAGACGCTGCAGCGCGCGG
C*02:07,GCTCCCACTCCATGAGGTATTTCTACACCGCTGTGTCCCGGCCCAGCCGCGGAGAGCCCCACTTCATCGCAGTGGGCTACGTGGACGACACGCAGTTCGTGCGGTTCGACAGCGACGCCGCGAGTCCAAGAGGGGAGCCGCGGGCGCCGTGGGTGGAGCAGGAGGGGCCGGAGTATTGGGACCGGGAGACACAGAAGTACAAGCGCCAGGCACAGACTGACCGAGTGAACCTGCGGAAACTGCGCGGCTACTACAACCAGAGCGAGGCCG,GGTCTCACACCCTCCAGAGGATGTACGGCTGCGACCTGGGGCCCGACGGGCGCCTCCTCCGCGGGTACCACCAGGACGCCTACGACGGCAAGGATTACATCGCCCTGAACGAGGACCTGCGCTCCTGGACCGCCGCGGACACAGCGGCTCAGATCACCCAGCGCAAGTGGGAGGCGGCCCGTGAGGCGGAGCAGTGGAGAGCCTACCTGGAGGGCGAGTGCGTGGAGTGGCTCCGCAGATACCTGGAGAACGGGAAGGAGACGCTGCAGCGCGCGG
C*02:08,GCTCCCACTCCATGAGGTATTTCTACACCGCTGTGTCCCGGCCCAGCCGCGGAGAGCCCCGCTTCATCGCAGTGGGCTACGTGGACGACACGCAGTTCGTGCGGTTCGACAGCGACGCCGCGAGTCCAAGAGGGGAGCCGCGGGCGCCGTGGGTGGAGCAGGAGGGGCCGGAGTATTGGGACCGGGAGACACAGAAGTACAAGCGCCAGGCACAGACTGACCGAGTGAACCTGCGGAAACTGCGCGGCTACTACAACCAGAGCGAGGCCG,GGTCTCACACCCTCCAGAGGATGTACGGCTGCGACCTGGGGCCCGACGGGCGCCTCCTCCGCGGGTATGACCAGTCCGCCTACGACGGCAAGGATTACATCGCCCTGAACGAGGACCTGCGCTCCTGGACCGCCGCGGACACAGCGGCTCAGATCACCCAGCGCAAGTGGGAGGCGGCCCGTGAGGCGGAGCAGTGGAGAGCCTACCTGGAGGGCGAGTGCGTGGAGTGGCTCCGCAGATACCTGGAGAACGGGAAGGAGACGCTGCAGCGCGCGG
C*02:09,GCTCCCACTCCATGAGGTATTTCTACACCGCTGTGTCCCGGCCCAGCCGCGGAGAGCCCCACTTCATCGCAGTGGGCTACGTGGACGACACGCAGTTCGTGCGGTTCGACAGCGACGCCGCGAGTCCAAGAGGGGAGCCGCGGGCGCCGTGGGTGGAGCAGGAGGGGCCGGAGTATTGGGACCGGGAGACACAGAAGTACAAGCGCCAGGCACAGACTGACCGAGTGAACCTGCGGAAACTGCGCGGCTACTACAACCAGAGCGAGGCCG,GGTCTCACACCCTCCAGAGGATGTACGGCTGCGACCTGGGGCCCGACGGGCGCCTCCTCCGCGGGTATGACCAGTCCGCCTACGACGGCAAGGATTACATCGCCCTGAACGAGGACCTGCGCTCCTGGACCGCCGCGGACACAGCGGCTCAGATCACCCAGCGCAAGTGGGAGGCGGCCCGTGAGGCGGAGCAGTGGAGAGCCTACCTGGAGGGCGAGTGCGTGGAGTGGCTCCGCAGATACCTGGAGAACGGGAAGGAGACGCTGCAGTGCGCGG
C*02:10,GCTCCCACTCCATGAGGTATTTCTACACCGCTGTGTCCCGGCCCAGCCGCGGAGAGCCCCACTTCATCGCAGTGGGCTACGTGGACGACACGCAGTTCGTGCGGTTCGACAGCGACGCCGCGAGTCCAAGAGGGGAGCCGCGGGCGCCGTGGGTGGAGCAGGAGGGGCCGGAGTATTGGGACCGGGAGACACAGAAGTACAAGCGCCAGGCACAGACTGACCGAGTGAACCTGCGGAAACTGCGCGGCTACTACAACCAGAGCGAGGCCG,GGTCTCACACCCTCCAGAGGATGTACGGCTGCGACCTGGGGCCCGACGGGCGCCTCCTCCGCGGGTATGACCAGTCCGCCTACGACGGCAAGGATTACATCGCCCTGAACGAGGACCTGCGCTCCTGGACCGCCGCGGACACGGCGGCTCAGATCACCCAGCGCAAGTGGGAGGCGGCCCGTGAGGCGGAGCAGTGGAGAGCCTACCTGGAGGGCGAGTGCGTGGAGTGGCTCCGCAGATACCTGGAGAACGGGAAGGAGACGCTGCAGCGCGCGG
C*02:11,GCTCCCACTCCATGAGGTATTTCTACACCGCTGTGTCCCGGCCCAGCCGCGGAGAGCCCCACTTCATCGCAGTGGGCTACGTGGACGACACGCAGTTCGTGCGGTTCGACAGCGACGCCGCGAGTCCAAGAGGGGAGCCGCGGGCGCCGTGGGTGGAGCAGGAGGGGCCGGAGTATTGGGACCGGGAGACACAGAAGTACAAGCGCCAGGCACAGACTGACCGAGTGAACCTGCGGAAACTGCGCGGCTACTACAACCAGAGCGAGGCCG,GGTCTCACACCCTCCAGAGGATGTACGGCTGCGACCTGGGGCCCGACGGGCGCCTCCTCCGCGGGTATGACCAGTCCGCCTACGACGGCAAGGATTACATCGCCCAGAACGAGGACCTGCGCTCCTGGACCGCCGCGGACACAGCGGCTCAGATCACCCAGCGCAAGTGGGAGGCGGCCCGTGAGGCGGAGCAGTGGAGAGCCTACCTGGAGGGCGAGTGCGTGGAGTGGCTCCGCAGATACCTGGAGAACGGGAAGGAGACGCTGCAGCGCGCGG
C*02:12,GCTCCCACTCCATGAGGTATTTCTACACCGCTGTGTCCCGGCCCAGCCGCGGAGAGCCCCACTTCATCGCAGTGGGCTACGTGGACGACACGCAGTTCGTGCGGTTCGACAGCGACGCCGCGAGTCCAAGAGGGGAGCCGCGGGCGCCGTGGGTGGAGCAGGAGGGGCCGGAGTATTGGGACCGGGAGACACAGAAGTACAAGCGCCAGGCACAGGCTGACCGAGTGAGCCTGCGGAAACTGCGCGGCTACTACAACCAGAGCGAGGCCG,GGTCTCACACCCTCCAGAGGATGTACGGCTGCGACCTGGGGCCCGACGGGCGCCTCCTCCGCGGGTATGACCAGTCCGCCTACGACGGCAAGGATTACATCGCCCTGAACGAGGACCTGCGCTCCTGGACCGCCGCGGACACGGCGGCTCAGATCACCCAGCGCAAGTGGGAGGCGGCCCGTGAGGCGGAGCAGTGGAGAGCCTACCTGGAGGGCGAGTGCGTGGAGTGGCTCCGCAGATACCTGGAGAACGGGAAGGAGACGCTGCAGCGCGCGG
C*02:13,GCTCCCACTCCATGAGGTATTTCTACACCGCTGTGTCCCGGCCCAGCCGCGGAGAGCCCCACTTCATCGCAGTGGGCTACGTGGACGACACGCAGTTCGTGCGGTTCGACAGCGACGCCGCGAGTCCAAGAGGGGAGCCGCGGGCGCCGTGGGTGGAGCAGGAGGGGCCGGAGTATTGGGACCGGGAGACACAGAAGTACAAGCGCCAGGCACAGACTGACCGAGTGAACCTGCGGAAACTGCGCGGCTACTACAACCAGAGCGAGGCCG,GGTCTCACACCCTCCAGAGGATGTACGGCTGCGACCTGGGGCCCGACGGGCGCCTCCTCCGCGGGTATGACCAGTCCGCCTACGACGGCAAGGATTACATCGCCCTGAACGAGGACCTGCGCTCCTGGACCGCCGCGGACACAGCGGCTCAGATCACCCAGCGCAAGTGGGAGGCGGCCCGTGCGGCGGAGCAGTGGAGAGCCTACCTGGAGGGCGAGTGCGTGGAGTGGCTCCGCAGATACCTGGAGAACGGGAAGGAGACGCTGCAGCGCGCGG
C*02:14,GCTCCCACTCCATGAGGTATTTCGACACCGCTGTGTCCCGGCCCAGCCGCGGAGAGCCCCACTTCATCGCAGTGGGCTACGTGGACGACACGCAGTTCGTGCGGTTCGACAGCGACGCCGCGAGTCCAAGAGGGGAGCCGCGGGCGCCGTGGGTGGAGCAGGAGGGGCCGGAGTATTGGGACCGGGAGACACAGAAGTACAAGCGCCAGGCACAGACTGACCGAGTGAACCTGCGGAAACTGCGCGGCTACTACAACCAGAGCGAGGCCG,GGTCTCACACCCTCCAGAGGATGTACGGCTGCGACCTGGGGCCCGACGGGCGCCTCCTCCGCGGGTATGACCAGTCCGCCTACGACGGCAAGGATTACATCGCCCTGAACGAGGACCTGCGCTCCTGGACCGCCGCGGACACGGCGGCTCAGATCACCCAGCGCAAGTGGGAGGCGGCCCGTGAGGCGGAGCAGTGGAGAGCCTACCTGGAGGGCGAGTGCGTGGAGTGGCTCCGCAGATACCTGGAGAACGGGAAGGAGACGCTGCAGCGCGCGG
C*02:15,GCTCCCACTCCATGAGGTATTTCTACACCGCTGTGTCCCGGCCCAGCCGCGGAGAGCCCCACTTCATCGCAGTGGGCTACGTGGACGACACGCAGTTCGTGCGGTTCGACAGCGACGCCGCGAGTCCAAGAGGGGAGCCGCGGGCGCCGTGGGTGGAGCAGGAGGGGCCGGAGTATTGGGACCGGGAGACACAGAAGTACAAGCGCCAGGCACAGACTGACCGAGTGAACCTGCGGAAACTGCGCGGCTACTACAACCAGAGCGAGGCCG,GGTCTCACACCCTCCAGAGGATGTACGGCTGCGACCTGGGGCCCGACGGGCGCCTCCTCCGCGGGTATGACCAGTCCGCCTACGACGGCAAGGATTACATCGCCCTGAACGAGGACCTGCGCTCCTGGACCGCCGCGGACACAGCGGCTCAGATCACCCAGCGCAAGTGGGAGGTGGCCCGTGAGGCGGAGCAGTGGAGAGCCTACCTGGAGGGCGAGTGCGTGGAGTGGCTCCGCAGATACCTGGAGAACGGGAAGGAGACGCTGCAGCGCGCGG
C*02:16:01,GCTCCCACTCCATGAGGTATTTCTACACCGCTGTGTCCCGGCCCAGCCGCGGAGAGCCCCACTTCATCGCAGTGGGCTACGTGGACGACACGCAGTTCGTGCGGTTCGACAGCGACGCCGCGAGTCCAAGAGGGGAGCCGCGGGCGCCGTGGGTGGAGCAGGAGGGGCCGGAGTATTGGGACCGGGAGACACAGAAGTACAAGCGCCAGGCACAGACTGACCGAGTGAACCTGCGGAAACTGCGCGGCTACTACAACCAGAGCGAGGCCG,GGTCTCACACCCTCCAGAGGATGTACGGCTGCGACCTGGGGCCCGACGGGCGCCTCCTCCGCGGGTATGACCAGTCCGCCTACGACGGCAAGGATTACATCGCCCTGAACGAGGACCTGCGCTCCTGGACCGCCGCGGACACGGCGGCTCAGATCACCCAGCGCAAGTGGGAGGCGGCCCGTGAGGCGGAGCAGCTGAGAGCCTACCTGGAGGGCGAGTGCGTGGAGTGGCTCCGCAGATACCTGGAGAACGGGAAGGAGACGCTGCAGCGCGCGG
C*02:16:02,GCTCCCACTCCATGAGGTATTTCTACACCGCTGTGTCCCGGCCCAGCCGCGGAGAGCCCCACTTCATCGCAGTGGGCTACGTGGACGACACGCAGTTCGTGCGGTTCGACAGCGACGCCGCGAGTCCAAGAGGGGAGCCGCGGGCGCCGTGGGTGGAGCAGGAGGGGCCGGAGTATTGGGACCGGGAGACACAGAAGTACAAGCGCCAGGCACAGACTGACCGAGTGAACCTGCGGAAACTGCGCGGCTACTACAACCAGAGCGAGGCCG,GGTCTCACACCCTCCAGAGGATGTACGGCTGCGACCTGGGGCCCGACGGGCGCCTCCTCCGCGGGTATGACCAGTCCGCCTACGACGGCAAGGATTACATCGCCCTGAACGAGGACCTGCGCTCCTGGACCGCCGCGGACACAGCGGCTCAGATCACCCAGCGCAAGTGGGAGGCGGCCCGTGAGGCGGAGCAGCTGAGAGCCTACCTGGAGGGCGAGTGCGTGGAGTGGCTCCGCAGATACCTGGAGAACGGGAAGGAGACGCTGCAGCGCGCGG
C*02:17,GCTCCCACTCCATGAGGTATTTCTACACCGCTGTGTCCCGGCCCAGCCGCGGAGAGCCCCACTTCATCGCAGTGGGCTACGTGGACGACACGCAGTTCGTGCGGTTCGACAGCGACGCCGCGAGTCCAAGAGGGGAGCCGCGGGCGCCGTGGGTGGAGCAGGAGGGGCCGGAGTATTGGGACCGGGAGACACAGAAGTACAAGCGCCAGGCACAGACTGACCGAGTGAACCTGCGGAAACTGCGCGGCTACTACAACCAGAGCGAGGCCG,GGTCTCACACCCTCCAGTGGATGTTTGGCTGCGACCTGGGGCCCGACGGGCGCCTCCTCCGCGGGTATGACCAGTCCGCCTACGACGGCAAGGATTACATCGCCCTGAACGAGGACCTGCGCTCCTGGACCGCCGCGGACACGGCGGCTCAGATCACCCAGCGCAAGTGGGAGGCGGCCCGTGAGGCGGAGCAGTGGAGAGCCTACCTGGAGGGCGAGTGCGTGGAGTGGCTCCGCAGATACCTGGAGAACGGGAAGGAGACGCTGCAGCGCGCGG
C*02:18,GCTCCCACTCCATGAGGTATTTCTACACCGCTGTGTCCCGGCCCAGCCGCGGAGAGCCCCACTTCATCGCAGTGGGCTACGTGGACGACACGCAGTTCGTGCGGTTCGACAGCGACGCCGCGAGTCCAAGAGGGGAGCCGCGGGCGCCGTGGGTGGAGCAGGAGGGGCCGGAGTATTGGGACCGGGAGACACAGAAGTACAAGCGCCAGGCACAGACTGACCGAGTGAACCTGCGGAAACTGCGCGGCTACTACAACCAGAGCGAGGCCG,GGTCTCACACCCTCCAGAGGATGTACGGCTGCGACCTGGGGCCCGACGGGCGCCTCCTCCGCGGGTATGACCAGTCCGCCTACGACGGCAAGGATTACATCGCCCTGAACGAGGACCTGCGCTCCTGGACCGCCGCGGACACAGCGGCTCAGATCACCCAGCGCAAGTGGGAGGCGGCCCGTGCGGCGGAGCAGCTGAGAGCCTACCTGGAGGGCGAGTGCGTGGAGTGGCTCCGCAGATACCTGGAGAACGGGAAGGAGACGCTGCAGCGCGCGG
C*02:19,GCTCCCACTCCATGAGGTATTTCTACACCGCTGTGTCCCGGCCCAGCCGCGGAGAGCCCCACTTCATCGCAGTGGGCTACGTGGACGACACGCAGTTCGTGCGGTTCGACAGCGACGCCGCGAGTCCAAGAGGGGAGCCGCGGGCGCCGTGGGTGGAGCAGGAGGGGCCGGAGTATTGGGACCGGGAGACACAGAAGTACAAGCGCCAGGCACAGACTGACCGAGTGAACCTGCGGAAACTGCGCGGCTACTACAACCAGAGCGAGGCCG,GGTCTCACACCCTCCAGAGGATGTACGGCTGCGACCTGGGGCCCGACGGGCGCCTCCTCCGCGGGTATGACCAGTACGCCTACGACGGCAAGGATTACATCGCCCTGAACGAGGACCTGCGCTCCTGGACCGCCGCGGACACAGCGGCTCAGATCACCCAGCGCAAGTGGGAGGCGGCCCGTGAGGCGGAGCAGTGGAGAGCCTACCTGGAGGGCGAGTGCGTGGAGTGGCTCCGCAGATACCTGGAGAACGGGAAGGAGACGCTGCAGCGCGCGG
C*02:20,GCTCCCACTCCATGAGGTATTTCTACACCGCTGTGTCCCGGCCCAGCCGCGGAGAGCCCCACTTCATCGCAGTGGGCTACGTGGACGACACGCAGTTCGTGCGGTTCGACAGCGACGCCGCGAGTCCAAGAGGGGAGCCGCGGGCGCCGTGGGTGGAGCAGGAGGGGCCGGAGTATTGGGACCGGGAGACACAGAAGTACAAGCGCCAGGCACAGACTGACCGAGTGAACCTGCGGAAACTGCGCGGCTACTACAACCAGAGCGAGGCCG,GGTCTCACACCCTCCAGAGGATGTACGGCTGCGACCTGGGGCCCGACGGGCGCCTCCTCCGCGGGTATGACCAGTCCGCCTACGACGGCAAGGATTACATCGCCCTGAACGAGGACCTGCGCTCCTGGACCGCCGCGGACACAGCGGCTCAGATCACCCAGCGCAAGTGGGAGGCGGCCCGTGAGGCGGAGCAGTGGAGAGCCTACCTGGAGGGCGAGTGCGTGGAGTGGCTCCACAGATACCTGGAGAACGGGAAGGAGACGCTGCAGCGCGCGG
C*02:21,GCTCCCACTCCATGAGGTATTTCTACACCGCTGTGTCCCAGCCCAGCCGCGGAGAGCCCCACTTCATCGCAGTGGGCTACGTGGACGACACGCAGTTCGTGCGGTTCGACAGCGACGCCGCGAGTCCAAGAGGGGAGCCGCGGGCGCCGTGGGTGGAGCAGGAGGGGCCGGAGTATTGGGACCGGGAGACACAGAAGTACAAGCGCCAGGCACAGACTGACCGAGTGAACCTGCGGAAACTGCGCGGCTACTACAACCAGAGCGAGGCCG,GGTCTCACACCCTCCAGAGGATGTACGGCTGCGACCTGGGGCCCGACGGGCGCCTCCTCCGCGGGTATGACCAGTCCGCCTACGACGGCAAGGATTACATCGCCCTGAACGAGGACCTGCGCTCCTGGACCGCCGCGGACACAGCGGCTCAGATCACCCAGCGCAAGTGGGAGGCGGCCCGTGAGGCGGAGCAGTGGAGAGCCTACCTGGAGGGCGAGTGCGTGGAGTGGCTCCGCAGATACCTGGAGAACGGGAAGGAGACGCTGCAGCGCGCGG
C*02:22,GCTCCCACTCCATGAGGTATTTCTACACCGCTGTGTCCCGGCCCAGCCGCGGAGAGCCCCACTTCATCGCAGTGGGCTACGTGGACGACACGCAGTTCGTGCGGTTCGACAGCGACGCCGCGAGTCCAAGAGGGGAGCCGCGGGCGCCGTGGGTGGAGCAGGAGGGGCCGGAGTATTGGGACCGGGAGACACAGAAGTACAAGCGCCAGGCACAGACTGACCGAGTGAACCTGCGGAAACTGCGCGGCTACTACAACCAGAGCGAGGCCG,GGTCTCACACCCTCCAGAGGATGTACGGCTGCGACCTGGGGCCCGACGGGCGCCTCCTCCGCGGGTATAACCAGTTCGCCTACGACGGCAAGGATTACATCGCCCTGAATGAGGACCTGCGCTCCTGGACCGCCGCGGACACAGCGGCTCAGATCACCCAGCGCAAGTGGGAGGCGGCCCGTGAGGCGGAGCAGTGGAGAGCCTACCTGGAGGGCGAGTGCGTGGAGTGGCTCCGCAGATACCTGGAGAACGGGAAGGAGACGCTGCAGCGCGCGG
C*02:23,GCTCCCACTCCATGAGGTATTTCTACACCGCTGTGTCCCGGCCCAGCCGCGGAGAGCCCCACTTCATCGCAGTGGGCTACGTGGACGACACGCAGTTCGTGCGGTTCGACAGCGACGCCGCGAGTCCAAGAGGGGAGCCGCGGGCGCCGTGGGTGGAGCAGGAGGGGCCGGAGTATTGGGACCGGGAGACACAGAAGTACAAGCGCCAGGCACAGACTGACCGAGTGAACCTGCGGAAACTGCGCGGCTACTACAACCAGAGCGAGGCCG,GGTCTCACACCCTCCAGAGGATGTACGGCTGCGACCTGGGGCCCGACGGGCGCCTCCTCCGCGGGCATGACCAGTACGCCTACGACGGCAAGGATTACATCGCCCTGAACGAGGACCTGCGCTCCTGGACCGCCGCGGACACAGCGGCTCAGATCACCCAGCGCAAGTGGGAGGCGGCCCGTGAGGCGGAGCAGTGGAGAGCCTACCTGGAGGGCGAGTGCGTGGAGTGGCTCCGCAGATACCTGGAGAACGGGAAGGACAAGCTGGAGCGCGCGG
C*02:24,GCTCCCACTCCATGAGGTATTTCTACACCGCTGTGTCCCGGCCCAGCCGCGGAGAGCCCCACTTCATCGCAGTGGGCTACGTGGACGACACGCAGTTCGTGCGGTTCGACAGCGACGCCGCGAGTCCAAGAGGGGAGCCGCGGGCGCCGTGGGTGGAGCAGGAGGGGCCGGAGTATTGGGACCGGGAGACACAGAAGTACAAGCGCCAGGCACAGACTGACCGAGTGAACCTGCGGAAACTGCGCGGCTACTACAACCAGAGCGAGGCCG,GGTCTCACACCCTCCAGAGGATGTACGGCTGCGACCTGGGGCCCGACGGGCGCCTCCTCCGCGGGTATGACCAGTCCGCCTACGACGGCAAGGATTACATCGCCCTGAACGAGGACCTGCGCTCCTGGACCGCCGCGGACACAGCGGCTCAGATCACCCAGCCCAAGTGGGAGGCGGCCCGTGAGGCGGAGCAGTGGAGAGCCTACCTGGAGGGCGAGTGCGTGGAGTGGCTCCGCAGATACCTGGAGAACGGGAAGGAGACGCTGCAGCGCGCGG
C*02:25Q,GCTCCCACTCCATGAGGTATTTCTACACCGCTGTGTCCCGGCCCAGCCGCGGAGAGCCCCACTTCATCGCAGTGGGCTACGTGGACGACACGCAGTTCGTGCGGTTCGACAGCGACGCCGCGAGTCCAAGAGGGGAGCCGCGGGCGCCGTGGGTGGAGCAGGAGGGGCCGGAGTATTGGGACCGGGAGACACAGAAGTACAAGCGCCAGGCACAGACTGACCGAGTGAACCTGCGGAAACTGCGCGGCTACTACAACCAGAGCGAGGCCG,GGTCTCACACCCTCCAGAGGATGTACGGCTACGACCTGGGGCCCGACGGGCGCCTCCTCCGCGGGTATGACCAGTCCGCCTACGACGGCAAGGATTACATCGCCCTGAACGAGGACCTGCGCTCCTGGACCGCCGCGGACACAGCGGCTCAGATCACCCAGCGCAAGTGGGAGGCGGCCCGTGAGGCGGAGCAGTGGAGAGCCTACCTGGAGGGCGAGTGCGTGGAGTGGCTCCGCAGATACCTGGAGAACGGGAAGGAGACGCTGCAGCGCGCGG
C*02:26:01,GCTCCCACTCCATGAGGTATTTCTACACCGCCGTGTCCCGGCCCGGCCGCGGAGAGCCCCACTTCATCGCAGTGGGCTACGTGGACGACACGCAGTTCGTGCGGTTCGACAGCGACGCCGCGAGTCCAAGAGGGGAGCCGCGGGCGCCGTGGGTGGAGCAGGAGGGGCCGGAGTATTGGGACCGGGAGACACAGAAGTACAAGCGCCAGGCACAGACTGACCGAGTGAACCTGCGGAAACTGCGCGGCTACTACAACCAGAGCGAGGCCG,GGTCTCACACCCTCCAGAGGATGTACGGCTGCGACCTGGGGCCCGACGGGCGCCTCCTCCGCGGGTATGACCAGTCCGCCTACGACGGCAAGGATTACATCGCCCTGAACGAGGACCTGCGCTCCTGGACCGCCGCGGACACAGCGGCTCAGATCACCCAGCGCAAGTGGGAGGCGGCCCGTGAGGCGGAGCAGTGGAGAGCCTACCTGGAGGGCGAGTGCGTGGAGTGGCTCCGCAGATACCTGGAGAACGGGAAGGAGACGCTGCAGCGCGCGG
C*02:26:02,GCTCCCACTCCATGAGGTATTTCTACACCGCTGTGTCCCGGCCCGGCCGCGGAGAGCCCCACTTCATCGCAGTGGGCTACGTGGACGACACGCAGTTCGTGCGGTTCGACAGCGACGCCGCGAGTCCAAGAGGGGAGCCGCGGGCGCCGTGGGTGGAGCAGGAGGGGCCGGAGTATTGGGACCGGGAGACACAGAAGTACAAGCGCCAGGCACAGACTGACCGAGTGAACCTGCGGAAACTGCGCGGCTACTACAACCAGAGCGAGGCCG,GGTCTCACACCCTCCAGAGGATGTACGGCTGCGACCTGGGGCCCGACGGGCGCCTCCTCCGCGGGTATGACCAGTCCGCCTACGACGGCAAGGATTACATCGCCCTGAACGAGGACCTGCGCTCCTGGACCGCCGCGGACACAGCGGCTCAGATCACCCAGCGCAAGTGGGAGGCGGCCCGTGAGGCGGAGCAGTGGAGAGCCTACCTGGAGGGCGAGTGCGTGGAGTGGCTCCGCAGATACCTGGAGAACGGGAAGGAGACGCTGCAGCGCGCGG
C*02:26:03,GCTCCCACTCCATGAGGTATTTCTACACCGCTGTGTCCCGGCCCGGCCGCGGGGAGCCCCACTTCATCGCAGTGGGCTACGTGGACGACACGCAGTTCGTGCGGTTCGACAGCGACGCCGCGAGTCCAAGAGGGGAGCCGCGGGCGCCGTGGGTGGAGCAGGAGGGGCCGGAGTATTGGGACCGGGAGACACAGAAGTACAAGCGCCAGGCACAGACTGACCGAGTGAACCTGCGGAAACTGCGCGGCTACTACAACCAGAGCGAGGCCG,GGTCTCACACCCTCCAGAGGATGTACGGCTGCGACCTGGGGCCCGACGGGCGCCTCCTCCGCGGGTATGACCAGTCCGCCTACGACGGCAAGGATTACATCGCCCTGAACGAGGACCTGCGCTCCTGGACCGCCGCGGACACAGCGGCTCAGATCACCCAGCGCAAGTGGGAGGCGGCCCGTGAGGCGGAGCAGTGGAGAGCCTACCTGGAGGGCGAGTGCGTGGAGTGGCTCCGCAGATACCTGGAGAACGGGAAGGAGACGCTGCAGCGCGCGG
C*02:27:01,GCTCCCACTCCATGAGGTATTTCTACACCGCTGTGTCCCGGCCCAGCCGCGGAGAGCCCCACTTCATCGCAGTGGGCTACGTGGACGACACGCAGTTCGTGCGGTTCGACAGCGACGCCGCGAGTCCAAGAGGGGAGCCGCGGGCGCCGTGGGTGGAGCAGGAGGGGCCGGAGTATTGGGACCGGGAGACACAGAAGTACAAGCGCCAGGCACAGACTGACCGAGTGAGCCTGCGGAACCTGCGCGGCTACTACAACCAGAGCGAGGCCG,GGTCTCACACCCTCCAGAGGATGTACGGCTGCGACCTGGGGCCCGACGGGCGCCTCCTCCGCGGGTATGACCAGTCCGCCTACGACGGCAAGGATTACATCGCCCTGAACGAGGACCTGCGCTCCTGGACCGCCGCGGACACAGCGGCTCAGATCACCCAGCGCAAGTGGGAGGCGGCCCGTGAGGCGGAGCAGTGGAGAGCCTACCTGGAGGGCGAGTGCGTGGAGTGGCTCCGCAGATACCTGGAGAACGGGAAGGAGACGCTGCAGCGCGCGG
C*02:27:02,GCTCCCACTCCATGAGGTATTTCTACACCGCTGTGTCCCGGCCCAGCCGCGGAGAGCCCCACTTCATCGCAGTGGGCTACGTGGACGACACGCAGTTCGTGCGGTTCGACAGCGACGCCGCGAGTCCAAGAGGGGAGCCGCGGGCGCCGTGGGTGGAGCAGGAGGGGCCGGAGTATTGGGACCGGGAGACACAGAAGTACAAGCGCCAGGCACAGACTGACCGAGTGAGCCTGCGGAACCTGCGCGGCTACTACAACCAGAGCGAGGCCG,GGTCTCACACCCTCCAGAGGATGTACGGCTGCGACCTGGGGCCCGACGGGCGCCTCCTCCGCGGGTATGACCAGTCCGCCTACGACGGCAAGGATTACATCGCCCTGAACGAGGACCTGCGCTCCTGGACCGCCGCGGACACGGCGGCTCAGATCACCCAGCGCAAGTGGGAGGCGGCCCGTGAGGCGGAGCAGTGGAGAGCCTACCTGGAGGGCGAGTGCGTGGAGTGGCTCCGCAGATACCTGGAGAACGGGAAGGAGACGCTGCAGCGCGCGG
C*02:28,GCTCCCACTCCATGAGGTATTTCTACACCGCTGTGTCCCGGCCCAGCCGCGGAGAGCCCCACTTCATCGCAGTGGGCTACGTGGACGACACGCAGTTCGTGCGGTTCGACAGCGACGCCGCGAGTCCAAGAGGGGAGCCGCGGGCGCCGTGGGTGGAGCAGGAGGGGCCGGAGTATTGGGACCGGGAGACACAGAAGTACAAGCGCCAGGCACAGACTGACCGAGTGAACCTGCGGAAACTGCGCGGCTACTACAACCAGAGCGAGGCCG,GGTCTCACACCCTCCAGAGGATGTACGGCTGCGACCTGGGGCCCGACGGGCGCCTCCTCCGCGGGTATGACCAGTCCGCCTACGACGGCAAGGATTACATCGCCCTGAACGAGGACCTGCGCTCCTGGACCGCCGCGGACACAGCGGCTCAGATCACCCAGCGCAAGTGGGAGGCGGCCCGTGTGGCGGAGCAGTGGAGAGCCTACCTGGAGGGCGAGTGCGTGGAGTGGCTCCGCAGATACCTGGAGAACGGGAAGGAGACGCTGCAGCGCGCGG
C*02:30,GCTCCCACTCCATGAGGTATTTCTACACCGCTGTGTCCCGGCCCAGCCGCGAAGAGCCCCACTTCATCGCAGTGGGCTACGTGGACGACACGCAGTTCGTGCGGTTCGACAGCGACGCCGCGAGTCCAAGAGGGGAGCCGCGGGCGCCGTGGGTGGAGCAGGAGGGGCCGGAGTATTGGGACCGGGAGACACAGAAGTACAAGCGCCAGGCACAGACTGACCGAGTGAACCTGCGGAAACTGCGCGGCTACTACAACCAGAGCGAGGCCG,GGTCTCACACCCTCCAGAGGATGTACGGCTGCGACCTGGGGCCCGACGGGCGCCTCCTCCGCGGGTATGACCAGTCCGCCTACGACGGCAAGGATTACATCGCCCTGAACGAGGACCTGCGCTCCTGGACCGCCGCGGACACAGCGGCTCAGATCACCCAGCGCAAGTGGGAGGCGGCCCGTGAGGCGGAGCAGTGGAGAGCCTACCTGGAGGGCGAGTGCGTGGAGTGGCTCCGCAGATACCTGGAGAACGGGAAGGAGACGCTGCAGCGCGCGG
C*02:31,GCTCCCACTCCATGAGGTATTTCTACACCGCTGTGTCCCGGCCCAGCCGCGGAGAGCCCCACTTCATCGCAGTGGGCTACGTGGACGACACGCAGTTCGTGCGGTTCGACAGCGACGCCGCGAGTCCAAGAGGGGAGCCGCGGGCGCCGTGGGTGGAGCAGGAGGGGCCGGAGTATTGGGACCGGGAGACACAGAAGTACAAGCGCCAGGCACAGACTGACCGAGTGAACCTGCGGAAACTGCGCGGCTACTACAACCAGAGCGAGGCCG,GGTCTCACACCCTCCAGAGGATGTACGGCTGCGACCTGGGGCCCGACGGGCGCCTCCTCCGCGGGTATGACCAGTCCGCCTACGACGGCAAGGATTACATCGCCCTGAACGAGGACCTGCGCTCCTGGACCGCCGCGGACACAGCGGCTCAGATCACCCAGCGCAAGTGGGAGGCGGCCCGTGAGGCGGAGCAGTGGAGAGCCTACCTGGACGGCGAGTGCGTGGAGTGGCTCCGCAGATACCTGGAGAACGGGAAGGAGACGCTGCAGCGCGCGG
C*02:32,GCTCCCACTCCATGAGGTATTTCTACACCGCTGTGTCCCGGCCCAGCCGCGGAGAGCCCCACTTCATCGCAGTGGGCTACGTGGACGACACGCAGTTCGTGCGGTTCGACAGCGACGCCGCGAGTCCAAGAGGGGAGCCGCGGGCGCCGTGGGTGGAGCAGGAGGGGCCGGAGTATTGGGACCGGGAGACACAGAAGTACAAGCGCCAGGCACAGACTGACCGAGTGAACCTGCGGAAACTGCGCGGCTACTACAACCAGAGCGAGGCCG,GGTCTCACACCCTCCAGAGGATGTACGGCTGCGACCTGGGGCCCGACGGGCGCCTCCTCCGCGGGTATGACCAGTCCGCCTACGACGGCAAGGATTACATCGCCCTGAACGAGGACCTGCGCTCCTGGACCGCCGCGGACACAGCGGCTCAGATCACCCAGCGCAAGTGGGAGGCGGCCCGTGAGGCGGAGCAGCGGAGAGCCTACCTGGAGGGCGAGTGCGTGGAGTGGCTCCGCAGATACCTGGAGAACGGGAAGGAGACGCTGCAGCGCGCGG
C*02:33,GCTCCCACTCCATGAGGTATTTCTACACCGCTGTGTCCCGGCCCAGCCGCGGAGAGCCCCACTTCATCGCAGTGGGCTACGTGGACGACACGCAGTTCGTGCGGTTCGACAGCGACGCCGCGAGTCCAAGAGGGGAGCCGCGGGCGCCGTGGGTGGAGCAGGAGGGGCCGGAGTATTGGGACCGGGAGACACAGAAGTACAAGCGCCAGGCACAGACTGACCGAGTGAACCTGCGGAAACTGCGCGGCTACTACAACCAGAGCGAGGCCC,GGTCTCACACCCTCCAGAGGATGTACGGCTGCGACCTGGGGCCCGACGGGCGCCTCCTCCGCGGGTATGACCAGTCCGCCTACGACGGCAAGGATTACATCGCCCTGAACGAGGACCTGCGCTCCTGGACCGCCGCGGACACGGCGGCTCAGATCACCCAGCGCAAGTGGGAGGCGGCCCGTGAGGCGGAGCAGTGGAGAGCCTACCTGGAGGGCGAGTGCGTGGAGTGGCTCCGCAGATACCTGGAGAACGGGAAGGAGACGCTGCAGCGCGCGG
C*02:34,GCTCCCACTCCATGAGGTATTTCTACACCGCTGTGTCCCGGCCCAGCCGCGGAGAGCCCCACTTCATCGCAGTGGGCTACGTGGACGACACGCAGTTCGTGCGGTTCGACAGCGACGCCGCGAGTCCAAGAGGGGAGCCGCGGGCGCCGTGGGTGGAGCAGGAGGGGCCGCAGTATTGGGACCGGGAGACACAGAAGTACAAGCGCCAGGCACAGACTGACCGAGTGAACCTGCGGAAACTGCGCGGCTACTACAACCAGAGCGAGGCCG,GGTCTCACACCCTCCAGAGGATGTACGGCTGCGACCTGGGGCCCGACGGGCGCCTCCTCCGCGGGTATGACCAGTCCGCCTACGACGGCAAGGATTACATCGCCCTGAACGAGGACCTGCGCTCCTGGACCGCCGCGGACACAGCGGCTCAGATCACCCAGCGCAAGTGGGAGGCGGCCCGTGAGGCGGAGCAGTGGAGAGCCTACCTGGAGGGCGAGTGCGTGGAGTGGCTCCGCAGATACCTGGAGAACGGGAAGGAGACGCTGCAGCGCGCGG
C*02:35,GCTCCCACTCCATGAGGTATTTCTACACCGCTGTGTCCCGGCCCAGCCGCGGAGAGCCCCACTTCATCGCAGTGGGCTACGTGGACGACACGCAGTTCGTGCGGTTCGACAGCGACGCCGCGAGTCCAAGAGGGGAGCCGCGGGCGCCGTGGGTGGAGCAGGAGGGGCCGGAGTATTGGGACCGGGAGACACAGAAGTACAAGCGCCAGGCACAGACTGACCGAGTGAACCTGCGGAAACTGCGCGGCCACTACAACCAGAGCGAGGCCG,GGTCTCACACCCTCCAGAGGATGTACGGCTGCGACCTGGGGCCCGACGGGCGCCTCCTCCGCGGGTATGACCAGTCCGCCTACGACGGCAAGGATTACATCGCCCTGAACGAGGACCTGCGCTCCTGGACCGCCGCGGACACAGCGGCTCAGATCACCCAGCGCAAGTGGGAGGCGGCCCGTGAGGCGGAGCAGTGGAGAGCCTACCTGGAGGGCGAGTGCGTGGAGTGGCTCCGCAGATACCTGGAGAACGGGAAGGAGACGCTGCAGCGCGCGG
C*02:36,GCTCCCACTCCATGAGGTATTTCTACACCGCTGTGTCCCGGCCCAGCCGCGGAGAGCCCCACTTCATCGCAGTGGGCTACGTGGACGACACGCAGTTCGTGCGGTTCGACAGCGACGCCGCGAGTCCAAGAGGGGAGCCGCGGGCGCCGTGGGTGGAGCAGGAGGGGCCGGAGTATTGGGACCGGGAGACACAGAAGTACAAGCGCCAGGCACAGACTGACCGAGTGAACCTGCGGAAACTGCGCGGCTACTACAACCAGAGCGAGGCCG,GGTCTCACACCCTCCAGAGGATGTACGGCTGCGACCTGGGGCCCGACGGGCGCCTCCTCCGCGGGCATGACCAGTCCGCCTACGACGGCAAGGATTACATCGCCCTGAACGAGGACCTGCGCTCCTGGACCGCCGCGGACACAGCGGCTCAGATCACCCAGCGCAAGTGGGAGGCGGCCCGTGAGGCGGAGCAGTGGAGAGCCTACCTGGAGGGCGAGTGCGTGGAGTGGCTCCGCAGATACCTGGAGAACGGGAAGGAGACGCTGCAGCGCGCGG
C*02:37,GCTCCCACTCCATGAGGTATTTCTACACCGCTGTGTCCCGGCCCAGCCGCGGAGAGCCCCACTTCATCGCAGTGGGCTACGTGGACGACACGCAGTTCGTGCGGTTCGACAGCGACGCCGCGAGTCCAAGAGGGGAGCCGCGGGCGCCGTGGGTGGAGCAGGAGGGGCCGGAGTATTGGGACCGGGAGACACAGAAGTACAAGCGCCAGGCACAGACTGACCGAGTGAACCTGCGGAAACTGCGCGGCTACTACAACCAGAGCGAGGCCG,GGTCTCACACCCTCCGGAGGATGTACGGCTGCGACCTGGGGCCCGACGGGCGCCTCCTCCGCGGGTATGACCAGTCCGCCTACGACGGCAAGGATTACATCGCCCTGAACGAGGACCTGCGCTCCTGGACCGCCGCGGACACAGCGGCTCAGATCACCCAGCGCAAGTGGGAGGCGGCCCGTGAGGCGGAGCAGTGGAGAGCCTACCTGGAGGGCGAGTGCGTGGAGTGGCTCCGCAGATACCTGGAGAACGGGAAGGAGACGCTGCAGCGCGCGG
C*02:38N,GCTCCCACTCCATGAGGTATTTCTACACCGCTGTGTCCCGGCCCAGCCGCGGAGAGCCCCACTTCATCGCAGTGGGCTACGTGGACGACACGCAGTTCGTGCGGTTCGACAGCGACGCCGCGAGTCCAAGAGGGGAGCCGCGGGCGCCGTGGGTGGAGCAGGAGGGGCCGGAGTATTGGGACCGGGAGACACAGAAGTACAAGCGCCAGGCACAGACTGACCGAGTGAACCTGCGGAAACTGCGCGGCTACTACAACCAGAGCGAGGCCG,GGTCTCACACCCTCCAGAGGATGTAAGGCTGCGACCTGGGGCCCGACGGGCGCCTCCTCCGCGGGTATGACCAGTCCGCCTACGACGGCAAGGATTACATCGCCCTGAACGAGGACCTGCGCTCCTGGACCGCCGCGGACACAGCGGCTCAGATCACCCAGCGCAAGTGGGAGGCGGCCCGTGAGGCGGAGCAGTGGAGAGCCTACCTGGAGGGCGAGTGCGTGGAGTGGCTCCGCAGATACCTGGAGAACGGGAAGGAGACGCTGCAGCGCGCGG
C*02:39,GCTCCCACTCCATGAGGTATTTCTACACCGCTGTGTCCCGGCCCAGCCGCGGAGAGCCCCACTTCATCGCAGTGGGCTACGTGGACGACACGCAGTTCGTGCGGTTCGACAGCGACGCCGCGAGTCCAACAGGGGAGCCGCGGGCGCCGTGGGTGGAGCAGGAGGGGCCGGAGTATTGGGACCGGGAGACACAGAAGTACAAGCGCCAGGCACAGACTGACCGAGTGAACCTGCGGAAACTGCGCGGCTACTACAACCAGAGCGAGGCCG,GGTCTCACACCCTCCAGAGGATGTACGGCTGCGACCTGGGGCCCGACGGGCGCCTCCTCCGCGGGTATGACCAGTCCGCCTACGACGGCAAGGATTACATCGCCCTGAACGAGGACCTGCGCTCCTGGACCGCCGCGGACACAGCGGCTCAGATCACCCAGCGCAAGTGGGAGGCGGCCCGTGAGGCGGAGCAGTGGAGAGCCTACCTGGAGGGCGAGTGCGTGGAGTGGCTCCGCAGATACCTGGAGAACGGGAAGGAGACGCTGCAGCGCGCGG
C*02:40,GCTCCCACTCCATGAGGTATTTCTACACCGCTGTGTCCCGGCCCAGCCGCGGAGAGCCCCACTTCATCGCAGTGGGCTACGTGGACGACACGCAGTTCGTGCGGTTCGACAGCGACGCCGCGAGTCCAAGAGGGGAGCCGCGGGCGCCGTGGGTGGAGCAGGAGGGGCCGGAGTATTGGGACCGGGAGACACAGAAGTACAAGCGCCAGGCACAGACTGACCGAGTGAACCTGCGGAAACTGCGCGGCTACTACAACCAGAGCGAGGCCG,GGTCTCACACCCTCCAGAGGATGTACGGCTGCGACCTGGGGCCCGACGGGCGCCTCCTCCGCGGGTATGACCAGTCCGCCTACGACGGCAAGGATTACATCGCCCTGAACGAGGACCTGCGCTCCTGGACCGCCGCGGACACAGCGGCTCAGATCACCCAGCGCAAGTGGGAGGCGGCCCGTGAGGCGGAGCAGTGGAGAGCCTACCTGGAGGGCGAGTGCGTGGAGTGGCTCCGCGGATACCTGGAGAACGGGAAGGAGACGCTGCAGCGCGCGG
C*02:42,GCTCCCACTCCATGAGGTATTTCTACACCGCTGTGTCCCGGCCCAGCCGCGGAGAGCCCCGCTTCATCTCAGTGGGCTACGTGGACGACACGCAGTTCGTGCGGTTCGACAGCGACGCCGCGAGTCCAAGAGGGGAGCCGCGGGCGCCGTGGGTGGAGCAGGAGGGGCCGGAGTATTGGGACCGGGAGACACAGAAGTACAAGCGCCAGGCACAGACTGACCGAGTGAACCTGCGGAAACTGCGCGGCTACTACAACCAGAGCGAGGCCG,GGTCTCACACCCTCCAGAGGATGTACGGCTGCGACCTGGGGCCCGACGGGCGCCTCCTCCGCGGGTATGACCAGTCCGCCTACGACGGCAAGGATTACATCGCCCTGAACGAGGACCTGCGCTCCTGGACCGCCGCGGACACAGCGGCTCAGATCACCCAGCGCAAGTGGGAGGCGGCCCGTGAGGCGGAGCAGTGGAGAGCCTACCTGGAGGGCGAGTGCGTGGAGTGGCTCCGCAGATACCTGGAGAACGGGAAGGAGACGCTGCAGCGCGCGG
C*02:43,GCTCCCACTCCATGAGGTATTTCTACACCGCTGTGTCCCGGCCCAGCCGCGGAGAGCCCCACTTCATCGCAGTGGGCTACGTGGACGACACGCAGTTCGTGCGGTTCGACAGCGACGCCGCGAGTCCAAGAGGGGAGCCGCGGGCGCCGTGGGTGGAGCAGGAGGGGCCGGAGTATTGGGACCGGGAGACACAGAAGTACAAGCGCCAGGCACAGACTGACCGAGTGAACCTGCGGAAACTGCGCGGCTACTACAACCAGAGCGAGGCCG,GGTCTCACACCCTCCAGAGGATGTACGGCTGCGACCTGGGGCCCGACGGGCGCCTCCTCCGCGGGTATGACCAGTCCGCCTACGACGGCAAGGATTACATCGCCCTGAACGAGGACCTGCGCTCCTGGACCGCCGCGGACACAGCGGCTCAGATCACCCAGCGCAAGTGGGAGGCGGCCCGTGAGGCGGAGCAGTGGAGAGCCTACCTGGAGGGCACGTGCGTGGAGTGGCTCCGCAGATACCTGGAGAACGGGAAGGAGACGCTGCAGCGCGCGG
C*02:44,GCTCCCACTCCATGAGGTATTTCTACACCGCTGTGTCCCGGCCCAGCCGCGGAGAGCCCCACTTCATCGCAGTGGGCTACGTGGACGACACGCAGTTCGTGCGGTTCGACAGCGACGCCGCGAGTCCAAGAGGGGAGCCGCGGGCGCCGTGGGTGGAGCAGGAGGGGCCGGAGTATTGGGACCGGGAGACACAGAAGTACAAGCGCCAGGCACAGACTGACCGAGTGAACCTGCGGAAACTGCGCGGCTACTACAACCAGAGCGAGGCCG,GGTCTCACACCCTCCAGAGGATGTACGGCTGCGACCTGGGGCCCGACGGGCGCCTCCTCCGCGGGTATGACCAGTCCGCCTACGACGGCAAGGATTACATCGCCCTGAACGAGGACCTGCGCTCCTGGACCGCCGCGGACACAGCGGCTCAGATCACCCAGCGCAAGTGGGAGGCGGCCCGTGAGGCGGAGCAGTGGAGAGCCTACCTGGAGGGCGAGTGCGTGGAGTGGCTCCTCAGATACCTGGAGAACGGGAAGGAGACGCTGCAGCGCGCGG
C*02:45,GCTCCCACTCCATGAGGTATTTCTACACCGCTGTGTCCCGGCCCAGCCGCGGAGAGCCCCACTTCATCGCAGTGGGCTACGTGGACGACACGCAGTTCGTGCGGTTCGACAGCGACGCCGCGAGTCCAGGAGGGGAGCCGCGGGCGCCGTGGGTGGAGCAGGAGGGGCCGGAGTATTGGGACCGGGAGACACAGAAGTACAAGCGCCAGGCACAGACTGACCGAGTGAACCTGCGGAAACTGCGCGGCTACTACAACCAGAGCGAGGCCG,GGTCTCACACCCTCCAGAGGATGTACGGCTGCGACCTGGGGCCCGACGGGCGCCTCCTCCGCGGGTATGACCAGTCCGCCTACGACGGCAAGGATTACATCGCCCTGAACGAGGACCTGCGCTCCTGGACCGCCGCGGACACAGCGGCTCAGATCACCCAGCGCAAGTGGGAGGCGGCCCGTGAGGCGGAGCAGTGGAGAGCCTACCTGGAGGGCGAGTGCGTGGAGTGGCTCCGCAGATACCTGGAGAACGGGAAGGAGACGCTGCAGCGCGCGG
C*02:46,GCTCCCACTCCATGAGGTATTTCTACACCGCTGTGTCCCGGCCCAGCCGCGGAGAGCCCCACTTCATCGCAGTGGGCTACGTGGACGACACGCAGTTCGTGCGGTTCGACAGCGACGCCGCGAGTCCAAGAGGGGAGCCGCGGGCGCCGTGGGTGGAGCAGGAGGGGCCGGAGTATTGGGACCGGGAGACACAGAAGTACAAGCGCCAGGCACAGACTGACCGAGTGAACCTGCGGAAACTGCGCGGCTACTACAACCAGAGCGAGGCCG,GGTCTCACACCCTCCAGAGGTTGTACGGCTGCGACCTGGGGCCCGACGGGCGCCTCCTCCGCGGGTATGACCAGTCCGCCTACGACGGCAAGGATTACATCGCCCTGAACGAGGACCTGCGCTCCTGGACCGCCGCGGACACAGCGGCTCAGATCACCCAGCGCAAGTGGGAGGCGGCCCGTGAGGCGGAGCAGTGGAGAGCCTACCTGGAGGGCGAGTGCGTGGAGTGGCTCCGCAGATACCTGGAGAACGGGAAGGAGACGCTGCAGCGCGCGG
C*02:47,GCTCCCACTCCATGAGGTATTTCTACACCGCTGTGTCCCGGCCCAGCCGCGGAGAGCCCCACTTCATCGCAGTGGGCTACGTGGACGACACGCAGTTCGTGCGGTTCGACAGCGACGCCGCGAGTCCAAGAGGGGAGCCGCGGGCGCCGTGGGTGGAGCAGGAGGGGCCGGAGTATTGGGACCGGGAGACACAGAAGTACAAGCGCCAGGCACAGACTGACCGAGTGAACCTGCGGAAACTGCGCGGCTACTACAACCAGAGCGAGGCCG,GGTCTCACACCCTCCAGAGGATGTACGGCTGCGACCTGGGGCCCGACGGGCGCCTCCTCCGCGGGTATGACCAGTTAGCCTACGACGGCAAGGATTACATCGCCCTGAACGAGGACCTGCGCTCCTGGACCGCCGCGGACACAGCGGCTCAGATCACCCAGCGCAAGTGGGAGGCGGCCCGTGAGGCGGAGCAGTGGAGAGCCTACCTGGAGGGCGAGTGCGTGGAGTGGCTCCGCAGATACCTGGAGAACGGGAAGGAGACGCTGCAGCGCGCGG
C*02:48,GCTCCCACTCCATGAGGTATTTCTACACCGCTGTGTCCCGGCCCAGCCGCGGAGAGCCCCACTTCATCGCAGTGGGCTACGTGGACGACACGCAGTTCGTGCGGTTCGACAGCGACGCCGCGAGTCCAAGAGGGGAGCCGCGGGCGCCGTGGGTGGAGCAGGAGGGGCCGGAGTATTGGGACCGGGAGACACAGAAGTACAAGCGCCAGGCACAGACTGACCGAGTGAACCTGCGGAAACTGCGCGGCTACTACAACCAGAGCGAGGCCG,GGTCTCACACCCTCCAGAGGATGTACGGCTGCGACCTGGGGCCCGACGGGCGCCTCCTCCGCGGGTATGACCAGTCCGCCTACGACGGCAAGGATTACATCGCCCTGAACGAGGACCTGCGCTCCTGGACCGCCGCGGACACAGCGGCTCAGATCACCCAGCGCAAGTGGGAGGCGGCCCGTGAGGCGGAGCAGTGGAGAGCCTACCTGGAGGGCGAGTGCGTGGAGTGGCTCCGCAGATACCTGGAGAAAGGGAAGGAGACGCTGCAGCGCGCGG
C*02:49,GCTCCCACTCCATGAGGTATTTCTACACCGCTGTGTCCCGGCCCAGCCGCGGAGAGCCCCACTTCATCGCAGTGGGCTACGTGGACGACACGCAGTTCGTGCGGTTCGACAGCGACGCCGCGAGTCCAAGAGGGGAGCCGCGGGCGCCGTGGGTGGAGCAGGAGGGGCCGGAGTATTGGGACCGGGAGACACAGAAGTACAAGCGCCAGGCACAGGCTGACCGAGTGAACCTGCGGAAACTGCGCGGCTACTACAACCAGAGCGAGGACG,GGTCTCACACCCTCCAGAGGATGTACGGCTGCGACCTGGGGCCCGACGGGCGCCTCCTCCGCGGGTATGACCAGTCCGCCTACGACGGCAAGGATTACATCGCCCTGAACGAGGACCTGCGCTCCTGGACCGCCGCGGACACAGCGGCTCAGATCACCCAGCGCAAGTGGGAGGCGGCCCGTGAGGCGGAGCAGTGGAGAGCCTACCTGGAGGGCGAGTGCGTGGAGTGGCTCCGCAGATACCTGGAGAACGGGAAGGAGACGCTGCAGCGCGCGG
C*02:50,GCTCCCACTCCATGAGGTATTTCTACACCGCTGTGTCCCGGCCCAGCCGCGGAGAGCCCCACTTCATCGCAGTGGGCTACGTGGACGACACGCAGTTCGTGCGGTTCGACAGCGACGCCGCGAGTCCAAGAGGGGAGCCGCGGGCGCCGTGGGTGGAGCAGGAGGGGCCGGAGTATTGGGACCGGGAGACACAGAAGTACAAGCGCCAGGCACAGACTGACCGAGTGAACCTGCGGAAACTGCGCGGCTACTACAACCAGAGCGAGGCCG,GGTCTCACACCCTCCAGAGGATGTACGGCTGCGACCTGGGGCCCGACGGGCGCCTCCTCCGCGGGTATGACCAGTCCGCCTACGACGGCAAGGATTACATCGCCCTGAACGAGGACCTGCGCTCCTGGACCGCCGCGGACACAGCGGCTCAGATCACCCAGCGCAAGTGGGAGGCGGCCCGTGAGGCGGAGCAGTGGAGAGCCTACCTGGAGGGCGAGTGCGTGGAGTGGCTCCGCAGATACCTGGAGAACGGGAAGGAGACGCTGCAGCGCTCGG
C*02:51,GCTCCCACTCCATGAGGTATTTCTACACCGCTGTGTCCCGGCCCAGCCGCGGAGAGCCCCACTTCATCGCAGTGGGCTACGTGGACGACACGCAGTTCGTGCGGTTCGACAGCGACGCCGCGAGTCCAAGAGGGGAGCCGCGGGCGCCGTGGGTGGAGCAGGAGGGGCCGGAGTATTGGGACCGGGAGACACAGAAGTACAAGCGCCAGGCACAGACTGACCGAGTGAACCTGCGGAAACTGCGCGGCTACTACAACCAGAGCGAGGCCG,GGTCTCACACCCTCCAGAGGATGTACGGCTGCGACCTGGGGCCCGACGGGCGCCTCCTCCGCGGGTATGACCAGTCCGCCTACGACGGCAAGGATTACATCGCCCTGAACGAGGACCTGCGCTCCTGGACCGCCGCGGACAAGGCGGCTCAGATCACCCAGCGCAAGTGGGAGGCGGCCCGTGAGGCGGAGCAGTGGAGAGCCTACCTGGAGGGCGAGTGCGTGGAGTGGCTCCGCAGATACCTGGAGAACGGGAAGGAGACGCTGCAGCGCGCGG
C*02:52N,GCTCCCACTCCATGAGGTATTTCTACACCGCTGTGTCCCGGCCCAGCCGCGGAGAGCCCCACTTCATCGCAGTGGGCTAAGTGGACGACACGCAGTTCGTGCGGTTCGACAGCGACGCCGCGAGTCCAAGAGGGGAGCCGCGGGCGCCGTGGGTGGAGCAGGAGGGGCCGGAGTATTGGGACCGGGAGACACAGAAGTACAAGCGCCAGGCACAGACTGACCGAGTGAACCTGCGGAAACTGCGCGGCTACTACAACCAGAGCGAGGCCG,GGTCTCACACCCTCCAGAGGATGTACGGCTGCGACCTGGGGCCCGACGGGCGCCTCCTCCGCGGGTATGACCAGTCCGCCTACGACGGCAAGGATTACATCGCCCTGAACGAGGACCTGCGCTCCTGGACCGCCGCGGACACAGCGGCTCAGATCACCCAGCGCAAGTGGGAGGCGGCCCGTGAGGCGGAGCAGTGGAGAGCCTACCTGGAGGGCGAGTGCGTGGAGTGGCTCCGCAGATACCTGGAGAACGGGAAGGAGACGCTGCAGCGCGCGG
C*02:53,GCTCCCACTCCATGAGGTATTTCTACACCGCTGTGTCCCGGCCCAGCCGCGGAGAGCCCCACTTCATCGCAGTGGGCTACGTGGACGACACGCAGTTCGTGCGGTTCGACAGCGACGCCGCGAGTCCAAGAGGGGAGCCGCGGGCGCCGTGGGTGGAGCAGGAGGGGCCGGAGTATTGGGACCGGGAGACACAGAAGTACAAGCGCCAGGCACAGACTGACCGAGTGAACCTGCGGAAACTGCGCGGCTACTACAACCAGAGCGAGGCCG,GGTCTCACACCCTCCAGAGGATGTACGGCTGCGACCTGGGGCCCGACGGGCGCCTCCTCCGCGGGTATGACCAGTCCGCCTACGACGGCAAGGATTACATCGCCCTGAACGAGGACCTGCGCTCCTGGACCGCCGCGGACACAGCGGCTCAGATCACCCAGCGCAAGTGGGAGGCGGCCCGTGAGGCGGAGCAGTGGAGAGCCTACCTGGAGGGCGAGTGCGTGGAGTGGCTCCGCAGATACCTGGAGAACAGGAAGGAGACGCTGCAGCGCGCGG
C*02:54,GCTCCCACTCCATGAGGTATTTCTACACCGCTGTGTCCCGGCCCAGCCGCGGAGAGCCCCACTTCATCGCAGTGGGCTACGTGGACGACACGCAGTTCGTGCGGTTCGACAGCGACGCCGCGAGTCCAAGAGGGGAGCCGCGGGCGCCGTGGGTGGAGCAGGAGGGGCCGGAGTATTGGGACCGGGAGACACAGAAGTACAAGCGCCAGGCACAGACTGACCGAGTGAACCTGCGGAAACTGCGCGGCTACTACAACCAGAACGAGGCCG,GGTCTCACACCCTCCAGAGGATGTACGGCTGCGACCTGGGGCCCGACGGGCGCCTCCTCCGCGGGTATGACCAGTCCGCCTACGACGGCAAGGATTACATCGCCCTGAACGAGGACCTGCGCTCCTGGACCGCCGCGGACACAGCGGCTCAGATCACCCAGCGCAAGTGGGAGGCGGCCCGTGAGGCGGAGCAGTGGAGAGCCTACCTGGAGGGCGAGTGCGTGGAGTGGCTCCGCAGATACCTGGAGAACGGGAAGGAGACGCTGCAGCGCGCGG
C*02:55,GCTCCCACTCCATGAGGTATTTCTACACCGCTGTGTCCCGGCCCAGCCGCGGAGAGCCCCACTTCATCGCAGTGGGCTACGTGGACGACACGCAGTTCGTGCGGTTCGACAGCGACGCCGCGAGTCCAAGAGGGGAGCCGCGGGCGCCGTGGGTGGAGCAGGAGGGGCCGGAGTATTGGGACCGGGAGACACAGAAGTACAAGCGCCAGGCACAGGCTGACCGAGTGAACCTGCGGAAACTGCGCGGCTACTACAACCAGAGCGAGGCCG,GGTCTCACACCCTCCAGAGGATGTACGGCTGCGACCTGGGGCCCGACGGGCGCCTCCTCCGCGGGTATGACCAGTCCGCCTACGACGGCAAGGATTACATCGCCCTGAACGAGGACCTGCGCTCCTGGACCGCCGCGGACACAGCGGCTCAGATCACCCAGCGCAAGTGGGAGGCGGCCCGTGAGGCGGAGCAGTGGAGAGCCTACCTGGAGGGCGAGTGCGTGGAGTGGCTCCGCAGATACCTGGAGAACGGGAAGGAGACGCTGCAGCGCGCGG
C*02:56,GCTCCCACTCCATGAGGTATTTCTACACCGCTGTGTCCCGGCCCAGCCGCGGAGAGCCCCACTTCATCGCAGTGGGCTACGTGGACGACACGCAGTTCGTGCGGTTCGACAGCGACGCCGCGAGTCCAAGAGGGGAGCCGCGGGCGCCGTGGGTGGAGCAGGAGGGGCCGGAGTATTGGGACCGGGAGACACAGAAGTACAAGCGCCAGGCACAGACTGACCGAGTGAACCTGCGGAAACTGCGCGGCTACTACAACCAGAGCGAGGCCG,GGTCTCACACCCTCCAGAGGATGTACGGCTGCGACCTGGGGCCCGACGGGCGCCTCCTCCGCGGGTATGACCAGTCCGCCTACGACGGCAAGGATTACATCGCCCTGAACGAGGACCTGAGCTCCTGGACCGCCGCGGACACAGCGGCTCAGATCACCCAGCGCAAGTGGGAGGCGGCCCGTGAGGCGGAGCAGTGGAGAGCCTACCTGGAGGGCGAGTGCGTGGAGTGGCTCCGCAGATACCTGGAGAACGGGAAGGAGACGCTGCAGCGCGCGG
C*02:57,GCTCCCACTCCATGAGGTATTTCTACACCGCTGTGTCCCGGCCCAGCCGCGGAGAGCCCCACTTCATCGCAGTGGGCTACGTGGACGACACGCAGTTCGTGCGGTTCGACAGCGACGCCGCGAGTCCAAGAGGGGAGCCGCGGGCGCCGTGGGTGGAGCAGGAGGGGCCGGAGTATTGGGACCGGGAGACACAGAAGTACAAGCGCCAGGCACAGACTGACCGAGTGAACCTGCGGAAACTGCGCGGCTACTACAACCAGAGCGAGGCCG,GGTCTCACACCTTCCAGAGGATGTACGGCTGCGACCTGGGGCCCGACGGGCGCCTCCTCCGCGGGTATGACCAGTCCGCCTACGACGGCAAGGATTACATCGCCCTGAACGAGGACCTGCGCTCCTGGACCGCCGCGGACACAGCGGCTCAGATCACCCAGCGCAAGTGGGAGGCGGCCCGTGAGGCGGAGCAGTGGAGAGCCTACCTGGAGGGCGAGTGCGTGGAGTGGCTCCGCAGATACCTGGAGAACGGGAAGGAGACGCTGCAGCGCGCGG
C*02:58,GCTCCCACTCCATGAGGTATTTCTACACCGCTGTGTCCCGGCCCAGCCGCGGAGAGCCCCACTTCATCGCAGTGGGCTACGTGGACGACACGCAGTTCGTGCGGTTCGACAGCGACGCCGCGAGTCCAAGAGGGGAGCCGCGGGCGCCGTGGGTGGAGCAGGAGGGGCCGGAGTATTGGGACCGGGAGACACAGAAGTACAAGCGCCAGGCACAGACTGACCGAGTGAACCTGCGGAAACTGCGCGGCTACTACAACCAGAGCGAGGCCG,GGTCTCACACCCTCCAGAGGATGTACGGCTGCGACCTGGGGCCCGACGGGCGCCTCCTCCGCGGGTATGACCAGTCCGCCTACGACGGCAAGGATTACATCGCCCTGAACGAGGACCTGCGCTCCTGGACCGCCGCGGACACGGCGGCTCAGATCACCCAGCGCAAGTGGGAGGCGGCCCGTGAGGCGGAGCAGTGGAGAGCCTACCTGGAGGGCCTGTGCGTGGAGTGGCTCCGCAGATACCTGGAGAACGGGAAGGAGACGCTGCAGCGCGCGG
C*02:59,GCTCCCACTCCATGAGGTATTTCTACACCGCTGTGTCCCGGCCCAGCCGCGGAGAGCCCCACTTCATCGCAGTGGGCTACGTGGACGACACGCAGTTCGTGCGGTTCGACAGCGACGCCGCGAGTCCAAGAGGGGAGCCGCGGGCGCCGTGGGTGGAGCAGGAGGGGCCGGAGTATTGGGACCGGGAGACACAGAAGTACAAGCGCCAGGCACAGACTGACCGAGTGAACCTGCGGAAACTGCGCGGCTACTACAACCAGAGCGAGGCCG,GGTCTCACACCCTCCAGAGGATGTACGGCTGCGACCTGGGGCCCGACGGGAGCCTCCTCCGCGGGTATGACCAGTCCGCCTACGACGGCAAGGATTACATCGCCCTGAACGAGGACCTGCGCTCCTGGACCGCCGCGGACACAGCGGCTCAGATCACCCAGCGCAAGTGGGAGGCGGCCCGTGAGGCGGAGCAGTGGAGAGCCTACCTGGAGGGCGAGTGCGTGGAGTGGCTCCGCAGATACCTGGAGAACGGGAAGGAGACGCTGCAGCGCGCGG
C*02:60,GCTCCCACTCCATGAGGTATTTCTACACCGCTGTGTCCCGGCCCAGCCGCGGAGAGCCCCACTTCATCGCAGTGGGCTACGTGGACGACACGCAGTTCGTGCGGTTCGACAGCGACGCCGCGAGTCCAAGAGGGGAGCCGCGGGCGCCGTGGGTGGAGCAGGAGGGGCCGGAGTATTGGGACCGGGAGACACAGAAGTACAAGCGCCAGGCACAGACTGACCGAGTGAACCTGCGGAAACTGCGCGGCTACTACAACCAGAGCGAGGCCG,GGTCTCACACCCTCCAGAGCATGTACGGCTGCGACCTGGGGCCCGACGGGCGCCTCCTCCGCGGGTATGACCAGTCCGCCTACGACGGCAAGGATTACATCGCCCTGAACGAGGACCTGCGCTCCTGGACCGCCGCGGACACAGCGGCTCAGATCACCCAGCGCAAGTGGGAGGCGGCCCGTGAGGCGGAGCAGTGGAGAGCCTACCTGGAGGGCGAGTGCGTGGAGTGGCTCCGCAGATACCTGGAGAACGGGAAGGAGACGCTGCAGCGCGCGG
C*02:61,GCTCCCACTCCATGAGGTATTTCTACACCGCTGTGTCCCGGCCCAGCCGCGGAGAGCCCCACTTCATCGCAGTGGGCTACGTGGACGACACGCAGTTCGTGCGGTTCGACAGCGACGCCGCGAGTCCAAGAGGGGAGCCGCGGGCGCCGTGGGTGGAGCAGGAGGGGCCGGAGTATTGGGACCGGGAGACACAGAAGTACAAGCGCCAGGCACAGACTGACCGAGTGAACCTGCGGAAACTGCGCGGCTACTACAACCAGAGCGAGGCCG,GGTCTCACACCCTCCAGAGGATGTACGGCTGCGACGTGGGGCCCGACGGGCGCCTCCTCCGCGGGTATGACCAGTCCGCCTACGACGGCAAGGATTACATCGCCCTGAACGAGGACCTGCGCTCCTGGACCGCCGCGGACACAGCGGCTCAGATCACCCAGCGCAAGTGGGAGGCGGCCCGTGAGGCGGAGCAGTGGAGAGCCTACCTGGAGGGCGAGTGCGTGGAGTGGCTCCGCAGATACCTGGAGAACGGGAAGGAGACGCTGCAGCGCGCGG
C*02:62,GCTCCCACTCCATGAGGTATTTCTACACCGCTGTGTCCCGGCCCAGCCGCGGAGAGCCCCACTTCATCGCAGTGGGCTACGTGGACGACACGCAGTTCGTGCGGTTCGACAGCGACGCCGCGAGTCCAAGAGGGGAGCCGCGGGCGCCGTGGGTGGAGCAGGAGGGGCCGGAGTATTGGGACCGGGAGACACAGAAGTACAAGCGCCAGGCACAGACTGACCGAGTGAACCTGCGGAAACTGCGCGGCTACTACAACCAGAGCGAGGCCG,GGTCTCACATCATCCAGAGGATGTATGGCTGCGACCTGGGGCCCGACGGGCGCCTCCTCCGCGGGTATGACCAGTCCGCCTACGACGGCAAGGATTACATCGCCCTGAACGAGGACCTGCGCTCCTGGACCGCCGCGGACACAGCGGCTCAGATCACCCAGCGCAAGTGGGAGGCGGCCCGTGAGGCGGAGCAGTGGAGAGCCTACCTGGAGGGCGAGTGCGTGGAGTGGCTCCGCAGATACCTGGAGAACGGGAAGGAGACGCTGCAGCGCGCGG
C*02:63,GCTCCCACTCCATGAGGTATTTCTACACCGCTGTGTCCCGGCCCAGCCGCGGAGAGCCCCACTTCATCGCAGTGGGCTACGTGGACGACACGCAGTTCGTGCGGTTCGACAGCGACGCCGCGGGTCCAAGAGGGGAGCCGCGGGCGCCGTGGGTGGAGCAGGAGGGGCCGGAGTATTGGGACCGGGAGACACAGAAGTACAAGCGCCAGGCACAGACTGACCGAGTGAACCTGCGGAAACTGCGCGGCTACTACAACCAGAGCGAGGCCG,GGTCTCACACCCTCCAGAGGATGTACGGCTGCGACCTGGGGCCCGACGGGCGCCTCCTCCGCGGGTATGACCAGTCCGCCTACGACGGCAAGGATTACATCGCCCTGAACGAGGACCTGCGCTCCTGGACCGCCGCGGACACAGCGGCTCAGATCACCCAGCGCAAGTGGGAGGCGGCCCGTGAGGCGGAGCAGTGGAGAGCCTACCTGGAGGGCGAGTGCGTGGAGTGGCTCCGCAGATACCTGGAGAACGGGAAGGAGACGCTGCAGCGCGCGG
C*02:64,GCTCCCACTCCATGAGGTATTTCTACACCGCTGTGTCCCGGCCCAGCCGCGGAGAGCCCCACTTCATCGCAGTGGGCTACGTGGACGACACGCAGTTCGTGCGGTTCGACAGCGACGCCGCGAGTCCAAGAGGGGAGCCGCGGGCGCCGTGGGTGGAGCAGGAGGGGCCGGAGTATTGGGACCGGGAGACACAGAAGTACAAGCGCCAGGCACAGACTGACCGAGTGAACCTGCGGAAACTGCGCGGCTACTACAACCAGAGCGAGGCCG,GGTCTCACACCCTCCAGAGGATGTACTGCTGCGACCTGGGGCCCGACGGGCGCCTCCTCCGCGGGTATGACCAGTCCGCCTACGACGGCAAGGATTACATCGCCCTGAACGAGGACCTGCGCTCCTGGACCGCCGCGGACACAGCGGCTCAGATCACCCAGCGCAAGTGGGAGGCGGCCCGTGAGGCGGAGCAGTGGAGAGCCTACCTGGAGGGCGAGTGCGTGGAGTGGCTCCGCAGATACCTGGAGAACGGGAAGGAGACGCTGCAGCGCGCGG
C*02:65,GCTCCCACTCCATGAGGTATTTCTACACCGCTGTGTCCCGGCCCAGCCGCGGAGAGCCCCACTTCATCGCAGTGGGCTACGTGGACGACACGCAGTTCGTGCGGTTCGACAGCGACGCCGCGAGTCCAAGAGGGGAGCCGCGGGCGCCGTGGGTGGAGCAGGAGGGGCCGGAGTATTGGGACCGGGAGACACAGAAGTACAAGCGCCAGGCACAGACTGACCGAGTGAACCTGCGGAACCTGCGCGGCTACTACAACCAGAGCGAGGCCG,GGTCTCACACCCTCCAGAGGATGTACGGCTGCGACCTGGGGCCCGACGGGCGCCTCCTCCGCGGGTATGACCAGTCCGCCTACGACGGCAAGGATTACATCGCCCTGAACGAGGACCTGCGCTCCTGGACCGCCGCGGACACAGCGGCTCAGATCACCCAGCGCAAGTGGGAGGCGGCCCGTGAGGCGGAGCAGTGGAGAGCCTACCTGGAGGGCGAGTGCGTGGAGTGGCTCCGCAGATACCTGGAGAACGGGAAGGAGACGCTGCAGCGCGCGG
C*02:66,GCTCCCACTCCATGAGGTATTTCTACACCGCTGTGTCCCGGCCCAGCCGCGGAGAGCCCCACTTCATCGCAGTGGGCTACGTGGACGACACGCAGTTCGTGCGGTTCGACAGCGACGCCGCGAGTCCAAGAGGGGAGCCGCGGGCGCCGTGGGTGGAGCAGGAGGGGCCGGAGTATTGGGACCGGGAGACACGGAAGTACAAGCGCCAGGCACAGACTGACCGAGTGAACCTGCGGAAACTGCGCGGCTACTACAACCAGAGCGAGGCCG,GGTCTCACACCCTCCAGAGGATGTACGGCTGCGACCTGGGGCCCGACGGGCGCCTCCTCCGCGGGTATGACCAGTCCGCCTACGACGGCAAGGATTACATCGCCCTGAACGAGGACCTGCGCTCCTGGACCGCCGCGGACACAGCGGCTCAGATCACCCAGCGCAAGTGGGAGGCGGCCCGTGAGGCGGAGCAGTGGAGAGCCTACCTGGAGGGCGAGTGCGTGGAGTGGCTCCGCAGATACCTGGAGAACGGGAAGGAGACGCTGCAGCGCGCGG
C*03:02:01G,GCTCCCACTCCATGAGGTATTTCTACACCGCTGTGTCCCGGCCCGGCCGCGGGGAGCCCCACTTCATCGCAGTGGGCTACGTGGACGACACGCAGTTCGTGCGGTTCGACAGCGACGCCGCGAGTCCGAGAGGGGAGCCGCGGGCGCCGTGGGTGGAGCAGGAGGGGCCGGAGTATTGGGACCGGGAGACACAGAAGTACAAGCGCCAGGCACAGACTGACCGAGTGAGCCTGCGGAACCTGCGCGGCTACTACAACCAGAGCGAGGCCG,GGTCTCACATCCTCCAGAGGATGTATGGCTGCGACGTGGGGCCCGACGGGCGCCTCCTCCGCGGGTATGACCAGTCCGCCTACGACGGCAAGGATTACATCGCCCTGAACGAGGATCTGCGCTCCTGGACCGCCGCGGACACGGCGGCTCAGATCACCCAGCGCAAGTGGGAGGCGGCCCGTGAGGCGGAGCAGCTGAGAGCCTACCTGGAGGGCCTGTGCGTGGAGTGGCTCCGCAGATACCTGAAGAATGGGAAGGAGACGCTGCAGCGCGCGG
C*03:02:04,GCTCCCACTCCATGAGGTATTTCTACACCGCTGTGTCCCGGCCCGGCCGCGGGGAGCCCCACTTCATCGCAGTGGGCTATGTGGACGACACGCAGTTCGTGCGGTTCGACAGCGACGCCGCGAGTCCGAGAGGGGAGCCGCGGGCGCCGTGGGTGGAGCAGGAGGGGCCGGAGTATTGGGACCGGGAGACACAGAAGTACAAGCGCCAGGCACAGACTGACCGAGTGAGCCTGCGGAACCTGCGCGGCTACTACAACCAGAGCGAGGCCG,GGTCTCACATCCTCCAGAGGATGTATGGCTGCGACGTGGGGCCCGACGGGCGCCTCCTCCGCGGGTATGACCAGTCCGCCTACGACGGCAAGGATTACATCGCCCTGAACGAGGATCTGCGCTCCTGGACCGCCGCGGACACGGCGGCTCAGATCACCCAGCGCAAGTGGGAGGCGGCCCGTGAGGCGGAGCAGCTGAGAGCCTACCTGGAGGGCCTGTGCGTGGAGTGGCTCCGCAGATACCTGAAGAATGGGAAGGAGACGCTGCAGCGCGCGG
C*03:02:05,GCTCCCACTCCATGAGGTATTTCTACACCGCTGTGTCCCGGCCCGGCCGCGGGGAGCCCCACTTCATCGCAGTGGGCTACGTGGACGATACGCAGTTCGTGCGGTTCGACAGCGACGCCGCGAGTCCGAGAGGGGAGCCGCGGGCGCCGTGGGTGGAGCAGGAGGGGCCGGAGTATTGGGACCGGGAGACACAGAAGTACAAGCGCCAGGCACAGACTGACCGAGTGAGCCTGCGGAACCTGCGCGGCTACTACAACCAGAGCGAGGCCG,GGTCTCACATCCTCCAGAGGATGTATGGCTGCGACGTGGGGCCCGACGGGCGCCTCCTCCGCGGGTATGACCAGTCCGCCTACGACGGCAAGGATTACATCGCCCTGAACGAGGATCTGCGCTCCTGGACCGCCGCGGACACGGCGGCTCAGATCACCCAGCGCAAGTGGGAGGCGGCCCGTGAGGCGGAGCAGCTGAGAGCCTACCTGGAGGGCCTGTGCGTGGAGTGGCTCCGCAGATACCTGAAGAATGGGAAGGAGACGCTGCAGCGCGCGG
C*03:02:06,GCTCCCACTCCATGAGGTATTTCTACACCGCTGTGTCCCGGCCCGGCCGCGGGGAGCCCCACTTCATCGCAGTGGGCTACGTGGACGACACGCAGTTCGTGCGGTTCGACAGCGACGCCGCGAGTCCGAGAGGGGAGCCGCGGGCGCCGTGGGTGGAGCAGGAGGGGCCGGAGTATTGGGACCGGGAGACACAGAAGTACAAGCGCCAGGCACAGACTGACCGAGTGAGCCTGCGGAACCTGCGCGGCTACTACAACCAGAGCGAGGCCG,GGTCTCACATCCTCCAGAGGATGTATGGCTGCGACGTGGGGCCCGACGGGCGCCTCCTCCGCGGGTATGACCAGTCCGCCTACGACGGCAAGGATTACATCGCCCTGAACGAGGATCTGCGCTCCTGGACCGCCGCGGACACCGCGGCTCAGATCACCCAGCGCAAGTGGGAGGCGGCCCGTGAGGCGGAGCAGCTGAGAGCCTACCTGGAGGGCCTGTGCGTGGAGTGGCTCCGCAGATACCTGAAGAATGGGAAGGAGACGCTGCAGCGCGCGG
C*03:02:08,GCTCCCACTCCATGAGGTATTTCTACACCGCTGTGTCCCGGCCCGGCCGCGGGGAGCCCCACTTCATCGCAGTGGGCTACGTGGACGACACGCAGTTCGTGCGGTTCGACAGCGACGCCGCGAGTCCGAGAGGGGAGCCGCGGGCGCCGTGGGTGGAGCAGGAGGGGCCGGAGTATTGGGACCGGGAGACACAGAAGTACAAGCGCCAGGCACAGACTGACCGAGTGAGCCTGCGGAACCTGCGCGGCTACTACAACCAGAGCGAGGCCG,GGTCTCACATCCTCCAAAGGATGTATGGCTGCGACGTGGGGCCCGACGGGCGCCTCCTCCGCGGGTATGACCAGTCCGCCTACGACGGCAAGGATTACATCGCCCTGAACGAGGATCTGCGCTCCTGGACCGCCGCGGACACGGCGGCTCAGATCACCCAGCGCAAGTGGGAGGCGGCCCGTGAGGCGGAGCAGCTGAGAGCCTACCTGGAGGGCCTGTGCGTGGAGTGGCTCCGCAGATACCTGAAGAATGGGAAGGAGACGCTGCAGCGCGCGG
C*03:02:09,GCTCCCACTCCATGAGATATTTCTACACCGCTGTGTCCCGGCCCGGCCGCGGGGAGCCCCACTTCATCGCAGTGGGCTACGTGGACGACACGCAGTTCGTGCGGTTCGACAGCGACGCCGCGAGTCCGAGAGGGGAGCCGCGGGCGCCGTGGGTGGAGCAGGAGGGGCCGGAGTATTGGGACCGGGAGACACAGAAGTACAAGCGCCAGGCACAGACTGACCGAGTGAGCCTGCGGAACCTGCGCGGCTACTACAACCAGAGCGAGGCCG,GGTCTCACATCCTCCAGAGGATGTATGGCTGCGACGTGGGGCCCGACGGGCGCCTCCTCCGCGGGTATGACCAGTCCGCCTACGACGGCAAGGATTACATCGCCCTGAACGAGGATCTGCGCTCCTGGACCGCCGCGGACACGGCGGCTCAGATCACCCAGCGCAAGTGGGAGGCGGCCCGTGAGGCGGAGCAGCTGAGAGCCTACCTGGAGGGCCTGTGCGTGGAGTGGCTCCGCAGATACCTGAAGAATGGGAAGGAGACGCTGCAGCGCGCGG
C*03:03:01G,GCTCCCACTCCATGAGGTATTTCTACACCGCTGTGTCCCGGCCCGGCCGCGGGGAGCCCCACTTCATCGCAGTGGGCTACGTGGACGACACGCAGTTCGTGCGGTTCGACAGCGACGCCGCGAGTCCGAGAGGGGAGCCGCGGGCGCCGTGGGTGGAGCAGGAGGGGCCGGAGTATTGGGACCGGGAGACACAGAAGTACAAGCGCCAGGCACAGACTGACCGAGTGAGCCTGCGGAACCTGCGCGGCTACTACAACCAGAGCGAGGCCA,GGTCTCACATCATCCAGAGGATGTATGGCTGCGACGTGGGGCCCGACGGGCGCCTCCTCCGCGGGTATGACCAGTACGCCTACGACGGCAAGGATTACATCGCCCTGAACGAGGATCTGCGCTCCTGGACCGCCGCGGACACGGCGGCTCAGATCACCCAGCGCAAGTGGGAGGCGGCCCGTGAGGCGGAGCAGCTGAGAGCCTACCTGGAGGGCCTGTGCGTGGAGTGGCTCCGCAGATACCTGAAGAATGGGAAGGAGACGCTGCAGCGCGCGG
C*03:03:02,GCTCCCACTCCATGAGGTATTTCTACACCGCTGTGTCCCGGCCCGGCCGCGGGGAGCCCCACTTCATCGCAGTGGGCTACGTGGACGACACGCAGTTCGTGCGGTTCGACAGCGACGCCGCGAGTCCGAGAGGGGAGCCGCGGGCGCCGTGGGTGGAGCAGGAGGGGCCGGAGTATTGGGACCGGGAGACACAGAAGTACAAGCGCCAGGCACAGACTGACCGAGTGAGCCTGCGGAACCTGCGCGGCTACTACAACCAGAGCGAGGCCA,GGTCTCACATCATCCAGAGGATGTATGGCTGCGACGTGGGGCCCGACGGGCGCCTCCTCCGCGGGTATGACCAGTACGCCTACGACGGCAAGGATTACATCGCCCTGAACGAGGATCTGCGCTCCTGGACCGCCGCGGACACGGCGGCCCAGATCACCCAGCGCAAGTGGGAGGCGGCCCGTGAGGCGGAGCAGCTGAGAGCCTACCTGGAGGGCCTGTGCGTGGAGTGGCTCCGCAGATACCTGAAGAATGGGAAGGAGACGCTGCAGCGCGCGG
C*03:03:03,GCTCCCACTCCATGAGGTATTTCTACACCGCTGTGTCCCGGCCCGGCCGCGGGGAGCCCCACTTCATCGCAGTGGGCTACGTGGACGACACGCAGTTCGTGCGGTTCGACAGCGACGCCGCGAGTCCGAGAGGGGAGCCGCGGGCGCCGTGGGTGGAGCAGGAGGGGCCGGAGTATTGGGACCGGGAGACACAGAAGTACAAGCGCCAGGCACAGACTGACCGAGTGAGCCTGCGGAACCTGCGCGGCTACTACAACCAGAGCGAGGCCA,GGTCTCACATCATCCAGAGGATGTATGGCTGCGACGTGGGACCCGACGGGCGCCTCCTCCGCGGGTATGACCAGTACGCCTACGACGGCAAGGATTACATCGCCCTGAACGAGGATCTGCGCTCCTGGACCGCCGCGGACACGGCGGCTCAGATCACCCAGCGCAAGTGGGAGGCGGCCCGTGAGGCGGAGCAGCTGAGAGCCTACCTGGAGGGCCTGTGCGTGGAGTGGCTCCGCAGATACCTGAAGAATGGGAAGGAGACGCTGCAGCGCGCGG
C*03:03:04,GCTCCCACTCCATGAGGTATTTCTACACCGCTGTGTCCCGGCCCGGCCGCGGGGAGCCCCACTTCATCGCAGTGGGCTACGTGGACGACACGCAGTTCGTGCGGTTCGACAGCGACGCCGCGAGTCCGAGAGGGGAGCCGCGGGCGCCGTGGGTGGAGCAGGAGGGGCCGGAGTATTGGGACCGGGAGACACAGAAGTACAAGCGCCAGGCACAGACTGACCGAGTGAGCCTGCGGAACCTGCGCGGCTACTACAACCAGAGCGAGGCCA,GGTCTCACATCATCCAGAGGATGTACGGCTGCGACGTGGGGCCCGACGGGCGCCTCCTCCGCGGGTATGACCAGTACGCCTACGACGGCAAGGATTACATCGCCCTGAACGAGGATCTGCGCTCCTGGACCGCCGCGGACACGGCGGCTCAGATCACCCAGCGCAAGTGGGAGGCGGCCCGTGAGGCGGAGCAGCTGAGAGCCTACCTGGAGGGCCTGTGCGTGGAGTGGCTCCGCAGATACCTGAAGAATGGGAAGGAGACGCTGCAGCGCGCGG
C*03:03:05,GCTCCCACTCCATGAGGTATTTCTACACCGCTGTGTCCCGGCCCGGCCGCGGGGAGCCCCACTTCATCGCAGTGGGCTACGTGGACGACACGCAGTTCGTGCGGTTCGACAGCGACGCCGCGAGTCCGAGAGGGGAGCCGCGGGCGCCGTGGGTGGAGCAGGAGGGGCCGGAGTATTGGGACCGGGAGACACAGAAGTACAAGCGCCAGGCACAGACTGACCGAGTGAGCCTGCGGAACCTGCGCGGCTACTACAACCAGAGCGAGGCCA,GGTCTCACATCATCCAGAGGATGTATGGCTGCGACGTGGGGCCGGACGGGCGCCTCCTCCGCGGGTATGACCAGTACGCCTACGACGGCAAGGATTACATCGCCCTGAACGAGGATCTGCGCTCCTGGACCGCCGCGGACACGGCGGCTCAGATCACCCAGCGCAAGTGGGAGGCGGCCCGTGAGGCGGAGCAGCTGAGAGCCTACCTGGAGGGCCTGTGCGTGGAGTGGCTCCGCAGATACCTGAAGAATGGGAAGGAGACGCTGCAGCGCGCGG
C*03:03:06,GCTCCCACTCCATGAGGTATTTCTACACCGCTGTGTCCCGGCCCGGCCGCGGGGAGCCCCACTTCATCGCAGTGGGCTACGTGGACGACACGCAGTTCGTGCGGTTCGACAGCGACGCCGCGAGTCCGAGAGGGGAGCCGCGGGCGCCGTGGGTGGAGCAGGAGGGGCCGGAGTATTGGGACCGGGAGACACAGAAGTACAAGCGCCAGGCACAGACTGACCGAGTGAGCCTGCGGAACCTGCGCGGCTACTACAACCAGAGCGAGGCCA,GGTCTCACATCATCCAGAGGATGTATGGCTGCGACGTGGGGCCCGACGGGCGCCTCCTCCGCGGGTATGACCAGTACGCCTACGACGGCAAGGATTACATCGCCCTGAACGAGGATCTGCGCTCCTGGACCGCCGCGGACACGGCGGCTCAGATCACCCAGCGCAAGTGGGAGGCGGCCCGTGAGGCCGAGCAGCTGAGAGCCTACCTGGAGGGCCTGTGCGTGGAGTGGCTCCGCAGATACCTGAAGAATGGGAAGGAGACGCTGCAGCGCGCGG
C*03:03:07,GCTCCCACTCCATGAGGTATTTCTACACCGCTGTGTCCCGGCCCGGCCGCGGGGAGCCCCACTTCATCGCAGTGGGCTACGTGGACGACACGCAGTTCGTGCGGTTCGACAGCGACGCCGCGAGTCCGAGAGGGGAGCCGCGGGCGCCGTGGGTGGAGCAGGAGGGGCCGGAGTATTGGGACCGGGAGACACAGAAGTACAAGCGCCAGGCACAGACTGACCGAGTGAGCCTGCGGAACCTGCGCGGCTACTACAACCAGAGCGAGGCCA,GGTCTCACATCATCCAGAGGATGTATGGCTGCGACGTGGGGCCCGACGGGCGCCTCCTCCGCGGGTATGACCAGTACGCCTACGACGGCAAGGATTACATCGCCCTGAACGAGGATCTGCGCTCCTGGACCGCCGCGGACACGGCGGCTCAGATCACGCAGCGCAAGTGGGAGGCGGCCCGTGAGGCGGAGCAGCTGAGAGCCTACCTGGAGGGCCTGTGCGTGGAGTGGCTCCGCAGATACCTGAAGAATGGGAAGGAGACGCTGCAGCGCGCGG
C*03:03:08,GCTCCCACTCCATGAGGTATTTCTACACCGCTGTGTCCCGGCCCGGCCGCGGGGAGCCCCACTTCATCGCAGTGGGCTACGTGGACGACACGCAGTTCGTGCGGTTCGACAGCGACGCCGCGAGTCCGAGAGGGGAGCCGCGGGCGCCGTGGGTGGAGCAGGAGGGGCCGGAGTATTGGGACCGGGAGACACAGAAGTACAAGCGCCAGGCACAGACTGACCGAGTGAGCCTGCGGAACCTGCGCGGCTACTACAACCAGAGCGAGGCCA,GGTCTCACATCATCCAGAGGATGTATGGCTGCGACGTGGGGCCCGACGGGCGCCTCCTCCGCGGGTATGACCAGTACGCCTACGACGGCAAGGATTACATCGCCCTGAACGAGGATCTGCGCTCCTGGACCGCCGCAGACACGGCGGCTCAGATCACCCAGCGCAAGTGGGAGGCGGCCCGTGAGGCGGAGCAGCTGAGAGCCTACCTGGAGGGCCTGTGCGTGGAGTGGCTCCGCAGATACCTGAAGAATGGGAAGGAGACGCTGCAGCGCGCGG
C*03:03:09,GCTCCCACTCCATGAGGTATTTCTACACCGCTGTGTCCCGGCCCGGCCGCGGGGAGCCCCACTTCATCGCAGTGGGCTACGTGGACGACACGCAGTTCGTGCGGTTCGACAGCGACGCCGCGAGTCCGAGAGGGGAGCCGCGGGCGCCGTGGGTGGAGCAGGAGGGGCCGGAGTATTGGGACCGGGAGACACAGAAGTACAAGCGCCAGGCACAGACTGACCGAGTGAGCCTGCGGAACCTGCGCGGCTACTACAACCAGAGCGAGGCCA,GGTCTCACATCATCCAGAGGATGTATGGCTGCGACGTGGGGCCCGACGGGCGCCTCCTCCGCGGGTATGACCAGTACGCCTACGACGGCAAGGATTACATCGCCCTGAACGAGGATCTGCGCTCCTGGACCGCCGCGGACACCGCGGCTCAGATCACCCAGCGCAAGTGGGAGGCGGCCCGTGAGGCGGAGCAGCTGAGAGCCTACCTGGAGGGCCTGTGCGTGGAGTGGCTCCGCAGATACCTGAAGAATGGGAAGGAGACGCTGCAGCGCGCGG
C*03:03:10,GCTCCCACTCCATGAGGTATTTCTACACCGCTGTGTCCCGGCCTGGCCGCGGGGAGCCCCACTTCATCGCAGTGGGCTACGTGGACGACACGCAGTTCGTGCGGTTCGACAGCGACGCCGCGAGTCCGAGAGGGGAGCCGCGGGCGCCGTGGGTGGAGCAGGAGGGGCCGGAGTATTGGGACCGGGAGACACAGAAGTACAAGCGCCAGGCACAGACTGACCGAGTGAGCCTGCGGAACCTGCGCGGCTACTACAACCAGAGCGAGGCCA,GGTCTCACATCATCCAGAGGATGTATGGCTGCGACGTGGGGCCCGACGGGCGCCTCCTCCGCGGGTATGACCAGTACGCCTACGACGGCAAGGATTACATCGCCCTGAACGAGGATCTGCGCTCCTGGACCGCCGCGGACACGGCGGCTCAGATCACCCAGCGCAAGTGGGAGGCGGCCCGTGAGGCGGAGCAGCTGAGAGCCTACCTGGAGGGCCTGTGCGTGGAGTGGCTCCGCAGATACCTGAAGAATGGGAAGGAGACGCTGCAGCGCGCGG
C*03:03:11,GCTCCCACTCCATGAGGTATTTCTACACCGCTGTGTCCCGGCCCGGCCGCGGGGAGCCCCACTTCATCGCAGTGGGCTACGTGGACGACACGCAGTTCGTGCGGTTCGACAGCGACGCTGCGAGTCCGAGAGGGGAGCCGCGGGCGCCGTGGGTGGAGCAGGAGGGGCCGGAGTATTGGGACCGGGAGACACAGAAGTACAAGCGCCAGGCACAGACTGACCGAGTGAGCCTGCGGAACCTGCGCGGCTACTACAACCAGAGCGAGGCCA,GGTCTCACATCATCCAGAGGATGTATGGCTGCGACGTGGGGCCCGACGGGCGCCTCCTCCGCGGGTATGACCAGTACGCCTACGACGGCAAGGATTACATCGCCCTGAACGAGGATCTGCGCTCCTGGACCGCCGCGGACACGGCGGCTCAGATCACCCAGCGCAAGTGGGAGGCGGCCCGTGAGGCGGAGCAGCTGAGAGCCTACCTGGAGGGCCTGTGCGTGGAGTGGCTCCGCAGATACCTGAAGAATGGGAAGGAGACGCTGCAGCGCGCGG
C*03:03:12,GCTCCCACTCCATGAGGTATTTCTACACCGCTGTGTCCCGGCCCGGCCGCGGAGAGCCCCACTTCATCGCAGTGGGCTACGTGGACGACACGCAGTTCGTGCGGTTCGACAGCGACGCCGCGAGTCCGAGAGGGGAGCCGCGGGCGCCGTGGGTGGAGCAGGAGGGGCCGGAGTATTGGGACCGGGAGACACAGAAGTACAAGCGCCAGGCACAGACTGACCGAGTGAGCCTGCGGAACCTGCGCGGCTACTACAACCAGAGCGAGGCCA,GGTCTCACATCATCCAGAGGATGTATGGCTGCGACGTGGGGCCCGACGGGCGCCTCCTCCGCGGGTATGACCAGTACGCCTACGACGGCAAGGATTACATCGCCCTGAACGAGGATCTGCGCTCCTGGACCGCCGCGGACACGGCGGCTCAGATCACCCAGCGCAAGTGGGAGGCGGCCCGTGAGGCGGAGCAGCTGAGAGCCTACCTGGAGGGCCTGTGCGTGGAGTGGCTCCGCAGATACCTGAAGAATGGGAAGGAGACGCTGCAGCGCGCGG
C*03:03:13,GCTCCCACTCCATGAGGTATTTCTACACCGCTGTGTCCCGGCCCGGCCGCGGGGAGCCCCACTTCATCGCAGTGGGCTACGTGGACGACACGCAGTTCGTGCGGTTCGACAGCGACGCCGCGAGTCCGAGAGGGGAGCCGCGGGCGCCGTGGGTGGAGCAGGAGGGGCCGGAGTATTGGGACCGGGAGACACAGAAGTACAAGCGCCAGGCACAGACTGACCGAGTGAGCCTGCGGAACCTGCGCGGCTACTACAACCAGAGCGAGGCCA,GGTCTCACATCATCCAGAGGATGTATGGCTGCGACGTGGGGCCCGACGGGCGCCTCCTCCGCGGCTATGACCAGTACGCCTACGACGGCAAGGATTACATCGCCCTGAACGAGGATCTGCGCTCCTGGACCGCCGCGGACACGGCGGCTCAGATCACCCAGCGCAAGTGGGAGGCGGCCCGTGAGGCGGAGCAGCTGAGAGCCTACCTGGAGGGCCTGTGCGTGGAGTGGCTCCGCAGATACCTGAAGAATGGGAAGGAGACGCTGCAGCGCGCGG
C*03:03:14,GCTCCCACTCCATGAGGTATTTCTACACCGCTGTGTCCCGGCCCGGCCGCGGGGAGCCCCACTTCATCGCAGTGGGCTACGTGGACGACACGCAGTTCGTGCGATTCGACAGCGACGCCGCGAGTCCGAGAGGGGAGCCGCGGGCGCCGTGGGTGGAGCAGGAGGGGCCGGAGTATTGGGACCGGGAGACACAGAAGTACAAGCGCCAGGCACAGACTGACCGAGTGAGCCTGCGGAACCTGCGCGGCTACTACAACCAGAGCGAGGCCA,GGTCTCACATCATCCAGAGGATGTATGGCTGCGACGTGGGGCCCGACGGGCGCCTCCTCCGCGGGTATGACCAGTACGCCTACGACGGCAAGGATTACATCGCCCTGAACGAGGATCTGCGCTCCTGGACCGCCGCGGACACGGCGGCTCAGATCACCCAGCGCAAGTGGGAGGCGGCCCGTGAGGCGGAGCAGCTGAGAGCCTACCTGGAGGGCCTGTGCGTGGAGTGGCTCCGCAGATACCTGAAGAATGGGAAGGAGACGCTGCAGCGCGCGG
C*03:03:15,GCTCCCACTCCATGAGGTATTTCTACACCGCTGTGTCCCGGCCCGGCCGCGGAGAGCCCCACTTCATCGCAGTGGGCTACGTGGACGACACGCAGTTCGTGCGGTTCGACAGCGACGCCGCGAGTCCGAGAGGGGAGCCGCGGGCGCCGTGGGTGGAGCAGGAGGGGCCGGAGTATTGGGACCGGGAGACACAGAAGTACAAGCGCCAGGCACAGACTGACCGAGTGAGCCTGCGGAATCTGCGCGGCTACTACAACCAGAGCGAGGCCA,GGTCTCACATCATCCAGAGGATGTATGGCTGCGACGTGGGGCCCGACGGGCGCCTCCTCCGCGGGTATGACCAGTACGCCTACGACGGCAAGGATTACATCGCCCTGAACGAGGATCTGCGCTCCTGGACCGCCGCGGACACGGCGGCTCAGATCACCCAGCGCAAGTGGGAGGCGGCCCGTGAGGCGGAGCAGCTGAGAGCCTACCTGGAGGGCCTGTGCGTGGAGTGGCTCCGCAGATACCTGAAGAATGGGAAGGAGACGCTGCAGCGCGCGG
C*03:03:16,GCTCCCACTCCATGAGGTATTTCTACACCGCTGTGTCCCGGCCCGGCCGCGGGGAGCCCCACTTCATCGCAGTGGGCTACGTGGACGACACGCAGTTCGTGCGGTTCGACAGCGACGCCGCGAGTCCGAGAGGGGAGCCGCGGGCGCCGTGGGTGGAGCAGGAGGGGCCGGAGTATTGGGACCGGGAGACACAGAAGTACAAGCGCCAGGCACAGACTGACCGAGTGAGCCTGCGGAACCTGCGCGGCTACTACAACCAGAGCGAGGCCA,GGTCTCACATCATCCAGAGGATGTATGGCTGCGACGTGGGGCCCGACGGGCGCCTCCTCCGCGGGTATGACCAGTACGCCTACGACGGCAAGGATTACATCGCCCTGAACGAGGATCTGCGCTCCTGGACCGCGGCGGACACGGCGGCTCAGATCACCCAGCGCAAGTGGGAGGCGGCCCGTGAGGCGGAGCAGCTGAGAGCCTACCTGGAGGGCCTGTGCGTGGAGTGGCTCCGCAGATACCTGAAGAATGGGAAGGAGACGCTGCAGCGCGCGG
C*03:03:18,GCTCCCACTCCATGAGGTATTTCTACACCGCTGTGTCCCGGCCCGGCCGCGGGGAGCCCCACTTCATCGCAGTGGGCTACGTGGACGACACGCAGTTCGTGCGGTTCGACAGCGACGCCGCGAGTCCGAGAGGGGAGCCGCGGGCGCCGTGGGTGGAGCAGGAGGGGCCGGAGTATTGGGACCGGGAGACGCAGAAGTACAAGCGCCAGGCACAGACTGACCGAGTGAGCCTGCGGAACCTGCGCGGCTACTACAACCAGAGCGAGGCCA,GGTCTCACATCATCCAGAGGATGTATGGCTGCGACGTGGGGCCCGACGGGCGCCTCCTCCGCGGGTATGACCAGTACGCCTACGACGGCAAGGATTACATCGCCCTGAACGAGGATCTGCGCTCCTGGACCGCCGCGGACACGGCGGCTCAGATCACCCAGCGCAAGTGGGAGGCGGCCCGTGAGGCGGAGCAGCTGAGAGCCTACCTGGAGGGCCTGTGCGTGGAGTGGCTCCGCAGATACCTGAAGAATGGGAAGGAGACGCTGCAGCGCGCGG
C*03:03:19,GCTCCCACTCCATGAGGTATTTCTACACCGCTGTGTCCCGGCCCGGCCGCGGGGAGCCCCACTTCATCGCAGTGGGCTACGTGGACGACACGCAGTTCGTGCGGTTCGACAGCGACGCCGCGAGTCCGAGAGGGGAGCCGCGGGCTCCGTGGGTGGAGCAGGAGGGGCCGGAGTATTGGGACCGGGAGACACAGAAGTACAAGCGCCAGGCACAGACTGACCGAGTGAGCCTGCGGAACCTGCGCGGCTACTACAACCAGAGCGAGGCCA,GGTCTCACATCATCCAGAGGATGTATGGCTGCGACGTGGGGCCCGACGGGCGCCTCCTCCGCGGGTATGACCAGTACGCCTACGACGGCAAGGATTACATCGCCCTGAACGAGGATCTGCGCTCCTGGACCGCCGCGGACACGGCGGCTCAGATCACCCAGCGCAAGTGGGAGGCGGCCCGTGAGGCGGAGCAGCTGAGAGCCTACCTGGAGGGCCTGTGCGTGGAGTGGCTCCGCAGATACCTGAAGAATGGGAAGGAGACGCTGCAGCGCGCGG
C*03:04:01G,GCTCCCACTCCATGAGGTATTTCTACACCGCTGTGTCCCGGCCCGGCCGCGGGGAGCCCCACTTCATCGCAGTGGGCTACGTGGACGACACGCAGTTCGTGCGGTTCGACAGCGACGCCGCGAGTCCGAGAGGGGAGCCGCGGGCGCCGTGGGTGGAGCAGGAGGGGCCGGAGTATTGGGACCGGGAGACACAGAAGTACAAGCGCCAGGCACAGACTGACCGAGTGAGCCTGCGGAACCTGCGCGGCTACTACAACCAGAGCGAGGCCG,GGTCTCACATCATCCAGAGGATGTATGGCTGCGACGTGGGGCCCGACGGGCGCCTCCTCCGCGGGTATGACCAGTACGCCTACGACGGCAAGGATTACATCGCCCTGAACGAGGATCTGCGCTCCTGGACCGCCGCGGACACGGCGGCTCAGATCACCCAGCGCAAGTGGGAGGCGGCCCGTGAGGCGGAGCAGCTGAGAGCCTACCTGGAGGGCCTGTGCGTGGAGTGGCTCCGCAGATACCTGAAGAATGGGAAGGAGACGCTGCAGCGCGCGG
C*03:04:02,GCTCCCACTCCATGAGGTATTTCTACACCGCTGTGTCCCGGCCCGGCCGCGGGGAGCCCCACTTCATCGCAGTGGGCTACGTGGACGACACGCAGTTCGTGCGGTTCGACAGCGACGCCGCGAGTCCGAGAGGGGAGCCGCGGGCGCCGTGGGTGGAGCAGGAGGGGCCGGAGTATTGGGACCGGGAGACACAGAAGTACAAGCGCCAGGCACAGACTGACCGAGTGAGCCTGCGGAACCTGCGCGGCTACTACAACCAGAGCGAGGCCG,GGTCTCACATCATCCAGAGGATGTACGGCTGCGACGTGGGGCCCGACGGGCGCCTCCTCCGCGGGTATGACCAGTACGCCTACGACGGCAAGGATTACATCGCCCTGAACGAGGATCTGCGCTCCTGGACCGCCGCGGACACGGCGGCTCAGATCACCCAGCGCAAGTGGGAGGCGGCCCGTGAGGCGGAGCAGCTGAGAGCCTACCTGGAGGGCCTGTGCGTGGAGTGGCTCCGCAGATACCTGAAGAATGGGAAGGAGACGCTGCAGCGCGCGG
C*03:04:04,GCTCCCACTCCATGAGGTATTTCTACACCGCTGTGTCCCGGCCCGGCCGCGGGGAGCCCCACTTCATCGCAGTGGGCTACGTGGACGACACGCAGTTCGTGCGGTTCGACAGCGACGCCGCGAGTCCGAGAGGGGAGCCGCGGGCGCCGTGGGTGGAGCAGGAGGGGCCGGAGTATTGGGACCGGGAGACGCAGAAGTACAAGCGCCAGGCACAGACTGACCGAGTGAGCCTGCGGAACCTGCGCGGCTACTACAACCAGAGCGAGGCCG,GGTCTCACATCATCCAGAGGATGTATGGCTGCGACGTGGGGCCCGACGGGCGCCTCCTCCGCGGGTATGACCAGTACGCCTACGACGGCAAGGATTACATCGCCCTGAACGAGGATCTGCGCTCCTGGACCGCCGCGGACACGGCGGCTCAGATCACCCAGCGCAAGTGGGAGGCGGCCCGTGAGGCGGAGCAGCTGAGAGCCTACCTGGAGGGCCTGTGCGTGGAGTGGCTCCGCAGATACCTGAAGAATGGGAAGGAGACGCTGCAGCGCGCGG
C*03:04:05,GCTCCCACTCCATGAGGTATTTCTACACCGCTGTGTCCCGGCCCGGCCGCGGGGAGCCCCACTTCATCGCAGTGGGCTACGTGGACGACACGCAGTTCGTGCGGTTCGACAGCGACGCCGCGAGTCCGAGAGGGGAGCCGCGGGCGCCGTGGGTGGAGCAGGAGGGGCCGGAGTATTGGGACCGGGAGACACAGAAGTACAAGCGCCAGGCACAGACTGACCGAGTGAGCCTGCGGAACCTGCGCGGCTACTACAACCAGAGCGAGGCCG,GGTCTCACATCATCCAGAGGATGTATGGCTGCGACGTGGGGCCCGACGGGCGCCTCCTCCGCGGGTATGACCAGTACGCCTACGACGGCAAGGATTACATCGCCCTGAACGAGGATCTGCGCTCCTGGACCGCCGCGGACACGGCGGCTCAGATCACCCAGCGCAAGTGGGAGGCGGCCCGTGAGGCGGAGCAGCTGAGAGCCTACCTGGAGGGCCTGTGCGTGGAGTGGCTCCGCAGATACCTGAAGAATGGGAAGGAGACGCTGCAGCGCGCTG
C*03:04:06,GCTCCCACTCCATGAGGTATTTCTACACCGCTGTGTCCCGGCCCGGCCGCGGGGAGCCCCACTTCATCGCAGTGGGCTACGTGGACGACACACAGTTCGTGCGGTTCGACAGCGACGCCGCGAGTCCGAGAGGGGAGCCGCGGGCGCCGTGGGTGGAGCAGGAGGGGCCGGAGTATTGGGACCGGGAGACACAGAAGTACAAGCGCCAGGCACAGACTGACCGAGTGAGCCTGCGGAACCTGCGCGGCTACTACAACCAGAGCGAGGCCG,GGTCTCACATCATCCAGAGGATGTACGGCTGCGACGTGGGGCCCGACGGGCGCCTCCTCCGCGGGTATGACCAGTACGCCTACGACGGCAAGGATTACATCGCCCTGAACGAGGATCTGCGCTCCTGGACCGCCGCGGACACGGCGGCTCAGATCACCCAGCGCAAGTGGGAGGCGGCCCGTGAGGCGGAGCAGCTGAGAGCCTACCTGGAGGGCCTGTGCGTGGAGTGGCTCCGCAGATACCTGAAGAATGGGAAGGAGACGCTGCAGCGCGCGG
C*03:04:07,GCTCCCACTCCATGAGGTATTTCTACACCGCTGTGTCCCGGCCCGGCCGCGGGGAGCCCCACTTCATCGCAGTGGGCTACGTGGACGACACGCAGTTCGTGCGGTTCGACAGCGACGCCGCGAGTCCGAGAGGGGAGCCGCGGGCGCCGTGGGTGGAGCAGGAGGGGCCGGAGTATTGGGACCGGGAGACACAGAAGTACAAGCGCCAGGCACAGACTGACCGAGTGAGCCTGCGGAACCTGCGCGGCTACTACAACCAGAGCGAGGCCG,GGTCTCACATCATCCAGAGGATGTATGGCTGCGACGTGGGGCCCGACGGGCGCCTCCTCCGCGGGTATGACCAGTACGCCTACGACGGCAAGGATTACATCGCCCTGAACGAGGATCTGCGCTCCTGGACCGCCGCGGACACGGCGGCTCAGATCACCCAGCGCAAGTGGGAGGCGGCCCGTGAGGCGGAGCAGCTGAGAGCCTACCTGGAGGGCCTGTGCGTGGAGTGGCTCCGCAGATACCTGAAGAACGGGAAGGAGACGCTGCAGCGCGCGG
C*03:04:08,GCTCCCACTCCATGAGGTATTTCTACACCGCTGTGTCCCGGCCCGGCCGCGGGGAGCCCCACTTCATCGCAGTGGGCTACGTGGACGACACGCAGTTCGTGCGGTTCGACAGCGACGCCGCGAGTCCGAGAGGGGAGCCGCGGGCGCCGTGGGTGGAGCAGGAGGGGCCCGAGTATTGGGACCGGGAGACACAGAAGTACAAGCGCCAGGCACAGACTGACCGAGTGAGCCTGCGGAACCTGCGCGGCTACTACAACCAGAGCGAGGCCG,GGTCTCACATCATCCAGAGGATGTATGGCTGCGACGTGGGGCCCGACGGGCGCCTCCTCCGCGGGTATGACCAGTACGCCTACGACGGCAAGGATTACATCGCCCTGAACGAGGATCTGCGCTCCTGGACCGCCGCGGACACGGCGGCTCAGATCACCCAGCGCAAGTGGGAGGCGGCCCGTGAGGCGGAGCAGCTGAGAGCCTACCTGGAGGGCCTGTGCGTGGAGTGGCTCCGCAGATACCTGAAGAATGGGAAGGAGACGCTGCAGCGCGCGG
C*03:04:09,GCTCCCACTCCATGAGGTATTTCTACACCGCTGTGTCCCGACCCGGCCGCGGGGAGCCCCACTTCATCGCAGTGGGCTACGTGGACGACACGCAGTTCGTGCGGTTCGACAGCGACGCCGCGAGTCCGAGAGGGGAGCCGCGGGCGCCGTGGGTGGAGCAGGAGGGGCCGGAGTATTGGGACCGGGAGACACAGAAGTACAAGCGCCAGGCACAGACTGACCGAGTGAGCCTGCGGAACCTGCGCGGCTACTACAACCAGAGCGAGGCCG,GGTCTCACATCATCCAGAGGATGTATGGCTGCGACGTGGGGCCCGACGGGCGCCTCCTCCGCGGGTATGACCAGTACGCCTACGACGGCAAGGATTACATCGCCCTGAACGAGGATCTGCGCTCCTGGACCGCCGCGGACACGGCGGCTCAGATCACCCAGCGCAAGTGGGAGGCGGCCCGTGAGGCGGAGCAGCTGAGAGCCTACCTGGAGGGCCTGTGCGTGGAGTGGCTCCGCAGATACCTGAAGAATGGGAAGGAGACGCTGCAGCGCGCGG
C*03:04:10,GCTCCCACTCCATGAGGTATTTCTACACCGCTGTGTCCCGGCCCGGCCGCGGGGAGCCCCACTTCATCGCAGTGGGCTACGTGGACGACACGCAGTTCGTGCGGTTCGACAGCGACGCCGCGAGTCCGAGAGGGGAGCCGCGGGCGCCGTGGGTGGAGCAGGAGGGGCCGGAGTATTGGGACCGGGAGACACAGAAGTACAAGCGCCAGGCACAGACTGACCGAGTGAGCCTGCGGAACCTGCGCGGCTACTACAACCAGAGCGAGGCCG,GGTCTCACATCATCCAGAGGATGTATGGCTGCGACGTGGGGCCCGACGGGCGCCTCCTCCGCGGGTATGACCAGTACGCCTACGACGGCAAGGATTACATCGCCCTGAACGAGGATCTGCGCTCCTGGACCGCCGCGGACACCGCGGCTCAGATCACCCAGCGCAAGTGGGAGGCGGCCCGTGAGGCGGAGCAGCTGAGAGCCTACCTGGAGGGCCTGTGCGTGGAGTGGCTCCGCAGATACCTGAAGAATGGGAAGGAGACGCTGCAGCGCGCGG
C*03:04:11,GCTCCCACTCCATGAGGTATTTCTACACCGCTGTGTCCCGGCCCGGCCGCGGGGAGCCCCACTTCATCGCAGTGGGCTACGTGGACGACACGCAGTTCGTGCGGTTCGACAGCGACGCCGCGAGTCCGAGAGGGGAGCCGCGGGCGCCGTGGGTGGAGCAGGAGGGGCCGGAGTATTGGGACCGGGAGACACAGAAGTACAAGCGCCAGGCACAGACTGACCGAGTGAGCCTGCGGAACCTGCGCGGCTACTACAACCAGAGCGAGGCCG,GGTCTCACATCATCCAGAGGATGTATGGCTGCGACGTGGGGCCCGACGGGCGCCTCCTCCGCGGGTATGACCAGTACGCCTACGACGGCAAGGATTACATCGCCCTGAACGAGGATCTGCGCTCCTGGACCGCCGCGGACACGGCGGCTCAGATCACCCAGCGGAAGTGGGAGGCGGCCCGTGAGGCGGAGCAGCTGAGAGCCTACCTGGAGGGCCTGTGCGTGGAGTGGCTCCGCAGATACCTGAAGAATGGGAAGGAGACGCTGCAGCGCGCGG
C*03:04:12,GCTCCCACTCCATGAGGTATTTCTACACCGCTGTGTCCCGGCCCGGCCGCGGGGAGCCCCACTTCATCGCAGTGGGCTACGTGGACGACACGCAGTTCGTGCGGTTCGACAGCGACGCCGCGAGTCCGAGAGGGGAGCCGCGGGCGCCGTGGGTGGAGCAGGAGGGGCCGGAGTACTGGGACCGGGAGACACAGAAGTACAAGCGCCAGGCACAGACTGACCGAGTGAGCCTGCGGAACCTGCGCGGCTACTACAACCAGAGCGAGGCCG,GGTCTCACATCATCCAGAGGATGTATGGCTGCGACGTGGGGCCCGACGGGCGCCTCCTCCGCGGGTATGACCAGTACGCCTACGACGGCAAGGATTACATCGCCCTGAACGAGGATCTGCGCTCCTGGACCGCCGCGGACACGGCGGCTCAGATCACCCAGCGCAAGTGGGAGGCGGCCCGTGAGGCGGAGCAGCTGAGAGCCTACCTGGAGGGCCTGTGCGTGGAGTGGCTCCGCAGATACCTGAAGAATGGGAAGGAGACGCTGCAGCGCGCGG
C*03:04:13,GCTCCCACTCCATGAGGTATTTCTACACCGCTGTGTCCCGGCCCGGCCGCGGGGAGCCCCACTTCATCGCAGTAGGCTACGTGGACGACACGCAGTTCGTGCGGTTCGACAGCGACGCCGCGAGTCCGAGAGGGGAGCCGCGGGCGCCGTGGGTGGAGCAGGAGGGGCCGGAGTATTGGGACCGGGAGACACAGAAGTACAAGCGCCAGGCACAGACTGACCGAGTGAGCCTGCGGAACCTGCGCGGCTACTACAACCAGAGCGAGGCCG,GGTCTCACATCATCCAGAGGATGTATGGCTGCGACGTGGGGCCCGACGGGCGCCTCCTCCGCGGGTATGACCAGTACGCCTACGACGGCAAGGATTACATCGCCCTGAACGAGGATCTGCGCTCCTGGACCGCCGCGGACACGGCGGCTCAGATCACCCAGCGCAAGTGGGAGGCGGCCCGTGAGGCGGAGCAGCTGAGAGCCTACCTGGAGGGCCTGTGCGTGGAGTGGCTCCGCAGATACCTGAAGAATGGGAAGGAGACGCTGCAGCGCGCGG
C*03:04:14,GCTCCCACTCCATGAGGTATTTCTACACCGCTGTGTCCCGGCCCGGCCGCGGGGAGCCCCACTTCATCGCAGTGGGCTACGTGGACGACACGCAGTTCGTGCGGTTCGACAGCGACGCCGCGAGTCCGAGAGGGGAGCCGCGGGCGCCATGGGTGGAGCAGGAGGGGCCGGAGTATTGGGACCGGGAGACACAGAAGTACAAGCGCCAGGCACAGACTGACCGAGTGAGCCTGCGGAACCTGCGCGGCTACTACAACCAGAGCGAGGCCG,GGTCTCACATCATCCAGAGGATGTATGGCTGCGACGTGGGGCCCGACGGGCGCCTCCTCCGCGGGTATGACCAGTACGCCTACGACGGCAAGGATTACATCGCCCTGAACGAGGATCTGCGCTCCTGGACCGCCGCGGACACGGCGGCTCAGATCACCCAGCGCAAGTGGGAGGCGGCCCGTGAGGCGGAGCAGCTGAGAGCCTACCTGGAGGGCCTGTGCGTGGAGTGGCTCCGCAGATACCTGAAGAATGGGAAGGAGACGCTGCAGCGCGCGG
C*03:04:15,GCTCCCACTCCATGAGGTATTTCTACACCGCTGTGTCCCGGCCCGGCCGCGGGGAGCCCCACTTCATCGCAGTGGGCTACGTGGACGACACGCAGTTCGTGCGGTTCGACAGCGACGCCGCGAGTCCGAGAGGGGAGCCGCGAGCGCCGTGGGTGGAGCAGGAGGGGCCGGAGTATTGGGACCGGGAGACACAGAAGTACAAGCGCCAGGCACAGACTGACCGAGTGAGCCTGCGGAACCTGCGCGGCTACTACAACCAGAGCGAGGCCG,GGTCTCACATCATCCAGAGGATGTATGGCTGCGACGTGGGGCCCGACGGGCGCCTCCTCCGCGGGTATGACCAGTACGCCTACGACGGCAAGGATTACATCGCCCTGAACGAGGATCTGCGCTCCTGGACCGCCGCGGACACGGCGGCTCAGATCACCCAGCGCAAGTGGGAGGCGGCCCGTGAGGCGGAGCAGCTGAGAGCCTACCTGGAGGGCCTGTGCGTGGAGTGGCTCCGCAGATACCTGAAGAATGGGAAGGAGACGCTGCAGCGCGCGG
C*03:04:16,GCTCCCACTCCATGAGGTATTTCTACACCGCTGTGTCCCGGCCCGGCCGCGGGGAGCCCCACTTCATCGCAGTGGGCTACGTGGACGACACGCAGTTCGTGCGGTTCGACAGCGACGCCGCGAGTCCGAGAGGGGAGCCGCGGGCGCCGTGGGTGGAGCAGGAGGGACCGGAGTATTGGGACCGGGAGACACAGAAGTACAAGCGCCAGGCACAGACTGACCGAGTGAGCCTGCGGAACCTGCGCGGCTACTACAACCAGAGCGAGGCCG,GGTCTCACATCATCCAGAGGATGTATGGCTGCGACGTGGGGCCCGACGGGCGCCTCCTCCGCGGGTATGACCAGTACGCCTACGACGGCAAGGATTACATCGCCCTGAACGAGGATCTGCGCTCCTGGACCGCCGCGGACACGGCGGCTCAGATCACCCAGCGCAAGTGGGAGGCGGCCCGTGAGGCGGAGCAGCTGAGAGCCTACCTGGAGGGCCTGTGCGTGGAGTGGCTCCGCAGATACCTGAAGAATGGGAAGGAGACGCTGCAGCGCGCGG
C*03:04:17,GCTCCCACTCCATGAGGTATTTCTACACCGCTGTGTCCCGGCCCGGCCGCGGGGAGCCCCACTTCATCGCAGTGGGCTACGTGGACGACACGCAGTTCGTGCGGTTCGACAGCGACGCCGCGAGTCCGAGAGGGGAGCCGCGGGCGCCGTGGGTGGAGCAGGAGGGGCCGGAGTATTGGGACCGGGAGACACAGAAGTACAAGCGCCAGGCACAGACTGACCGAGTGAGCCTGCGAAACCTGCGCGGCTACTACAACCAGAGCGAGGCCG,GGTCTCACATCATCCAGAGGATGTATGGCTGCGACGTGGGGCCCGACGGGCGCCTCCTCCGCGGGTATGACCAGTACGCCTACGACGGCAAGGATTACATCGCCCTGAACGAGGATCTGCGCTCCTGGACCGCCGCGGACACGGCGGCTCAGATCACCCAGCGCAAGTGGGAGGCGGCCCGTGAGGCGGAGCAGCTGAGAGCCTACCTGGAGGGCCTGTGCGTGGAGTGGCTCCGCAGATACCTGAAGAATGGGAAGGAGACGCTGCAGCGCGCGG
C*03:04:18,GCTCCCACTCCATGAGGTATTTCTACACCGCTGTGTCCCGGCCCGGCCGCGGGGAGCCCCACTTCATCGCAGTGGGCTACGTGGACGACACGCAGTTCGTGCGGTTCGACAGCGACGCCGCGAGTCCGAGAGGGGAGCCGCGGGCGCCGTGGGTGGAGCAGGAGGGGCCGGAGTATTGGGACCGGGAGACACAGAAGTACAAGCGCCAGGCACAGACTGACCGAGTGAGCCTGCGGAACCTGCGCGGCTACTACAACCAGAGCGAGGCCG,GGTCTCACATCATCCAGAGGATGTACGGCTGCGACGTGGGGCCGGACGGGCGCCTCCTCCGCGGGTATGACCAGTACGCCTACGACGGCAAGGATTACATCGCCCTGAACGAGGATCTGCGCTCCTGGACCGCCGCGGACACGGCGGCTCAGATCACCCAGCGCAAGTGGGAGGCGGCCCGTGAGGCGGAGCAGCTGAGAGCCTACCTGGAGGGCCTGTGCGTGGAGTGGCTCCGCAGATACCTGAAGAATGGGAAGGAGACGCTGCAGCGCGCGG
C*03:04:19,GCTCCCACTCCATGAGGTATTTCTACACCGCTGTGTCCCGGCCCGGCCGCGGGGAGCCCCACTTCATCGCAGTGGGCTACGTGGACGACACGCAGTTCGTGCGGTTCGACAGCGACGCCGCGAGTCCGAGAGGGGAGCCGCGGGCGCCGTGGGTGGAGCAGGAGGGGCCGGAGTATTGGGACCGGGAGACACAGAAGTACAAGCGCCAGGCACAGACTGACCGAGTGAGCCTGCGGAACCTGCGCGGCTACTACAACCAGAGCGAGGCCG,GGTCTCACATCATCCAGAGGATGTATGGCTGCGACGTGGGGCCCGACGGGCGCCTCCTCCGCGGGTATGACCAGTACGCCTACGACGGCAAGGATTACATCGCCCTGAACGAGGATCTGCGCTCCTGGACCGCCGCGGACACGGCGGCTCAGATCACCCAGCGCAAGTGGGAGGCGGCCCGTGAGGCGGAGCAGCTGAGAGCCTACCTGGAGGGCCTGTGCGTGGAGTGGCTCCGCAGATACCTGAAGAATGGGAAGGAGACGCTGCAGCGCGCAG
C*03:04:21,GCTCCCACTCCATGAGGTATTTCTACACCGCTGTGTCCCGGCCCGGCCGCGGGGAGCCCCACTTCATCGCAGTGGGCTACGTGGACGACACGCAGTTCGTGCGGTTCGACAGCGACGCCGCGAGTCCGAGAGGGGAGCCGCGGGCGCCGTGGGTGGAGCAGGAGGGGCCGGAGTATTGGGACCGGGAGACGCAGAAGTACAAGCGCCAGGCACAGACTGACCGAGTGAGCCTGCGGAACCTGCGCGGCTACTACAACCAGAGCGAGGCCG,GGTCTCACATCATCCAGAGGATGTATGGCTGCGACGTGGGGCCCGACGGGCGACTCCTCCGCGGGTATGACCAGTACGCCTACGACGGCAAGGATTACATCGCCCTGAACGAGGATCTGCGCTCCTGGACCGCCGCGGACACGGCGGCTCAGATCACCCAGCGCAAGTGGGAGGCGGCCCGTGAGGCGGAGCAGCTGAGAGCCTACCTGGAGGGCCTGTGCGTGGAGTGGCTCCGCAGATACCTGAAGAATGGGAAGGAGACGCTGCAGCGCGCGG
C*03:04:22,GCTCCCACTCCATGAGGTATTTCTACACCGCTGTGTCCCGGCCCGGCCGCGGGGAGCCCCACTTCATCGCAGTGGGCTACGTGGACGACACGCAGTTCGTGCGGTTCGACAGCGACGCCGCGAGTCCGAGAGGGGAGCCGCGGGCGCCGTGGGTGGAGCAGGAGGGGCCGGAGTATTGGGACCGGGAGACACAGAAGTACAAGCGCCAGGCACAGACTGACCGAGTGAGCCTGCGGAACCTGCGCGGCTACTACAACCAGAGCGAGGCCG,GGTCTCACATCATCCAGAGGATGTATGGCTGCGACGTGGGGCCCGATGGGCGCCTCCTCCGCGGGTATGACCAGTACGCCTACGACGGCAAGGATTACATCGCCCTGAACGAGGATCTGCGCTCCTGGACCGCCGCGGACACGGCGGCTCAGATCACCCAGCGCAAGTGGGAGGCGGCCCGTGAGGCGGAGCAGCTGAGAGCCTACCTGGAGGGCCTGTGCGTGGAGTGGCTCCGCAGATACCTGAAGAATGGGAAGGAGACGCTGCAGCGCGCGG
C*03:04:23,GCTCCCACTCCATGAGGTATTTCTACACCGCTGTGTCCCGGCCCGGCCGCGGGGAGCCCCACTTCATCGCAGTGGGCTACGTGGACGACACGCAGTTCGTGCGGTTCGACAGCGACGCCGCGAGTCCGAGAGGGGAGCCGCGGGCGCCGTGGGTGGAGCAGGAGGGGCCGGAGTATTGGGACCGGGAGACACAGAAGTACAAGCGCCAGGCACAGACTGACCGAGTGAGCCTGCGGAACCTGCGCGGCTACTACAACCAGAGCGAGGCCG,GGTCTCACATCATCCAGAGGATGTATGGCTGCGACGTGGGGCCCGACGGGCGCCTCCTCCGCGGGTATGACCAGTACGCCTACGACGGCAAGGATTACATCGCCCTGAACGAGGATCTGCGCTCGTGGACCGCCGCGGACACGGCGGCTCAGATCACCCAGCGCAAGTGGGAGGCGGCCCGTGAGGCGGAGCAGCTGAGAGCCTACCTGGAGGGCCTGTGCGTGGAGTGGCTCCGCAGATACCTGAAGAATGGGAAGGAGACGCTGCAGCGCGCGG
C*03:04:24,GCTCCCACTCGATGAGGTATTTCTACACCGCTGTGTCCCGGCCCGGCCGCGGGGAGCCCCACTTCATCGCAGTGGGCTACGTGGACGACACGCAGTTCGTGCGGTTCGACAGCGACGCCGCGAGTCCGAGAGGGGAGCCGCGGGCGCCGTGGGTGGAGCAGGAGGGGCCGGAGTATTGGGACCGGGAGACACAGAAGTACAAGCGCCAGGCACAGACTGACCGAGTGAGCCTGCGGAACCTGCGCGGCTACTACAACCAGAGCGAGGCCG,GGTCTCACATCATCCAGAGGATGTATGGCTGCGACGTGGGGCCCGACGGGCGCCTCCTCCGCGGGTATGACCAGTACGCCTACGACGGCAAGGATTACATCGCCCTGAACGAGGATCTGCGCTCCTGGACCGCCGCGGACACGGCGGCTCAGATCACCCAGCGCAAGTGGGAGGCGGCCCGTGAGGCGGAGCAGCTGAGAGCCTACCTGGAGGGCCTGTGCGTGGAGTGGCTCCGCAGATACCTGAAGAATGGGAAGGAGACGCTGCAGCGCGCGG
C*03:04:25,GCTCCCACTCCATGAGGTATTTCTACACCGCTGTGTCCCGGCCCGGCCGCGGGGAGCCCCACTTCATCGCAGTGGGCTACGTGGACGACACGCAGTTCGTGCGGTTCGACAGCGACGCCGCGAGTCCAAGAGGGGAGCCGCGGGCGCCGTGGGTGGAGCAGGAGGGGCCGGAGTATTGGGACCGGGAGACACAGAAGTACAAGCGCCAGGCACAGACTGACCGAGTGAGCCTGCGGAACCTGCGCGGCTACTACAACCAGAGCGAGGCCG,GGTCTCACATCATCCAGAGGATGTATGGCTGCGACGTGGGGCCCGACGGGCGCCTCCTCCGCGGGTATGACCAGTACGCCTACGACGGCAAGGATTACATCGCCCTGAACGAGGATCTGCGCTCCTGGACCGCCGCGGACACGGCGGCTCAGATCACCCAGCGCAAGTGGGAGGCGGCCCGTGAGGCGGAGCAGCTGAGAGCCTACCTGGAGGGCCTGTGCGTGGAGTGGCTCCGCAGATACCTGAAGAATGGGAAGGAGACGCTGCAGCGCGCGG
C*03:04:26,GCTCCCACTCCATGAGGTATTTCTACACCGCCGTGTCCCGGCCCGGCCGCGGGGAGCCCCACTTCATCGCAGTGGGCTACGTGGACGACACGCAGTTCGTGCGGTTCGACAGCGACGCCGCGAGTCCGAGAGGGGAGCCGCGGGCGCCGTGGGTGGAGCAGGAGGGGCCGGAGTATTGGGACCGGGAGACACAGAAGTACAAGCGCCAGGCACAGACTGACCGAGTGAGCCTGCGGAACCTGCGCGGCTACTACAACCAGAGCGAGGCCG,GGTCTCACATCATCCAGAGGATGTATGGCTGCGACGTGGGGCCCGACGGGCGCCTCCTCCGCGGGTATGACCAGTACGCCTACGACGGCAAGGATTACATCGCCCTGAACGAGGATCTGCGCTCCTGGACCGCCGCGGACACGGCGGCTCAGATCACCCAGCGCAAGTGGGAGGCGGCCCGTGAGGCGGAGCAGCTGAGAGCCTACCTGGAGGGCCTGTGCGTGGAGTGGCTCCGCAGATACCTGAAGAATGGGAAGGAGACGCTGCAGCGCGCGG
C*03:04:27,GCTCCCACTCCATGAGGTATTTCTACACCGCTGTGTCCCGGCCCGGCCGCGGGGAGCCCCACTTCATCGCAGTGGGCTACGTGGACGACACGCAGTTCGTGCGGTTCGACAGCGACGCCGCGAGTCCGAGAGGGGAGCCGCGGGCGCCGTGGGTGGAGCAGGAGGGGCCGGAGTATTGGGACCGGGAGACACAGAAGTACAAGCGCCAGGCACAGACTGACCGAGTGAGCCTGCGGAACCTGCGCGGCTACTACAACCAGAGCGAGGCCG,GGTCTCACATCATCCAGAGGATGTATGGCTGCGACGTGGGGCCCGACGGGCGCCTCCTCCGCGGGTATGACCAGTACGCCTACGACGGCAAGGATTACATCGCCCTGAACGAGGACCTGCGCTCCTGGACCGCCGCGGACACGGCGGCTCAGATCACCCAGCGCAAGTGGGAGGCGGCCCGTGAGGCGGAGCAGCTGAGAGCCTACCTGGAGGGCCTGTGCGTGGAGTGGCTCCGCAGATACCTGAAGAATGGGAAGGAGACGCTGCAGCGCGCGG
C*03:04:28,GCTCCCACTCCATGAGGTATTTCTACACCGCTGTGTCCCGGCCTGGCCGCGGGGAGCCCCACTTCATCGCAGTGGGCTACGTGGACGACACGCAGTTCGTGCGGTTCGACAGCGACGCCGCGAGTCCGAGAGGGGAGCCGCGGGCGCCGTGGGTGGAGCAGGAGGGGCCGGAGTATTGGGACCGGGAGACACAGAAGTACAAGCGCCAGGCACAGACTGACCGAGTGAGCCTGCGGAACCTGCGCGGCTACTACAACCAGAGCGAGGCCG,GGTCTCACATCATCCAGAGGATGTATGGCTGCGACGTGGGGCCCGACGGGCGCCTCCTCCGCGGGTATGACCAGTACGCCTACGACGGCAAGGATTACATCGCCCTGAACGAGGATCTGCGCTCCTGGACCGCCGCGGACACGGCGGCTCAGATCACCCAGCGCAAGTGGGAGGCGGCCCGTGAGGCGGAGCAGCTGAGAGCCTACCTGGAGGGCCTGTGCGTGGAGTGGCTCCGCAGATACCTGAAGAATGGGAAGGAGACGCTGCAGCGCGCGG
C*03:04:29,GCTCCCACTCCATGAGGTATTTCTACACCGCTGTGTCCCGGCCCGGCCGCGGGGAGCCCCACTTCATCGCAGTGGGCTACGTGGACGACACGCAGTTCGTGCGGTTCGACAGCGACGCCGCGAGTCCGAGAGGGGAGCCGCGGGCGCCGTGGGTGGAGCAGGAGGGGCCGGAGTATTGGGACCGGGAGACACAGAAGTACAAGCGCCAGGCACAGACTGACCGAGTAAGCCTGCGGAACCTGCGCGGCTACTACAACCAGAGCGAGGCCG,GGTCTCACATCATCCAGAGGATGTATGGCTGCGACGTGGGGCCCGACGGGCGCCTCCTCCGCGGGTATGACCAGTACGCCTACGACGGCAAGGATTACATCGCCCTGAACGAGGATCTGCGCTCCTGGACCGCCGCGGACACGGCGGCTCAGATCACCCAGCGCAAGTGGGAGGCGGCCCGTGAGGCGGAGCAGCTGAGAGCCTACCTGGAGGGCCTGTGCGTGGAGTGGCTCCGCAGATACCTGAAGAATGGGAAGGAGACGCTGCAGCGCGCGG
C*03:04:30,GCTCCCACTCCATGAGGTATTTCTACACCGCTGTGTCCCGGCCCGGCCGCGGGGAGCCCCACTTCATCGCAGTGGGCTACGTGGACGACACGCAGTTCGTGCGGTTCGACAGCGACGCCGCGAGTCCGAGAGGGGAGCCGCGGGCGCCGTGGGTGGAGCAGGAGGGGCCGGAGTATTGGGACCGGGAGACACAGAAGTACAAGCGCCAGGCACAGACTGACCGAGTGAGCCTGCGGAACCTGCGCGGCTACTACAACCAGAGCGAGGCCG,GGTCTCACATCATCCAGAGGATGTATGGCTGCGACGTGGGGCCCGACGGGCGCCTCCTCCGCGGGTATGACCAGTACGCCTACGACGGCAAGGATTACATCGCCCTGAACGAGGATCTGCGATCCTGGACCGCCGCGGACACGGCGGCTCAGATCACCCAGCGCAAGTGGGAGGCGGCCCGTGAGGCGGAGCAGCTGAGAGCCTACCTGGAGGGCCTGTGCGTGGAGTGGCTCCGCAGATACCTGAAGAATGGGAAGGAGACGCTGCAGCGCGCGG
C*03:04:31,GCTCCCACTCCATGAGGTATTTCTACACCGCTGTGTCCCGGCCCGGCCGCGGGGAGCCCCACTTCATCGCAGTGGGCTACGTGGACGACACGCAGTTCGTGCGGTTCGACAGCGACGCCGCGAGTCCGAGAGGGGAGCCGCGGGCGCCGTGGGTGGAGCAGGAGGGGCCGGAGTATTGGGACCGGGAGACACAGAAGTACAAGCGCCAGGCACAGACTGACCGAGTGAGCCTGCGGAACCTGCGCGGCTACTACAACCAGAGCGAGGCCG,GGTCTCACATCATCCAGAGGATGTACGGCTGCGACGTGGGGCCCGACGGGCGCCTCCTCCGCGGGTATGACCAGTACGCCTACGACGGCAAGGATTACATCGCCCTGAACGAGGATCTGCGCTCCTGGACCGCGGCGGACACGGCGGCTCAGATCACCCAGCGCAAGTGGGAGGCGGCCCGTGAGGCGGAGCAGCTGAGAGCCTACCTGGAGGGCCTGTGCGTGGAGTGGCTCCGCAGATACCTGAAGAATGGGAAGGAGACGCTGCAGCGCGCGG
C*03:04:32,GCTCCCACTCCATGAGGTATTTCTACACCGCTGTGTCCCGGCCCGGCCGCGGGGAGCCCCACTTCATCGCAGTGGGCTACGTGGACGACACGCAGTTCGTGCGGTTCGACAGCGACGCCGCGAGTCCGAGAGGGGAGCCGCGGGCACCGTGGGTGGAGCAGGAGGGGCCGGAGTATTGGGACCGGGAGACACAGAAGTACAAGCGCCAGGCACAGACTGACCGAGTGAGCCTGCGGAACCTGCGCGGCTACTACAACCAGAGCGAGGCCG,GGTCTCACATCATCCAGAGGATGTATGGCTGCGACGTGGGGCCCGACGGGCGCCTCCTCCGCGGGTATGACCAGTACGCCTACGACGGCAAGGATTACATCGCCCTGAACGAGGATCTGCGCTCCTGGACCGCCGCGGACACGGCGGCTCAGATCACCCAGCGCAAGTGGGAGGCGGCCCGTGAGGCGGAGCAGCTGAGAGCCTACCTGGAGGGCCTGTGCGTGGAGTGGCTCCGCAGATACCTGAAGAATGGGAAGGAGACGCTGCAGCGCGCGG
C*03:05,GCTCCCACTCCATGAGGTATTTCTACACCGCTGTGTCCCGGCCCGGCCGCGGGGAGCCCCACTTCATCGCAGTGGGCTACGTGGACGACACGCAGTTCGTGCGGTTCGACAGCGACGCCGCGAGTCCGAGAGGGGAGCCGCGGGCGCCGTGGGTGGAGCAGGAGGGGCCGGAGTATTGGGACCGGGAGACACAGAAGTACAAGCGCCAGGCACAGACTGACCGAGTGAGCCTGCGGAACCTGCGCGGCTACTACAACCAGAGCGAGGCCG,GGTCTCACACCCTCCAGAGCATGTACGGCTGCGACGTGGGGCCCGACGGGCGCCTCCTCCGCGGGTATGACCAGTACGCCTACGACGGCAAGGATTACATCGCCCTGAACGAGGATCTGCGCTCCTGGACCGCCGCGGACACGGCGGCTCAGATCACCCAGCGCAAGTGGGAGGCGGCCCGTGAGGCGGAGCAGCTGAGAGCCTACCTGGAGGGCCTGTGCGTGGAGTGGCTCCGCAGATACCTGAAGAATGGGAAGGAGACGCTGCAGCGCGCGG
C*03:06,GCTCCCACTCCATGAGGTATTTCTACACCGCTGTGTCCCGGCCCGGCCGCGGGGAGCCCCACTTCATCGCAGTGGGCTACGTGGACGACACGCAGTTCGTGCGGTTCGACAGCGACGCCGCGAGTCCGAGAGGGGAGCCGCGGGCGCCGTGGGTGGAGCAGGAGGGGCCGGAGTATTGGGACCGGGAGACACAGAAGTACAAGCGCCAGGCACAGACTGACCGAGTGAGCCTGCGGAACCTGCGCGGCTACTACAACCAGAGCGAGGCCG,GGTCTCACATCATCCAGAGGATGTATGGCTGCGACGTGGGGCCCGACGGGCGCCTCCTCCGCGGGTATGTCCAGTACGCCTACGACGGCAAGGATTACATCGCCCTGAACGAGGATCTGCGCTCCTGGACCGCCGCGGACACGGCGGCTCAGATCACCCAGCGCAAGTGGGAGGCGGCCCGTGAGGCGGAGCAGCTGAGAGCCTACCTGGAGGGCCTGTGCGTGGAGTGGCTCCGCAGATACCTGAAGAATGGGAAGGAGACGCTGCAGCGCGCGG
C*03:07,GCTCCCACTCCATGAGGTATTTCTACACCGCTGTGTCCCGGCCCGGCCGCGGGGAGCCCCACTTCATCGCAGTGGGCTACGTGGACGACACGCAGTTCGTGCGGTTCGACAGCGACGCCGCGAGTCCGAGAGGGGAGCCGCGGGCGCCGTGGGTGGAGCAGGAGGGGCCGGAGTATTGGGACCGGGAGACACAGAAGTACAAGCGCCAGGCACAGACTGACCGAGTGAACCTGCGGAAACTGCGCGGCTACTACAACCAGAGCGAGGCCG,GGTCTCACATCATCCAGAGGATGTATGGCTGCGACGTGGGGCCCGACGGGCGCCTCCTCCGCGGGTATGACCAGTACGCCTACGACGGCAAGGATTACATCGCCCTGAACGAGGATCTGCGCTCCTGGACCGCCGCGGACACGGCGGCTCAGATCACCCAGCGCAAGTGGGAGGCGGCCCGTGAGGCGGAGCAGCTGAGAGCCTACCTGGAGGGCCTGTGCGTGGAGTGGCTCCGCAGATACCTGAAGAATGGGAAGGAGACGCTGCAGCGCGCGG
C*03:08,GCTCCCACTCCATGAGGTATTTCTACACCGCTGTGTCCCGGCCCGGCCGCGGGGAGCCCCACTTCATCGCAGTGGGCTACGTGGACGACACGCAGTTCGTGCGGTTCGACAGCGACGCCGCGAGTCCGAGAGGGGAGCCGCGGGCGCCGTGGGTGGAGCAGGAGGGGCCGGAGTATTGGGACCGGGAGACACAGAACTACAAGCGCCAGGCACAGACTGACCGAGTGAGCCTGCGGAACCTGCGCGGCTACTACAACCAGAGCGAGGCCG,GGTCTCACATCATCCAGAGGATGTATGGCTGCGACGTGGGGCCCGACGGGCGCCTCCTCCGCGGGTATGACCAGTACGCCTACGACGGCAAGGATTACATCGCCCTGAACGAGGATCTGCGCTCCTGGACCGCCGCGGACACGGCGGCTCAGATCACCCAGCGCAAGTGGGAGGCGGCCCGTGAGGCGGAGCAGCTGAGAGCCTACCTGGAGGGCCTGTGCGTGGAGTGGCTCCGCAGATACCTGAAGAATGGGAAGGAGACGCTGCAGCGCGCGG
C*03:09,GCTCCCACTCCATGAGGTATTTCTACACCGCTGTGTCCCGGCCCGGCCGCGGGGAGCCCCACTTCATCGCAGTGGGCTACGTGGACGACACGCAGTTCGTGCGGTTCGACAGCGACGCCGCGAGTCCGAGAGGGGAGCCGCGGGCGCCGTGGGTGGAGCAGGAGGGGCCGGAGTATTGGGACCGGGAGACACAGAAGTACAAGCGCCAGGCACAGACTGACCGAGTGAGCCTGCGGAACCTGCGCGGCTACTACAACCAGAGCGAGGCCG,GGTCTCACATCATCCAGAGGATGTATGGCTGCGACCTGGGGCCCGACGGGCGCCTCCTCCGCGGGTATGACCAGTACGCCTACGACGGCAAGGATTACATCGCCCTGAACGAGGATCTGCGCTCCTGGACCGCCGCGGACACGGCGGCTCAGATCACCCAGCGCAAGTGGGAGGCGGCCCGTGAGGCGGAGCAGCTGAGAGCCTACCTGGAGGGCCTGTGCGTGGAGTGGCTCCGCAGATACCTGAAGAATGGGAAGGAGACGCTGCAGCGCGCGG
C*03:10,GCTCCCACTCCATGAGGTATTTCTACACCGCTGTGTCCCGGCCCGGCCGCGGGGAGCCCCACTTCATCGCAGTGGGCTACGTGGACGACACGCAGTTCGTGCGGTTCGACAGCGACGCCGCGAGTCCGAGAGGGGAGCCGCGGGCGCCGTGGGTGGAGCAGGAGGGGCCGGAGTATTGGGACCGGGAGACACAGAAGTACAAGCGCCAGGCACAGACTGACCGAGTGAGCCTGCGGAAACTGCGCGGCTACTACAACCAGAGCGAGGCCG,GGTCTCACATCATCCAGAGGATGTATGGCTGCGACGTGGGGCCCGACGGGCGCCTCCTCCGCGGGTATGACCAGTACGCCTACGACGGCAAGGATTACATCGCCCTGAACGAGGATCTGCGCTCCTGGACCGCCGCGGACACGGCGGCTCAGATCACCCAGCGCAAGTGGGAGGCGGCCCGTGAGGCGGAGCAGCTGAGAGCCTACCTGGAGGGCCTGTGCGTGGAGTGGCTCCGCAGATACCTGAAGAATGGGAAGGAGACGCTGCAGCGCGCGG
C*03:11:01,GCTCCCACTCCATGAGGTATTTCTACACCGCTGTGTCCCGGCCCGGCCGCGGAGAGCCCCGCTTCATCTCAGTGGGCTACGTGGACGACACGCAGTTCGTGCGGTTCGACAGCGACGCCGCGAGTCCGAGAGGGGAGCCGCGGGCGCCGTGGGTGGAGCAGGAGGGGCCGGAGTATTGGGACCGGGAGACACAGAAGTACAAGCGCCAGGCACAGACTGACCGAGTGAGCCTGCGGAACCTGCGCGGCTACTACAACCAGAGCGAGGCCA,GGTCTCACATCATCCAGAGGATGTATGGCTGCGACGTGGGGCCCGACGGGCGCCTCCTCCGCGGGTATGACCAGTACGCCTACGACGGCAAGGATTACATCGCCCTGAACGAGGATCTGCGCTCCTGGACCGCCGCGGACACGGCGGCTCAGATCACCCAGCGCAAGTGGGAGGCGGCCCGTGAGGCGGAGCAGCTGAGAGCCTACCTGGAGGGCCTGTGCGTGGAGTGGCTCCGCAGATACCTGAAGAATGGGAAGGAGACGCTGCAGCGCGCGG
C*03:11:02,GCTCCCACTCCATGAGGTATTTCTACACCGCTGTGTCCCGGCCCGGCCGCGGGGAGCCCCGCTTCATCTCAGTGGGCTACGTGGACGACACGCAGTTCGTGCGGTTCGACAGCGACGCCGCGAGTCCGAGAGGGGAGCCGCGGGCGCCGTGGGTGGAGCAGGAGGGGCCGGAGTATTGGGACCGGGAGACACAGAAGTACAAGCGCCAGGCACAGACTGACCGAGTGAGCCTGCGGAACCTGCGCGGCTACTACAACCAGAGCGAGGCCA,GGTCTCACATCATCCAGAGGATGTATGGCTGCGACGTGGGGCCCGACGGGCGCCTCCTCCGCGGGTATGACCAGTACGCCTACGACGGCAAGGATTACATCGCCCTGAACGAGGATCTGCGCTCCTGGACCGCCGCGGACACGGCGGCTCAGATCACCCAGCGCAAGTGGGAGGCGGCCCGTGAGGCGGAGCAGCTGAGAGCCTACCTGGAGGGCCTGTGCGTGGAGTGGCTCCGCAGATACCTGAAGAATGGGAAGGAGACGCTGCAGCGCGCGG
C*03:12,GCTCCCACTCCATGAGGTATTTCTACACCGCTGTGTCCCGGCCCGGCCGCGGGGAGCCCCACTTCATCGCAGTGGGCTACGTGGACGACACGCAGTTCGTGCGGTTCGACAGCGACGCCGCGAGTCCGAGAGGGGAGCCGCGGGCGCCGTGGGTGGAGCAGGAGGGGCCGGAGTATTGGGACCGGGAGACACAGAAGTACAAGCGCCAGGCACAGACTGACCGAGTGAGCCTGCGGAACCTGCGCGGCTACTACAACCAGAGCGAGGCCA,GGTCTCACATCATCCAGAGGATGTATGGCTGCGACGTGGGGCCCGACGGGCGCCTCCTCCGCGGGTATGACCAGTTAGCCTACGACGGCAAGGATTACATCGCCCTGAACGAGGATCTGCGCTCCTGGACCGCCGCGGACACGGCGGCTCAGATCACCCAGCGCAAGTGGGAGGCGGCCCGTGAGGCGGAGCAGCTGAGAGCCTACCTGGAGGGCCTGTGCGTGGAGTGGCTCCGCAGATACCTGAAGAATGGGAAGGAGACGCTGCAGCGCGCGG
C*03:13,GCTCCCACTCCATGAGGTATTTCTACACCGCTGTGTCCCGGCCCGGCCGCGGGGAGCCCCACTTCATCGCAGTGGGCTACGTGGACGACACGCAGTTCGTGCGGTTCGACAGCGACGCCGCGAGTCCGAGAGGGGAGCCGCGGGCGCCGTGGGTGGAGCAGGAGGGGCCGGAGTATTGGGACCGGGAGACACAGAAGTACAAGCGCCAGGCACAGACTGACCGAGTGAGCCTGCGGAACCTGCGCGGCTACTACAACCAGAGCGAGGCCA,GGTCTCACACCCTCCAGAGGATGTATGGCTGCGACGTGGGGCCCGACGGGCGCCTCCTCCGCGGGTATGACCAGTACGCCTACGACGGCAAGGATTACATCGCCCTGAACGAGGATCTGCGCTCCTGGACCGCCGCGGACACGGCGGCTCAGATCACCCAGCGCAAGTGGGAGGCGGCCCGTGAGGCGGAGCAGCTGAGAGCCTACCTGGAGGGCCTGTGCGTGGAGTGGCTCCGCAGATACCTGAAGAATGGGAAGGAGACGCTGCAGCGCGCGG
C*03:14,GCTCCCACTCCATGAGGTATTTCTACACCGCTGTGTCCCGGCCCGGCCGCGGGGAGCCCCACTTCATCGCAGTGGGCTACGTGGACGACACGCAGTTCGTGCGGTTCGACAGCGACGCCGCGAGTCCGAGAGGGGAGCCGCGGGCGCCGTGGGTGGAGCAGGAGGGGCCGGAGTATTGGGACCGGGAGACACAGAAGTACAAGCGCCAGGCACAGACTGACCGAGTGAGCCTGCGGAACCTGCGCGGCTACTACAACCAGAGCGAGGCCG,GGTCTCACATCATCCAGAGGATGTATGGCTGCGACGTGGGGCCCGACGGGCGCCTCCTCCGCGGGTATGACCAGTCCGCCTACGACGGCAAGGATTACATCGCCCTGAACGAGGACCTGCGCTCCTGGACCGCCGCGGACACCGCGGCTCAGATCACCCAGCGCAAGTTGGAGGCGGCCCGTGCGGCGGAGCAGCTGAGAGCCTACCTGGAGGGCACGTGCGTGGAGTGGCTCCGCAGATACCTGAAGAATGGGAAGGAGACGCTGCAGCGCGCGG
C*03:15,GCTCCCACTCCATGAGGTATTTCTACACCGCTGTGTCCCGGCCCGGCCGCGGGGAGCCCCACTTCATCGCAGTGGGCTACGTGGACGACACGCAGTTCGTGCGGTTCGACAGCGACGCCGCGAGTCCGAGAGGGGAGCCGCGGGCGCCGTGGGTGGAGCAGGAGGGGCCGGAGTATTGGGACCGGGAGACACAGAAGTACAAGCGCCAGGCACAGGCTGACCGAGTGAACCTGCGGAAACTGCGCGGCTACTACAACCAGAGCGAGGACG,GGTCTCACATCCTCCAGAGGATGTATGGCTGCGACGTGGGGCCCGACGGGCGCCTCCTCCGCGGGTATGACCAGTCCGCCTACGACGGCAAGGATTACATCGCCCTGAACGAGGATCTGCGCTCCTGGACCGCCGCGGACACGGCGGCTCAGATCACCCAGCGCAAGTGGGAGGCGGCCCGTGAGGCGGAGCAGCTGAGAGCCTACCTGGAGGGCCTGTGCGTGGAGTGGCTCCGCAGATACCTGAAGAATGGGAAGGAGACGCTGCAGCGCGCGG
C*03:16,GCTCCCACTCCATGAGGTATTTCTACACCGCTGTGTCCCGGCCCGGCCGCGGGGAGCCCCACTTCATCGCAGTGGGCTACGTGGACGACACGCAGTTCGTGCGGTTCGACAGCGACGCCGCGAGTCCGAGAGGGGAGCCGCGGGCGCCGTGGGTGGAGCAGGAGGGGCCGGAGTATTGGGACCGGGAGACACAGAAGTACAAGCGCCAGGCACAGACTGACCGAGTGAGCCTGCGGAACCTGCGCGGCTACTACAACCAGAGCGAGGCCG,GGTCTCACATCCTCCAGAGGATGTATGGCTGCGACGTGGGGCCCGACGGGCGCCTCCTCCGCGGGTATGACCAGTCCGCCTACGACGGCAAGGATTACATCGCCCTGAACGAGGATCTGCGCTCCTGGACCGCCGCGGACACGGCGGCTCAGATCACCCAGCGCAAGTGGGAGGCGGCCCGTGAGGCGGAGCAGCTGAGAGCCTACCTGGAGGGCACGTGCGTGGAGTGGCTCCGCAGATACCTGGAGAACGGGAAGGAGACGCTGCAGCGCGCGG
C*03:17,GCTCCCACTCCATGAGGTATTTCTACACCGCTGTGTCCCGGCCCGGCCGCGGGGAGCCCCACTTCATCGCAGTGGGCTACGTGGACGACACGCAGTTCGTGCGGTTCGACAGCGACGCCGCGAGTCCGAGAGGGGAGCCGCGGGCGCCGTGGGTGGAGCAGGAGGGGCCGGAGTATTGGGACCGGGAGACACAGAAGTACAAGCGCCAGGCACAGACTGACCGAGTGAGCCTGCGGAACCTGCGCGGCTACTACAACCAGAGCGAGGCCG,GGTCTCACACCCTCCAGTGGATGTATGGCTGCGACGTGGGGCCCGACGGGCGCCTCCTCCGCGGGTATGACCAGTACGCCTACGACGGCAAGGATTACATCGCCCTGAACGAGGATCTGCGCTCCTGGACCGCCGCGGACACGGCGGCTCAGATCACCCAGCGCAAGTGGGAGGCGGCCCGTGAGGCGGAGCAGCTGAGAGCCTACCTGGAGGGCCTGTGCGTGGAGTGGCTCCGCAGATACCTGAAGAATGGGAAGGAGACGCTGCAGCGCGCGG
C*03:18,GCTCCCACTCCATGAGGTATTTCTACACCGCCGTGTCCCGGCCCGGCCGCGGAGAGCCCCGCTTCATCGCAGTGGGCTACGTGGACGACACGCAGTTCGTGCGGTTCGACAGCGACGCCGCGAGTCCGAGAGGGGAGCCGCGGGCGCCGTGGGTGGAGCAGGAGGGGCCGGAGTATTGGGACCGGGAGACACAGAAGTACAAGCGCCAGGCACAGACTGACCGAGTGAGCCTGCGGAACCTGCGCGGCTACTACAACCAGAGCGAGGCCA,GGTCTCACATCATCCAGAGGATGTATGGCTGCGACGTGGGGCCCGACGGGCGCCTCCTCCGCGGGTATGACCAGTACGCCTACGACGGCAAGGATTACATCGCCCTGAACGAGGATCTGCGCTCCTGGACCGCCGCGGACACGGCGGCTCAGATCACCCAGCGCAAGTGGGAGGCGGCCCGTGAGGCGGAGCAGCTGAGAGCCTACCTGGAGGGCCTGTGCGTGGAGTGGCTCCGCAGATACCTGAAGAATGGGAAGGAGACGCTGCAGCGCGCGG
C*03:19,GCTCCCACTCCATGAGGTATTTCTACACCGCTGTGTCCCGGCCCGGCCGCGGGGAGCCCCACTTCATCGCAGTGGGCTACGTGGACGACACGCAGTTCGTGCGGTTCGACAGCGACGCCGCGAGTCCGAGAGGGGAGCCGCGGGCGCCGTGGGTGGAGCAGGAGGGGCCGGAGTATTGGGACCGGGAGACACAGAAGTACAAGCGCCAGGCACAGACTGACCGAGTGAGCCTGCGGAACCTGCGCGGCTACTACAACCAGAGCGAGGCCG,GGTCTCACATCATCCAGAGGATGTATGGCTGCGACGTGGGGCCCGACGGGCGCCTCCTCCGCGGGTATGACCAGTTAGCCTACGACGGCAAGGATTACATCGCCCTGAACGAGGATCTGCGCTCCTGGACCGCCGCGGACACGGCGGCTCAGATCACCCAGCGCAAGTGGGAGGCGGCCCGTGAGGCGGAGCAGCTGAGAGCCTACCTGGAGGGCCTGTGCGTGGAGTGGCTCCGCAGATACCTGAAGAATGGGAAGGAGACGCTGCAGCGCGCGG
C*03:21,GCTCCCACTCCATGAGGTATTTCTACACCGCTGTGTCCCGGCCCGGCCGCGGGGAGCCCCACTTCATCGCAGTGGGCTACGTGGACGACACGCAGTTCGTGCGGTTCGACAGCGACGCCGCGAGTCCGAGAGGGGAGCCGCGGGCGCCGTGGGTGGAGCAGGAGGGGCCGGAGTATTGGGACCGGGAGACACAGAAGTACAAGCGCCAGGCACAGACTGACCGAGTGAGCCTGCGGAACCTGCGCGGCTACTACAACCAGAGCGAGGCCA,GGTCTCACATCATCCAGAGGATGTATGGCTGCGACGTGGGGCCCGACGGGCGCCTCCTCCGCGGGTATGACCAGTACGCCTACGACGGCAAGGATTACATCGCCCTGAACGAGGATCTGCGCTCCTGGACCGCCGCGGACACGGCGGCTCAGATCACCCAGCGCAAGTGGGAGGCGGCCCGTGAGGCGGAGCAGTGGAGAGCCTACCTGGAGGGCACGTGCGTGGAGTGGCTCCGCAGATACCTGAAGAATGGGAAGGAGACGCTGCAGCGCGCGG
C*03:22Q,GCTCCCACTCCATGAGGTATTTCTACACCGCTGTGTCCCGGCCCGGCCGCGGGGAGCCCCACTTCATCGCAGTGGGCTACGTGGACGACACGCAGTTCGTGCGGTTCGACAGCGACGCCGCGAGTCCGAGAGGGGAGCCGCGGGCGCCGTGGGTGGAGCAGGAGGGGCCGGAGTATTGGGACCGGGAGACACAGAAGTACAAGCGCCAGGCACAGACTGACCGAGTGAGCCTGCGGAACCTGCGCGGCTACTACAACCAGAGCGAGGCCA,GGTCTCACATCATCCAGAGGATGTATGGCTACGACGTGGGGCCCGACGGGCGCCTCCTCCGCGGGTATGACCAGTACGCCTACGACGGCAAGGATTACATCGCCCTGAACGAGGATCTGCGCTCCTGGACCGCCGCGGACACGGCGGCTCAGATCACCCAGCGCAAGTGGGAGGCGGCCCGTGAGGCGGAGCAGCTGAGAGCCTACCTGGAGGGCCTGTGCGTGGAGTGGCTCCGCAGATACCTGAAGAATGGGAAGGAGACGCTGCAGCGCGCGG
C*03:23,GCTCCCACTCCATGAGGTATTTCTACACCGCTGTGTCCCGGCCCGGCCGCGGGGAGCCCCACTTCATCGCAGTGGGCTACGTGGACGACACGCAGTTCGTGCGGTTCGACAGCGACGCCGCGAGTCCGAGAGGGGAGCCGCGGGCGCCGTGGGTGGAGCAGGAGGGGCCGGAGTATTGGGACCGGGAGACACAGAAGTACAAGCGCCAGGCACAGACTGACCGAGTGAGCCTGCGGAACCTGCGCGGCTACTACAACCAGAGCGAGGCCG,GGTCTCACATCATCCAGAGGATGTATGGCTGCGACGTGGGGCCCGACGGGCGCCTCCTCCGCAGGTATGACCAGTACGCCTACGACGGCAAGGATTACATCGCCCTGAACGAGGATCTGCGCTCCTGGACCGCCGCGGACACGGCGGCTCAGATCACCCAGCGCAAGTGGGAGGCGGCCCGTGAGGCGGAGCAGCTGAGAGCCTACCTGGAGGGCCTGTGCGTGGAGTGGCTCCGCAGATACCTGAAGAATGGGAAGGAGACGCTGCAGCGCGCGG
C*03:24,GCTCCCACTCCATGAGGTATTTCTACACCGCTGTGTCCCGGCCCGGCCGCGGGGAGCCCCACTTCATCGCAGTGGGCTACGTGGACGACACGCGGTTCGTGCGGTTCGACAGCGACGCCGCGAGTCCGAGAGGGGAGCCGCGGGCGCCGTGGGTGGAGCAGGAGGGGCCGGAGTATTGGGACCGGGAGACACAGAAGTACAAGCGCCAGGCACAGACTGACCGAGTGAGCCTGCGGAACCTGCGCGGCTACTACAACCAGAGCGAGGCCG,GGTCTCACATCATCCAGAGGATGTATGGCTGCGACGTGGGGCCCGACGGGCGCCTCCTCCGCGGGTATGACCAGTACGCCTACGACGGCAAGGATTACATCGCCCTGAACGAGGATCTGCGCTCCTGGACCGCCGCGGACACGGCGGCTCAGATCACCCAGCGCAAGTGGGAGGCGGCCCGTGAGGCGGAGCAGCTGAGAGCCTACCTGGAGGGCCTGTGCGTGGAGTGGCTCCGCAGATACCTGAAGAATGGGAAGGAGACGCTGCAGCGCGCGG
C*03:25,GCTCCCACTCCATGAGGTATTTCTACACCGCTGTGTCCCGGCCCGGCCGCGGGGAGCCCCACTTCATCGCAGTGGGCTACGTGGACGACACGCAGTTCGTGCGGTTCGACAGCGACGCCGCGAGTCCGAGAGGGGAGCCGCGGGCGCCGTGGGTGGAGCAGGAGGGGCCGGAGTATTGGGACCGGGAGACACAGAAGTACAAGCGCCAGGCACAGACTGACCGAGTGAGCCTGCGGAACCTGCGCGGCTACTACAACCAGAGCGAGGCCG,GGTCTCACACCCTCCAGAGCATGTACGGCTGCGACGTGGGGCCCGACGGGCGCCTCCTCCGCGGGTATGACCAGTACGCCTACGACGGCAAGGATTACATCGCCCTGAACGAGGATCTGCGCTTCTGGACCGCCGCGGACACGGCGGCTCAGATCACCCAGCGCAAGTGGGAGGCGGCCCGTGAGGCGGAGCAGCTGAGAGCCTACCTGGAGGGCCTGTGCGTGGAGTGGCTCCGCAGATACCTGAAGAATGGGAAGGAGACGCTGCAGCGCGCGG
C*03:26,GCTCCCACTCCATGAGGTATTTCTACACCGCTGTGTCCCGGCCCGGCCGCGGGGAGCCCCACTTCATCGCAGTGGGCTACGTGGACGACACGCAGTTCGTGCGGTTCGACAGCGACGCCGCGAGTCCGAGAGGGGAGCCGCGGGCGCCGTGGGTGGAGCAGGAGGGGCCGGAGTATTGGGACCGGGAGACACAGAAGTACAAGCGCCAGGCACAGACTGACCGAGTGAGCCTGCGGAACCTGCGCGGCTACTACAACCAGAGCGAGGCCG,GGTCTCACATCATCCAGAGGATGTATGGCTGCGACGTGGGGCCCGACGGGCGCCTCCTCCGCGGGTATGACCAGTTCGCCTACGACGGCAAGGATTACATCGCCCTGAACGAGGATCTGCGCTCCTGGACCGCCGCGGACACGGCGGCTCAGATCACCCAGCGCAAGTGGGAGGCGGCCCGTGAGGCGGAGCAGCTGAGAGCCTACCTGGAGGGCCTGTGCGTGGAGTGGCTCCGCAGATACCTGAAGAATGGGAAGGAGACGCTGCAGCGCGCGG
C*03:27,GCTCCCACTCCATGAGGTATTTCTACACCGCTGTGTCCCGGCCCGGCCGCGGGGAGCCCCACTTCATCGCAGTGGGCTACGTGGACGACACGCAGTTCGTGCGGTTCGACAGCGACGCCGCGAGTCCGAGAGGGGAGCCGCGGGCGCCGTGGGTGGAGCAGGAGGGGCCGGAGTATTGGGACCGGGAGACACAGAAGTACAAGCGCCAGGCACAGGCTGACCGAGTGAGCCTGCGGAACCTGCGCGGCTACTACAACCAGAGCGAGGCCG,GGTCTCACACCCTCCAGAGCATGTACGGCTGCGACGTGGGGCCCGACGGGCGCCTCCTCCGCGGGTATGACCAGTACGCCTACGACGGCAAGGATTACATCGCCCTGAACGAGGATCTGCGCTCCTGGACCGCCGCGGACACGGCGGCTCAGATCACCCAGCGCAAGTGGGAGGCGGCCCGTGAGGCGGAGCAGCTGAGAGCCTACCTGGAGGGCCTGTGCGTGGAGTGGCTCCGCAGATACCTGAAGAATGGGAAGGAGACGCTGCAGCGCGCGG
C*03:28,GCTCCCACTCCATGAGGTATTTCTACACCGCTGTGTCCCGGCCCGGCCGCGGGGAGCCCCACTTCATCGCAGTGGGCTACGTGGACGACACGCAGTTCGTGCGGTTCGACAGCGACGCCGCGAGTCCGAGAGGGGAGCCGCGGGCGCCGTGGGTGGAGCAGGAGGGGCCGGAGTATTGGGACCGGGAGACACAGAAGTACAAGCGCCAGGCACAGACTGACCGAGTGAGCCTGCGGAACCTGCGCGGCTACTACAACCAGAGCGAGGCCG,GGTCTCACATCATCCAGAGGATGTATGGCTGCGACGTGGGGCCCGACGGGCGCCTCCTCCGCGGGTATGACCAGTACGCCTACGACGGCAAGGATTACATCGCCCTGAACGAGGATCTGCGCTCCTGGACCGCCGCGGACACGGCGGCTCAGATCACCCAGCGCAAGTGGGAGGCGGCCCGTGAGGCGGAGCAGCGGAGAGCCTACCTGGAGGGCCTGTGCGTGGAGTGGCTCCGCAGATACCTGAAGAATGGGAAGGAGACGCTGCAGCGCGCGG
C*03:29,GCTCCCACTCCATGAGGTATTTCTACACCGCTGTGTCCCGGCCCGGCCGCGGGGAGCCCCACTTCATCGCAGTGGGCTACGTGGACGACACGCAGTTCGTGCGGTTCGACAGCGACGCCGCGAGTCCGAGAGGGGAGCCGCGGGCGCCGTGGGTGGAGCAGGAGGGGCCGGAGTATTGGGACCGGGAGACACAGAACTACAAGCGCCAGGCACAGACTGACCGAGTGAGCCTGCGGAAACTGCGCGGCTACTACAACCAGAGCGAGGCCG,GGTCTCACATCATCCAGAGGATGTATGGCTGCGACGTGGGGCCCGACGGGCGCCTCCTCCGCGGGTATGACCAGTACGCCTACGACGGCAAGGATTACATCGCCCTGAACGAGGATCTGCGCTCCTGGACCGCCGCGGACACGGCGGCTCAGATCACCCAGCGCAAGTGGGAGGCGGCCCGTGAGGCGGAGCAGCTGAGAGCCTACCTGGAGGGCCTGTGCGTGGAGTGGCTCCGCAGATACCTGAAGAATGGGAAGGAGACGCTGCAGCGCGCGG
C*03:30,GCTCCCACTCCATGAGGTATTTCTACACCGCTGTGTCCCGGCCCGGCCGCGGGGAGCCCCACTTCATCGCAGTGGGCTACGTGGACGACACGCAGTTCGTGCGGTTCGACAGCGACGCCGCGAGTCCGAGAGGGGAGCCGCGGGCGCCGTGGGTGGAGCAGGAGGGGCCGGAGTATTGGGACCGGGAGACACAGAAGTACAAGCGCCAGGCACAGACTGACCGAGTGAGCCTGCGGAACCTGCGCGGCTACTACAACCAGAGCGAGGCCA,GGTCTCACATCATCCAGAGGATGTATGGCTGCGACGTGGGGCCCGACGGGCGCCTCCTCCGCGGGTATGACCAGTACGCCTACGACGGCAAGGATTACATCGCCCTGAACGAGGATCTGCGCTCCTGGACCGCCGCGGACACGGCGGCTCAGATCACCCAGCGCAAGTGGAAGGCGGCCCGTGAGGCGGAGCAGCTGAGAGCCTACCTGGAGGGCCTGTGCGTGGAGTGGCTCCGCAGATACCTGAAGAATGGGAAGGAGACGCTGCAGCGCGCGG
C*03:31,GCTCCCACTCCATGAGGTATTTCTACACCGCTGTGTCCCGGCCCGGCCGCGGGGAGCCCCACTTCATCGCAGTGGGCTACGTGGACGACACGCAGTTCGTGCGGTTCGACAGCGACGCCGCGAGTCCGAGAGGGGAGCCGCGGGCGCCGTGGGTGGAGCAGGAGGGGCCGGAGTATTGGGACCGGGAGACACAGAACTACAAGCGCCAGGCACAGACTGACCGAGTGAGCCTGCGGAACCTGCGCGGCTACTACAACCAGAGCGAGGCCA,GGTCTCACATCATCCAGAGGATGTATGGCTGCGACGTGGGGCCCGACGGGCGCCTCCTCCGCGGGTATGACCAGTACGCCTACGACGGCAAGGATTACATCGCCCTGAACGAGGATCTGCGCTCCTGGACCGCCGCGGACACGGCGGCTCAGATCACCCAGCGCAAGTGGGAGGCGGCCCGTGAGGCGGAGCAGCTGAGAGCCTACCTGGAGGGCCTGTGCGTGGAGTGGCTCCGCAGATACCTGAAGAATGGGAAGGAGACGCTGCAGCGCGCGG
C*03:32,GCTCCCACTCCATGAGGTATTTCTACACCGCTGTGTCCCGGCCCGGCCGCGGGGAGCCCCACTTCATCGCAGTGGGCTACGTGGACGACACGCAGTTCGTGCGGTTCGACAGCGACGCCGCGAGTCCGAGAGGGGAGCCGCGGGCGCCGTGGGTGGAGCAGGAGGGGCCGGAGTATTGGGACCGGGAGACACAGAAGTACAAGCGCCAGGCACAGACTGACCGAGTGAGCCTGCGGAACCTGCGCGGCTACTACAACCAGAGCGAGGACG,GGTCTCACATCATCCAGAGGATGTATGGCTGCGACGTGGGGCCCGACGGGCGCCTCCTCCGCGGGTATGACCAGTACGCCTACGACGGCAAGGATTACATCGCCCTGAACGAGGATCTGCGCTCCTGGACCGCCGCGGACACGGCGGCTCAGATCACCCAGCGCAAGTGGGAGGCGGCCCGTGAGGCGGAGCAGCTGAGAGCCTACCTGGAGGGCCTGTGCGTGGAGTGGCTCCGCAGATACCTGAAGAATGGGAAGGAGACGCTGCAGCGCGCGG
C*03:33,GCTCCCACTCCATGAGGTATTTCTACACCGCTGTGTCCCGGCCCGGCCGCGGGGAGCCCCACTTCATCGCAGTGGGCTACGTGGACGACACGCAGTTCGTGCGGTTCGACAGCGACGCCGCGAGTCCGAGAGGGGAGCCGCGGGCGCCGTGGGTGGAGCAGGAGGGGCCGGAGTATTGGGACCGGGAGACACAGAAGTACAAGCGCCAGGCACAGACTGACCGAGTGAGCCTGCGGAACCTGCGCGGCTGCTACAACCAGAGCGAGGCCG,GGTCTCACATCCTCCAGAGGATGTATGGCTGCGACGTGGGGCCCGACGGGCGCCTCCTCCGCGGGTATGACCAGTCCGCCTACGACGGCAAGGATTACATCGCCCTGAACGAGGATCTGCGCTCCTGGACCGCCGCGGACACGGCGGCTCAGATCACCCAGCGCAAGTGGGAGGCGGCCCGTGAGGCGGAGCAGCTGAGAGCCTACCTGGAGGGCCTGTGCGTGGAGTGGCTCCGCAGATACCTGAAGAATGGGAAGGAGACGCTGCAGCGCGCGG
C*03:34,GCTCCCACTCCATGAGGTATTTCTACACCGCTGTGTCCCGGCCCGGCCGCGGGGAGCCCCACTTCATCGCAGTGGGCTACGTGGACGACACGCAGTTCGTGCGGTTCGACAGCGACGCCGCGAGTCCGAGAGGGGAGCCGCGGGCGCCGTGGGTGGAGCAGGAGGGGCCGGAGTATTGGGACCGGGAGACACAGAAGTACAAGCGCCAGGCACAGACTGACCGAGTGAGCCTGCGGAACCTGCGCGGCTACTACAACCAGAGCGAGGCCG,GGTCTCACATCATCCAGAGGATGTATGGCTGCGACGTGGGGCCCGACGGGCGCCTCCTCCGCGGGTATGACCAGTACGCCTACGACGGCAAGGATTACATCGCCCTGAACGAGGATCTGCGCTCCTGGACCGCCGCGGACACGGCGGCTCAGATCACCCAGCGCAAGTGGGAGGCGGCCCGTGAGGCGGAGCAGCTGAGAGCCTACCTGGAGGGCGAGTGCGTGGAGTGGCTCCGCAGATACCTGAAGAATGGGAAGGAGACGCTGCAGCGCGCGG
C*03:35,GCTCCCACTCCATGAGGTATTTCTACACCGCTGTGTCCCGGCCCGGCCGCGGGGAGCCCCACTTCATCGCAGTGGGCTACGTGGACGACACGCAGTTCGTGCGGTTCGACAGCGACGCCGCGAGTCCGAGAGGGGAGCCGCGGGCGCCGTGGGTGGAGCAGGAGGGGCCGGAGTATTGGGACCGGGAGACACAGAAGTACAAGCGCCAGGCACAGACTGACCGAGTGAGCCTGCGGAACCTGCGCGGCTACTACAACCAGAGCGAGGCCG,GGTCTCACACCCTCCAGAGGATGTATGGCTGCGACGTGGGGCCCGACGGGCGCCTCCTCCGCGGGTATGACCAGTACGCCTACGACGGCAAGGATTACATCGCCCTGAACGAGGATCTGCGCTCCTGGACCGCCGCGGACACGGCGGCTCAGATCACCCAGCGCAAGTGGGAGGCGGCCCGTGAGGCGGAGCAGCTGAGAGCCTACCTGGAGGGCCTGTGCGTGGAGTGGCTCCGCAGATACCTGAAGAATGGGAAGGAGACGCTGCAGCGCGCGG
C*03:36,GCTCCCACTCCATGAGGTATTTCTACACCGCTGTGTCCCGGCCCGGCCGCGGGGAGCCCCACTTCATCGCAGTGGGCTACGTGGACGACACGCAGTTCGTGCGGTTCGACAGCGACGCCGCGAGTCCGAGAGGGGAGCCGCGGGCGCCGTGGGTGGAGCAGGAGGGGCCGGAGTATTGGGACCGGGAGACACAGAAGTACAAGCGCCAGGCACAGACTGACCGAGTGAGCCTGCGGAACCTGCGCGGCTACTACAACCAGAGCGAGGCCG,GGTCTCACATCCTCCAGAGGATGTATGGCTGCGACGTGGGGCCCGACGGGCGCCTCCTCCGCGGGTATGACCAGTCCGCCTACGACGGCAAGGATTACATCGCCCTGAACGAGGATCTGCGCTCCTGGACCGCCGCGGACACGGCGGCTCAGATCACCCAGCGCAAGTGGGAGGCGGCCCGTGTGGCGGAGCAGCTGAGAGCCTACCTGGAGGGCCTGTGCGTGGAGTGGCTCCGCAGATACCTGAAGAATGGGAAGGAGACGCTGCAGCGCGCGG
C*03:37:01,GCTCCCACTCCATGAGGTATTTCTACACCGCTGTGTCCCGGCCCGGCCGCGGGGAGCCCCGCTTCATCTCAGTGGGCTACGTGGACGACACGCAGTTCGTGCGGTTCGACAGCGACGCCGCGAGTCCGAGAGGGGAGCCGCGGGCGCCGTGGGTGGAGCAGGAGGGGCCGGAGTATTGGGACCGGGAGACACAGAAGTACAAGCGCCAGGCACAGACTGACCGAGTGAGCCTGCGGAACCTGCGCGGCTACTACAACCAGAGCGAGGCCG,GGTCTCACATCATCCAGAGGATGTATGGCTGCGACGTGGGGCCCGACGGGCGCCTCCTCCGCGGGTATGACCAGTACGCCTACGACGGCAAGGATTACATCGCCCTGAACGAGGATCTGCGCTCCTGGACCGCCGCGGACACGGCGGCTCAGATCACCCAGCGCAAGTGGGAGGCGGCCCGTGAGGCGGAGCAGCTGAGAGCCTACCTGGAGGGCCTGTGCGTGGAGTGGCTCCGCAGATACCTGAAGAATGGGAAGGAGACGCTGCAGCGCGCGG
C*03:37:02,GCTCCCACTCCATGAGGTATTTCTACACCGCTGTGTCCCGGCCCGGCCGCGGAGAGCCCCGCTTCATCTCAGTGGGCTACGTGGACGACACGCAGTTCGTGCGGTTCGACAGCGACGCCGCGAGTCCGAGAGGGGAGCCGCGGGCGCCGTGGGTGGAGCAGGAGGGGCCGGAGTATTGGGACCGGGAGACACAGAAGTACAAGCGCCAGGCACAGACTGACCGAGTGAGCCTGCGGAACCTGCGCGGCTACTACAACCAGAGCGAGGCCG,GGTCTCACATCATCCAGAGGATGTATGGCTGCGACGTGGGGCCCGACGGGCGCCTCCTCCGCGGGTATGACCAGTACGCCTACGACGGCAAGGATTACATCGCCCTGAACGAGGATCTGCGCTCCTGGACCGCCGCGGACACGGCGGCTCAGATCACCCAGCGCAAGTGGGAGGCGGCCCGTGAGGCGGAGCAGCTGAGAGCCTACCTGGAGGGCCTGTGCGTGGAGTGGCTCCGCAGATACCTGAAGAATGGGAAGGAGACGCTGCAGCGCGCGG
C*03:38:01,GCTCCCACTCCATGAGGTATTTCTACACCGCTGTGTCCCGGCCCGGCCGCGGGGAGCCCCACTTCATCGCAGTGGGCTACGTGGACGACACGCAGTTCGTGCGGTTCGACAGCGACGCCGCGAGTCCGAGAGGGGAGCCGCGGGCGCCGTGGGTGGAGCAGGAGGGGCCGGAGTATTGGGACCGGGAGACACAGAAGTACAAGCGCCAGGCACAGGCTGACCGAGTGAGCCTGCGGAACCTGCGCGGCTACTACAACCAGAGCGAGGCCG,GGTCTCACATCATCCAGAGGATGTACGGCTGCGACGTGGGGCCCGACGGGCGCCTCCTCCGCGGGTATGACCAGTACGCCTACGACGGCAAGGATTACATCGCCCTGAACGAGGATCTGCGCTCCTGGACCGCCGCGGACACGGCGGCTCAGATCACCCAGCGCAAGTGGGAGGCGGCCCGTGAGGCGGAGCAGCTGAGAGCCTACCTGGAGGGCCTGTGCGTGGAGTGGCTCCGCAGATACCTGAAGAATGGGAAGGAGACGCTGCAGCGCGCGG
C*03:38:02,GCTCCCACTCCATGAGGTATTTCTACACCGCTGTGTCCCGGCCCGGCCGCGGGGAGCCCCACTTCATCGCAGTGGGCTACGTGGACGACACGCAGTTCGTGCGGTTCGACAGCGACGCCGCGAGTCCGAGAGGGGAGCCGCGGGCGCCGTGGGTGGAGCAGGAGGGGCCGGAGTATTGGGACCGGGAGACACAGAAGTACAAGCGCCAGGCACAGGCTGACCGAGTGAGCCTGCGGAACCTGCGCGGCTACTACAACCAGAGCGAGGCCG,GGTCTCACATCATCCAGAGGATGTATGGCTGCGACGTGGGGCCCGACGGGCGCCTCCTCCGCGGGTATGACCAGTACGCCTACGACGGCAAGGATTACATCGCCCTGAACGAGGATCTGCGCTCCTGGACCGCCGCGGACACGGCGGCTCAGATCACCCAGCGCAAGTGGGAGGCGGCCCGTGAGGCGGAGCAGCTGAGAGCCTACCTGGAGGGCCTGTGCGTGGAGTGGCTCCGCAGATACCTGAAGAATGGGAAGGAGACGCTGCAGCGCGCGG
C*03:39,GCTCCCACTCCATGAGGTATTTCGACACCGCCGTGTCCCGGCCCGGCCGCGGAGAGCCCCGCTTCATCTCAGTGGGCTACGTGGACGACACGCAGTTCGTGCGGTTCGACAGCGACGCCGCGAGTCCGAGAGGGGAGCCGCGGGCGCCGTGGGTGGAGCAGGAGGGGCCGGAGTATTGGGACCGGGAGACACAGAAGTACAAGCGCCAGGCACAGACTGACCGAGTGAGCCTGCGGAACCTGCGCGGCTACTACAACCAGAGCGAGGCCA,GGTCTCACATCATCCAGAGGATGTATGGCTGCGACGTGGGGCCCGACGGGCGCCTCCTCCGCGGGTATGACCAGTACGCCTACGACGGCAAGGATTACATCGCCCTGAACGAGGATCTGCGCTCCTGGACCGCCGCGGACACGGCGGCTCAGATCACCCAGCGCAAGTGGGAGGCGGCCCGTGAGGCGGAGCAGCTGAGAGCCTACCTGGAGGGCCTGTGCGTGGAGTGGCTCCGCAGATACCTGAAGAATGGGAAGGAGACGCTGCAGCGCGCGG
C*03:40:01,GCTCCCACTCCATGAGGTATTTCTACACCGCTGTGTCCCGGCCCGGCCGCGGGGAGCCCCACTTCATCGCAGTGGGCTACGTGGACGACACGCAGTTCGTGCGGTTCGACAGCGACGCCGCGAGTCCGAGAGGGGAGCCGCGGGCGCCGTGGGTGGAGCAGGAGGGGCCGGAGTATTGGGACCGGGAGACACAGAAGTACAAGCGCCAGGCACAGACTGACCGAGTGAGCCTGCGGAACCTGCGCGGCTACTACAACCAGAGCGAGGCCG,GGTCTCACATCATCCAGAGGATGTATGGCTGCGACGTGGGGCCCGACGGGCGCCTCCTCCGCGGGTATGACCAGTCCGCCTACGACGGCAAGGATTACATCGCCCTGAACGAGGATCTGCGCTCCTGGACCGCCGCGGACACGGCGGCTCAGATCACCCAGCGCAAGTGGGAGGCGGCCCGTGAGGCGGAGCAGCTGAGAGCCTACCTGGAGGGCCTGTGCGTGGAGTGGCTCCGCAGATACCTGAAGAATGGGAAGGAGACGCTGCAGCGCGCGG
C*03:40:02,GCTCCCACTCCATGAGGTATTTCTACACCGCTGTGTCCCGGCCCGGCCGCGGGGAGCCCCACTTCATCGCAGTGGGCTACGTGGACGACACGCAGTTCGTGCGGTTCGACAGCGACGCCGCGAGTCCGAGAGGGGAGCCGCGGGCGCCGTGGGTGGAGCAGGAGGGGCCGGAGTATTGGGACCGGGAGACACAGAAGTACAAGCGCCAGGCACAGACTGACCGAGTGAGCCTGCGGAACCTGCGCGGCTACTACAACCAGAGCGAGGCCG,GGTCTCACATCATCCAGAGGATGTATGGCTGCGACGTGGGGCCCGACGGGCGCCTCCTCCGCGGGTATGACCAGTCCGCCTACGACGGCAAGGATTACATCGCCCTGAACGAGGACCTGCGCTCCTGGACCGCCGCGGACACGGCGGCTCAGATCACCCAGCGCAAGTGGGAGGCGGCCCGTGAGGCGGAGCAGCTGAGAGCCTACCTGGAGGGCCTGTGCGTGGAGTGGCTCCGCAGATACCTGAAGAATGGGAAGGAGACGCTGCAGCGCGCGG
C*03:40:03,GCTCCCACTCCATGAGGTATTTCTACACCGCTGTGTCCCGGCCCGGCCGCGGGGAGCCCCACTTCATCGCAGTGGGCTACGTGGACGACACGCAGTTCGTGCGGTTCGACAGCGACGCCGCGAGTCCGAGAGGGGAGCCGCGGGCGCCGTGGGTGGAGCAGGAGGGGCCGGAGTATTGGGACCGGGAGACACAGAAGTACAAGCGCCAGGCACAGACTGACCGAGTGAGCCTGCGGAACCTGCGCGGCTACTACAACCAGAGCGAGGCCG,GGTCTCACATCATCCAGAGGATGTATGGCTGCGACGTGGGGCCGGACGGGCGCCTCCTCCGCGGGTATGACCAGTCCGCCTACGACGGCAAGGATTACATCGCCCTGAACGAGGATCTGCGCTCCTGGACCGCCGCGGACACGGCGGCTCAGATCACCCAGCGCAAGTGGGAGGCGGCCCGTGAGGCGGAGCAGCTGAGAGCCTACCTGGAGGGCCTGTGCGTGGAGTGGCTCCGCAGATACCTGAAGAATGGGAAGGAGACGCTGCAGCGCGCGG
C*03:41,GCTCCCACTCCATGAGGTATTTCTACACCGCTGTGTCCCGGCCCGGCCGCGGGGAGCCCCACTTCATCGCAGTGGGCTACGTGGACGACACGCAGTTCGTGCGGTTCGACAGCGACGCCGCGAGTCCGAGAGGGGAGCCGCGGGCGCCGTGGGTGGAGCAGGAGGGGCCGGAGTATTGGGACCGGGAGACACAGAAGTACAAGCGCCAGGCACAGACTGACCGAGTGAGCCTGCGGAACCTGCGCGGCTACTACAACCAGAGCGAGGCCG,GGTCTCACATCATCCAGAGGATGTATGGCTGCGACGTGGGGCCCGACGGGCGCCTCCTCCGCGGGTATGACCAGTACGCCTACGACGGCAAGGATTACATCGCCCTGAACGAGGATCTGCGCTCCTGGACCGCCGCGGACACGGCGGCTCAGATCACCCAGCGCAAGTGGGAGGCGGCCCGTGAGGCGGAGCAGCTGAGAGCCTACCTGGAGGGCCTGTGCGTGGAGTGGCTCCGCAGATACCTGGAGAACGGGAAGGAGACGCTGCAGCGCGCGG
C*03:42,GCTCCCACTCCATGAGGTATTTCTACACCGCTGTGTCCCGGCCCGGCCGCGGGGAGCCCCACTTCATCGCAGTGGGCTACGTGGACGACACGCAGTTCGTGCGGTTCGACAGCGACGCCGCGAGTCCGAGAGGGGAGCCGCGGGCGCCGTGGGTGGAGCAGGAGGGGCCGGAGTATTGGGACCGGGAGACACAGAAGTACAAGCGCCAGGCACAGACTGACCGAGTGAGCCTGCGGAACCTGCGCGGCTACTACAACCAGAGCGAGGCCG,GGTCTCACATCATCCAGAGGATGTATGGCTGCGACCTGGGGCCCGACGGGCGCCTCCTCCGCGGGTATGACCAGTCCGCCTACGACGGCAAGGATTACATCGCCCTGAACGAGGATCTGCGCTCCTGGACCGCCGCGGACACGGCGGCTCAGATCACCCAGCGCAAGTGGGAGGCGGCCCGTGAGGCGGAGCAGCTGAGAGCCTACCTGGAGGGCCTGTGCGTGGAGTGGCTCCGCAGATACCTGAAGAATGGGAAGGAGACGCTGCAGCGCGCGG
C*03:43:01,GCTCCCACTCCATGAGGTATTTCTACACCGCTGTGTCCCGGCCCGGCCGCGGGGAGCCCCACTTCATCGCAGTGGGCTACGTGGACGACACGCAGTTCGTGCGGTTCGACAGCGACGCCGCGAGTCCGAGAGGGGAGCCGCGGGCGCCGTGGGTGGAGCAGGAGGGGCCGGAGTATTGGGACCGGGAGACACAGAAGTACAAGCGCCAGGCACAGACTGACCGAGTGAGCCTGCGGAACCTGCGCGGCTACTACAACCAGAGCGAGGCCA,GGTCTCACATCATCCAGAGGATGTATGGCTGCGACGTGGGGCCCGACGGGCGCCTCCTCCGCGGGTATGACCAGTCCGCCTACGACGGCAAGGATTACATCGCCCTGAACGAGGATCTGCGCTCCTGGACCGCCGCGGACACGGCGGCTCAGATCACCCAGCGCAAGTGGGAGGCGGCCCGTGAGGCGGAGCAGCTGAGAGCCTACCTGGAGGGCCTGTGCGTGGAGTGGCTCCGCAGATACCTGAAGAATGGGAAGGAGACGCTGCAGCGCGCGG
C*03:43:02,GCTCCCACTCCATGAGGTATTTCTACACCGCTGTGTCCCGGCCCGGCCGCGGGGAGCCCCACTTCATCGCAGTGGGCTACGTGGACGACACGCAGTTCGTGCGGTTCGACAGCGACGCCGCGAGTCCGAGAGGGGAGCCGCGGGCGCCGTGGGTGGAGCAGGAGGGGCCGGAGTATTGGGACCGGGAGACACAGAAGTACAAGCGCCAGGCACAGACTGACCGAGTGAGCCTGCGGAACCTGCGCGGCTACTACAACCAGAGCGAGGCCA,GGTCTCACATCATCCAGAGGATGTATGGCTGCGACGTGGGGCCCGACGGGCGCCTCCTCCGCGGGTATGACCAGTCCGCCTACGACGGCAAGGATTACATCGCCCTGAACGAGGACCTGCGCTCCTGGACCGCCGCGGACACGGCGGCTCAGATCACCCAGCGCAAGTGGGAGGCGGCCCGTGAGGCGGAGCAGCTGAGAGCCTACCTGGAGGGCCTGTGCGTGGAGTGGCTCCGCAGATACCTGAAGAATGGGAAGGAGACGCTGCAGCGCGCGG
C*03:44,GCTCCCACTCCATGAGGTATTTCTACACCGCTGTGTCCCGGCCCGGCCGCGGGGAGCCCCACTTCATCGCAGTGGGCTACGTGGACGACACGCAGTTCGTGCGGTTCGACAGCGACGCCGCGAGTCCGAGAGGGGAGCCGCGGGCGCCGTGGGTGGAGCAGGAGGGGCCGGAGTATTGGGACCGGGAGACACAGAAGTACAAGCGCCAGGCACAGACTGACCGAGTGAGCCTGCGGAACCTGCGCGGCTACTACAACCAGAGCGAGGCCG,GGTCTCACATCATCCAGAGGATGTATGGCTGCGACGTGGGGCCCGACGGGCGCCTCCTCCGCGGGTATGACCAGTACCCCTACGACGGCAAGGATTACATCGCCCTGAACGAGGATCTGCGCTCCTGGACCGCCGCGGACACGGCGGCTCAGATCACCCAGCGCAAGTGGGAGGCGGCCCGTGAGGCGGAGCAGCTGAGAGCCTACCTGGAGGGCCTGTGCGTGGAGTGGCTCCGCAGATACCTGAAGAATGGGAAGGAGACGCTGCAGCGCGCGG
C*03:45,GCTCCCACTCCATGAGGTATTTCTACACCGCTGTGTCCCGGCCCGGCCGCGGGGAGCCCCACTTCATCGCAGTGGGCTACGTGGACGACACGCAGTTCGTGCGGTTCGACAGCGACGCCGCGAGTCCGAGAGGGGAGCCGCGGGCGCCGTGGGTGGAGCAGGAGGGGCCGGAGTATTGGGACCGGGAGACACAGAAGTACAAGCGCCAGGCACAGACTGACCGAGTGAACCTGCGGAAACTGCGCGGCTACTACAACCAGAGCGAGGACG,GGTCTCACATCATCCAGAGGATGTATGGCTGCGACGTGGGGCCCGACGGGCGCCTCCTCCGCGGGTATGACCAGTACGCCTACGACGGCAAGGATTACATCGCCCTGAACGAGGATCTGCGCTCCTGGACCGCCGCGGACACGGCGGCTCAGATCACCCAGCGCAAGTGGGAGGCGGCCCGTGAGGCGGAGCAGCTGAGAGCCTACCTGGAGGGCCTGTGCGTGGAGTGGCTCCGCAGATACCTGAAGAATGGGAAGGAGACGCTGCAGCGCGCGG
C*03:47,GCTCCCACTCCAAGAGGTATTTCTACACCGCTGTGTCCCGGCCCGGCCGCGGGGAGCCCCACTTCATCGCAGTGGGCTACGTGGACGACACGCAGTTCGTGCGGTTCGACAGCGACGCCGCGAGTCCGAGAGGGGAGCCGCGGGCGCCGTGGGTGGAGCAGGAGGGGCCGGAGTATTGGGACCGGGAGACACAGAAGTACAAGCGCCAGGCACAGACTGACCGAGTGAGCCTGCGGAACCTGCGCGGCTACTACAACCAGAGCGAGGCCG,GGTCTCACATCATCCAGAGGATGTATGGCTGCGACGTGGGGCCCGACGGGCGCCTCCTCCGCGGGTATGACCAGTACGCCTACGACGGCAAGGATTACATCGCCCTGAACGAGGATCTGCGCTCCTGGACCGCCGCGGACACGGCGGCTCAGATCACCCAGCGCAAGTGGGAGGCGGCCCGTGAGGCGGAGCAGCTGAGAGCCTACCTGGAGGGCCTGTGCGTGGAGTGGCTCCGCAGATACCTGAAGAATGGGAAGGAGACGCTGCAGCGCGCGG
C*03:48,GCTCCCACTCCATGAGGTATTTCTACACCGCTGTGTCCCGGCCCGGCCGCGGGGAGCCCCACTTCATCGCAGTGGGCTACGTGGACGACACGCAGTTCGTGCGGTTCGACAGCGACGCCGCGAGTCCGAGAGGGGAGCCGCGGGCGCCGTGGGTGGAGCAGGAGGGGCTGGAGTATTGGGACCGGGAGACACAGAAGTACAAGCGCCAGGCACAGACTGACCGAGTGAGCCTGCGGAACCTGCGCGGCTACTACAACCAGAGCGAGGCCG,GGTCTCACATCATCCAGAGGATGTATGGCTGCGACGTGGGGCCCGACGGGCGCCTCCTCCGCGGGTATGACCAGTACGCCTACGACGGCAAGGATTACATCGCCCTGAACGAGGATCTGCGCTCCTGGACCGCCGCGGACACGGCGGCTCAGATCACCCAGCGCAAGTGGGAGGCGGCCCGTGAGGCGGAGCAGCTGAGAGCCTACCTGGAGGGCCTGTGCGTGGAGTGGCTCCGCAGATACCTGAAGAATGGGAAGGAGACGCTGCAGCGCGCGG
C*03:49,GCTCCCACTCCATGAGGTATTTCTACACCGCTGTGTCCCGGCCCGGCCGCGGGGAGCCCCACTTCATCGCAGTGGGCTACGTGGACGACACGCAGTTCGTGCGGTTCGACAGCGACGCCGCGAGTCCGAGAGGGGAGCCGCGGGCGCCGTGGGTGGAGCAGGAGGGGCCGGAGTATTGGGACCGGGAGACACAGAAGTACAAGCGCCAGGCACAGACTGACCGAGTGAGCCTGCGGAACCTGCGCGGCTACTACAACCAGAGCGAGGCCA,GGTCTCACATCATCCAGAGGATGTATGGCTGCGACGTGGGGCCCGACGGGCGCCTCCTCCGCGGGTATGACCAGTACGCCTACGACGGCAAGGATTACATCGCCCTGAACGAGGATCTGCGCTCCTGGACCGCCGCGGACACGGCGGCTCAGATCACCCAGCGCAAGTGGGAGGCGGCCCGTGAGGCGGAGCAGCGGAGAGCCTACCTGGAGGGCCTGTGCGTGGAGTGGCTCCGCAGATACCTGAAGAATGGGAAGGAGACGCTGCAGCGCGCGG
C*03:50,GCTCCCACTCCATGAGGTATTTCTACACCGCTGTGTCCCGGCCCGGCCGCGGGGAGCCCTACTTCATCGCAGTGGGCTACGTGGACGACACGCAGTTCGTGCGGTTCGACAGCGACGCCGCGAGTCCGAGAGGGGAGCCGCGGGCGCCGTGGGTGGAGCAGGAGGGGCCGGAGTATTGGGACCGGGAGACACAGAAGTACAAGCGCCAGGCACAGACTGACCGAGTGAGCCTGCGGAACCTGCGCGGCTACTACAACCAGAGCGAGGCCA,GGTCTCACATCATCCAGAGGATGTATGGCTGCGACGTGGGGCCCGACGGGCGCCTCCTCCGCGGGTATGACCAGTACGCCTACGACGGCAAGGATTACATCGCCCTGAACGAGGATCTGCGCTCCTGGACCGCCGCGGACACGGCGGCTCAGATCACCCAGCGCAAGTGGGAGGCGGCCCGTGAGGCGGAGCAGCTGAGAGCCTACCTGGAGGGCCTGTGCGTGGAGTGGCTCCGCAGATACCTGAAGAATGGGAAGGAGACGCTGCAGCGCGCGG
C*03:51,GCTCCCACTCCATGAGGTATTTCTACACCGCTGTGTCCCGGCCCGGCCGCGGGGAGCCCCACTTCATCGCAGTGGGCTACGTGGACGACACGCAGTTCGTGCGGTTCGACAGCGACGCCGCGAGTCCGAGAGGGGAGCCGCGGGCGCCGTGGGTGGAGCAGGAGGGGCCGGAGTATTGGGACCGGGAGACACAGAAGTACAAGCGCCAGGCACAGACTGACCGAGTGAGCCTGCGGAACCTGCGCGGCTACTACAACCAGAGCGAGGCCG,GGTCTCACATCATCCAGAGGATGTATGGCTGCGACGTGGGGCCCGACGGGCGCCTCCTCCGCGGGTATGACCAGTACGCCTACGACGGCAAGGATTACATCGCCCTGAACGAGGATCTGCGCTCCTGGACCGCCGCGGACACGGCGGCTCAGATCACCCAGCGCAAGTGGGAGGCGGCCCGTGAGGCGGAGCAGCTGAGAGCCTACCTGGAGGGCCTGTGCGTGGAGTGGCTCCGCAGACACCTGAAGAATGGGAAGGAGACGCTGCAGCGCGCGG
C*03:52,GCTCCCACTCCATGAGGTATTTCTACACCGCTGTGTCCCGGCCCGGCCGCGGGGAGCCCCACTTCATCGCAGTGGGCTACGTGGACGACACGCAGTTCGTGCGGTTCGACAGCGACGCCGCGAGTCCGAGAGGGGAGCCGCGGGCGCCGTGGGTGGAGCAGGAGGGGCCGGAGTATTGGGACCGGGAGACACAGAAGTACAAGCGCCAGGCACAGACTGACCGAGTGAGCCTGCGGAACCTGCGCGGCTACTACAACCAGAGCGAGGCCA,GGTCTCACATCATCCAGAGGATGTATGGCTGCGACGTGGGGCCCGACGGGCGCCTCCTCCGCGGGTATGACCAGTACGCCTACGACGGCAAGGATTACATCGCCCTGAACGAGGATCTGCGCTCCTGGACCGCCGCGGACACGGCGGCTCAGATCACCCAGCGCAAGTGGGAGGTGGCCCGTGAGGCGGAGCAGCTGAGAGCCTACCTGGAGGGCCTGTGCGTGGAGTGGCTCCGCAGATACCTGAAGAATGGGAAGGAGACGCTGCAGCGCGCGG
C*03:53,GCTCCCACTCCATGAGGTATTTCTACACCGCTGTGTCCCGGCCCGGCCGCGGGGAGCCCCACTTCATCGCAGTGGGCTACGTGGACGACACGCAGTTCGTGCGGTTCGACAGCGACGCCGCGAGTCCGAGAGGGGAGCCGCGGGCGCCGTGGGTGGAGCAGGAGGGGCCGGAGTATTGGGACCGGGAGACACAGAAGTACAAGCGCCAGGCACAGACTGACGGAGTGAGCCTGCGGAACCTGCGCGGCTACTACAACCAGAGCGAGGCCA,GGTCTCACATCATCCAGAGGATGTATGGCTGCGACGTGGGGCCCGACGGGCGCCTCCTCCGCGGGTATGACCAGTACGCCTACGACGGCAAGGATTACATCGCCCTGAACGAGGATCTGCGCTCCTGGACCGCCGCGGACACGGCGGCTCAGATCACCCAGCGCAAGTGGGAGGCGGCCCGTGAGGCGGAGCAGCTGAGAGCCTACCTGGAGGGCCTGTGCGTGGAGTGGCTCCGCAGATACCTGAAGAATGGGAAGGAGACGCTGCAGCGCGCGG
C*03:54,GCTCCCACTCCATGAGGTATTTCTACACCGCTGTGTCCCGGCCCGGCCGCGGGGAGCCCCACTTCATCGCAGTGGGCTACGTGGACGACACGCAGTTCGTGCGGTTCGACAGCGACGCCGCGAGTCCGAGAGGGGAGCCGCGGGCGCCGTGGGTGGAGCAGGAGGGGCCGGAGTATTGGGACCGGGAGACACAGAAGTACAAGCGCCAGGCACAGACTGACCGAGTGAGCCTGCGGAACCTGCGCGGCTACTACAACCAGAGCGAGGCCG,GGTCTCACATCATCCAGAGGATGTATGGCTGCGACGTGGGGCCCGACGGGCGCCTCCTCCGCGGGTATGACCAGTACGCCTACGACGGCAAGGATTACATCGCCCTGAACGAGGATCTGCGCTCCTGGACCGCCGCGGACACGGCGGCTCAGATCACCCAGCGCAAGTGGGAGGCGGCCCGTGAGGCGGAGCAGCTGAGACCCTACCTGGAGGGCCTGTGCGTGGAGTGGCTCCGCAGATACCTGAAGAATGGGAAGGAGACGCTGCAGCGCGCGG
C*03:55,GCTCCCACTCCATGAGGTATTTCTACACCGCTGTGTCCCGGCCCGGCCGCGGGGAGCCCCACTTCATCGCAGTGGGCTACGTGGACGACACGCAGTTCGTGCGGTTCGACAGCGACGCCGCGAGTCCGAGAGGGGAGCCGCGGGCGCCGTGGGTGGAGCAGGAGGGGCCGGAGTATTGGGACCGGGAGACACAGAAGTACAAGCGCCAGGCACAGACTGACCGAGTGAGCCTGCGGAACCTGCGCGGCTACTACAACCAGAGCGAGGCCA,GGTCTCACATCATCCAGAGGATGTATGGCTGCGACGTGGGGCCCGACGGGCGCCTCCTCCGCGGGTATGACCAGTACGCCTACGACGGCAAGGATTACATCGCCCTGAACGAGGATCTGCGCTCCTGGACCGCCGCGGACACGGCGGCTCAGATCACCCAGCGCAAGTGGGAGGCGGCCCGTGAGGCGGAGCAGCTGAGAGCCTACCTGGAGGGCACGTGCGTGGAGTGGCTCCGCAGATACCTGAAGAATGGGAAGGAGACGCTGCAGCGCGCGG
C*03:56,GCTCCCACTCCATGAGGTATTTCTACACCGCTGTGTCCCGGCCCGGCCGCGGGGAGCCCCACTTCATCGCAGTGGGCTACGTGGACGACACGCAGTTCGTGCGGTTCGACAGCGACGCCGCGAGTCCGAGAGGGGAGCCGCGGGCGCCGTGGGTGGAGCAGGAGGGGCCGGAGTATTGGGACCGGGAGACACAGAAGTACAAGCGCCAGGCACAGACTGACCGAGTGAGCCTGCGGAACCTGCGCGGCTACTACAACCAGAGCGAGGCCA,GGTCTCACATCATCCAGAGGATGTATGGCTGCGACGTGGGGCCCGACGGGCGCCTCCTCCGCGGGTATGACCAGTACGCCTACGACGGCATGGATTACATCGCCCTGAACGAGGATCTGCGCTCCTGGACCGCCGCGGACACGGCGGCTCAGATCACCCAGCGCAAGTGGGAGGCGGCCCGTGAGGCGGAGCAGCTGAGAGCCTACCTGGAGGGCCTGTGCGTGGAGTGGCTCCGCAGATACCTGAAGAATGGGAAGGAGACGCTGCAGCGCGCGG
C*03:57,GCTCCCACTCCATGAGGTATTTCTACACCGCTGTGTCCCGGCCCGGCCGCGGGGAGCCCCACTTCATCGCAGTGGGCTACGTGGACGACACGCAGTTCGTGCGGTTCGACAGCGACGCCGCGAGTCCGAGAGGGGAGCCGCGGGCGCCGTGGGTGGAGCAGGAGGGGCCGGAGTATTGGGACCGGGAGACACAGAAGTACAAGCGCCAGGCACAGACTGACCGAGTGAGCCTGCGGAACCTGCGCGGCTACTACAACCAGAGCGAGGCCG,GGTCTCACATCATCCAGAGGATGTATGGCTGCGACGTGGGGCCCGACAGGCGCCTCCTCCGCGGGTATGACCAGTACGCCTACGACGGCAAGGATTACATCGCCCTGAACGAGGATCTGCGCTCCTGGACCGCCGCGGACACGGCGGCTCAGATCACCCAGCGCAAGTGGGAGGCGGCCCGTGAGGCGGAGCAGCTGAGAGCCTACCTGGAGGGCCTGTGCGTGGAGTGGCTCCGCAGATACCTGAAGAATGGGAAGGAGACGCTGCAGCGCGCGG
C*03:58,GCTCCCACTCCATGAGGTATTTCTACACCGCTGTGTCCCGGCCCGGCCGCGGGGAGCCCCACTTCATCGCAGTGGGCTACGTGGACGACACGCAGTTCGTGCGGTTCGACAGCGACGCCGCGAGTCCGAGAGGGGAGCCGCGGGCGCCGTGGGTGGAGCAGGAGGGGCCGGAGTATTGGGACCGGGAGACACAGAAGTACAAGCGCCAGGCACAGACTGACCGAGTGAGCCTGCGGAACCTGCGCGGCTACTACAACCAGAGCGAGGCCA,GGTCTCACACCCTCCAGTGGATGTGTGGCTGCGACCTGGGGCCCGACGGGCGCCTCCTCCGCGGGTATAACCAGTTCGCCTACGACGGCAAGGATTACATCGCCCTGAACGAGGACCTGCGCTCCTGGACCGCCGCGGACACCGCGGCTCAGATCACCCAGCGCAAGTGGGAGGCGGCCCGTGAGGCGGAGCAGCGGAGAGCCTACCTGGAGGGCACGTGCGTGGAGTGGCTCCGCAGATACCTGGAGAACGGGAAGGAGACGCTGCAGCGCGCGG
C*03:59,GCTCCCACTCCATGAGGTATTTCTACACCGCTGTGTCCCGGCCCGGCCGCGGGGAGCCCCACTTCATCGCAGTGGGCTACGTGGACGACACGCAGTTCGTGCGGTTCGACAGCGACGCCGCGAGTCCGAGAGGGGAGCCGCGGGCGCCGTGGGTGGAGCAGGAGGGGCCGGAGTATTGGGACCGGGAGACACAGAAGTACAAGCGCCAGGCACAGACTGACCGAGTGAGCCTGCGGAACCTGCGCGGCTACTACAACCAGAGCGAGGCCA,GGTCTCACATCATCCAGAGGATGTATGGCTGCGACGTGGGGCCCGACGGGCGCCTCCTCCGCGGGTATGACCAGTACGCCTACGACGGCAAGGATTACATCGCCCTGAACGAGGATCTGCGCTCCTGGACCGCCGCGGACACGGCGGCTCAGATCACCCAGCGCAAGTGGGAGGCGGCCCGTGAGGTGGAGCAGCTGAGAGCCTACCTGGAGGGCCTGTGCGTGGAGTGGCTCCGCAGATACCTGAAGAATGGGAAGGAGACGCTGCAGCGCGCGG
C*03:60,GCTCCCACTCCATGAGGTATTTCTACACCGCTGTGTCCCGGCCCGGCCGCGGGGAGCCCCACTTCATCGCAGTGGGCTACGTGGACGACACGCAGTTCGTGCGGTTCGACAGCGACGCCGCGAGTCCGAGAGGGGAGCCGCGGGCGCCGTGGGTGGAGCAGGAGGGGCCGGAGTATTGGGACCGGGAGACACAGAAGTACAAGCGCCAGGCACAGACTGACCGAGTGAGCCTGCGGAACCTGCGCGGCTACTACAACCAGAGCGAGGACG,GGTCTCACATCCTCCAGAGGATGTATGGCTGCGACGTGGGGCCCGACGGGCGCCTCCTCCGCGGGTATGACCAGTCCGCCTACGACGGCAAGGATTACATCGCCCTGAACGAGGATCTGCGCTCCTGGACCGCCGCGGACACGGCGGCTCAGATCACCCAGCGCAAGTGGGAGGCGGCCCGTGAGGCGGAGCAGCTGAGAGCCTACCTGGAGGGCCTGTGCGTGGAGTGGCTCCGCAGATACCTGAAGAATGGGAAGGAGACGCTGCAGCGCGCGG
C*03:61,GCTCCCACTCCATGAGGTATTTCTACACCGCTGTGTCCCGGCCCGGCCGCGGGGAGCCCCACTTCATCGCAGTGGGCTACGTGGACGACACGCAGTTCGTGCGGTTCGACAGCGACGCCGCGAGTCCGAGAGGGGAGCCGCGGGCGCCGTGGGTGGAGCAGGAGGGGCCGGAGTATTGGGACCGGGAGACACAGAAGTACAAGCGCCAGGCACAGACTGACCGAGTGAGCCTGCGGAACCTGCGCGGCTACTACAACCAGAGCGAGGCCA,GGTCTCACATCATCCAGAGGATGTATGGCTGCGACGTGGGGCCCGACGGGCGCCTCCTCCGCGGGTATGACCAGTACGCCTACGACGGCAAGGATTACATCGCCCTGAACGAGGATCTGCGCTCCTGGACCGCCGCGGACACGGCGGCTCAGATCACCCAGCGCAAGTGGGAGGCGGCCCGTGAGGCGGAGCAGCTGAGAGCCTACCTGGAGGGCCTGTGCGAGGAGTGGCTCCGCAGATACCTGAAGAATGGGAAGGAGACGCTGCAGCGCGCGG
C*03:63,GCTCCCACTCCATGAGGTATTTCTACACCGCTGTGTCCCGGCCCGGCCGCGGGGAGCCCCACTTCATCGCAGTGGGCTACGTGGACGACACGCAGTTCGTGCGGTTCGACAGCGACGCCGCGAGTCCGAGAGGGGAGCCGCGGGCGCCGTGGGTGGAGCTGGAGGGGCCGGAGTATTGGGACCGGGAGACACAGAAGTACAAGCGCCAGGCACAGACTGACCGAGTGAGCCTGCGGAACCTGCGCGGCTACTACAACCAGAGCGAGGCCG,GGTCTCACATCATCCAGAGGATGTATGGCTGCGACGTGGGGCCCGACGGGCGCCTCCTCCGCGGGTATGACCAGTACGCCTACGACGGCAAGGATTACATCGCCCTGAACGAGGATCTGCGCTCCTGGACCGCCGCGGACACGGCGGCTCAGATCACCCAGCGCAAGTGGGAGGCGGCCCGTGAGGCGGAGCAGCTGAGAGCCTACCTGGAGGGCCTGTGCGTGGAGTGGCTCCGCAGATACCTGAAGAATGGGAAGGAGACGCTGCAGCGCGCGG
C*03:64:01,GCTCCCACTCCATGAGGTATTTCTACACCGCTGTGTCCCGGCCCGGCCGCGGGGAGCCCCGCTTCATCGCAGTGGGCTACGTGGACGACACGCAGTTCGTGCGGTTCGACAGCGACGCCGCGAGTCCGAGAGGGGAGCCGCGGGCGCCGTGGGTGGAGCAGGAGGGGCCGGAGTATTGGGACCGGGAGACACAGAAGTACAAGCGCCAGGCACAGACTGACCGAGTGAGCCTGCGGAACCTGCGCGGCTACTACAACCAGAGCGAGGCCG,GGTCTCACATCATCCAGAGGATGTATGGCTGCGACGTGGGGCCCGACGGGCGCCTCCTCCGCGGGTATGACCAGTACGCCTACGACGGCAAGGATTACATCGCCCTGAACGAGGATCTGCGCTCCTGGACCGCCGCGGACACGGCGGCTCAGATCACCCAGCGCAAGTGGGAGGCGGCCCGTGAGGCGGAGCAGCTGAGAGCCTACCTGGAGGGCCTGTGCGTGGAGTGGCTCCGCAGATACCTGAAGAATGGGAAGGAGACGCTGCAGCGCGCGG
C*03:64:02,GCTCCCACTCCATGAGGTATTTCTACACCGCCGTGTCCCGGCCCGGCCGCGGAGAGCCCCGCTTCATCGCAGTGGGCTACGTGGACGACACGCAGTTCGTGCGGTTCGACAGCGACGCCGCGAGTCCGAGAGGGGAGCCGCGGGCGCCGTGGGTGGAGCAGGAGGGGCCGGAGTATTGGGACCGGGAGACACAGAAGTACAAGCGCCAGGCACAGACTGACCGAGTGAGCCTGCGGAACCTGCGCGGCTACTACAACCAGAGCGAGGCCG,GGTCTCACATCATCCAGAGGATGTATGGCTGCGACGTGGGGCCCGACGGGCGCCTCCTCCGCGGGTATGACCAGTACGCCTACGACGGCAAGGATTACATCGCCCTGAACGAGGATCTGCGCTCCTGGACCGCCGCGGACACGGCGGCTCAGATCACCCAGCGCAAGTGGGAGGCGGCCCGTGAGGCGGAGCAGCTGAGAGCCTACCTGGAGGGCCTGTGCGTGGAGTGGCTCCGCAGATACCTGAAGAATGGGAAGGAGACGCTGCAGCGCGCGG
C*03:65,GCTCCCACTCCATGAGGTATTTCTACACCGCTGTGTCCCGGCCCGGCCGCGGGGAGCCCCACTTCATCGCAGTGGGCTACGTGGACGACACGCAGTTCGTGCGGTTCGACAGCGACGCCGCGAGTCCGAGAGGGGAGCCGCGGGCGCCGTGGGTGGAGCAGGAGGGGCCGGAGTATTGGGACCGGGAGACACAGAAGTACAAGCGCCAGGCACAGACTGACCGAGTGAGCCTGCGGAACCTGCGCGGCTACTACAACCAGAGCGAGGCCG,GGTCTCACATCATCCAGAGGATGTATGGCTGCGACGTGGGGCCCGACGGGCGCCTCCTCCGCGGGTATGACCAGTACGCCTACGACGGCAAGGATTACATCGCCCTGAACGAGGATCTGCGCTCCTGGACCGCCGCGGACACGGCGGCTCAGATCACCCAGCGCAAGTGGAAGGCGGCCCGTGAGGCGGAGCAGCTGAGAGCCTACCTGGAGGGCCTGTGCGTGGAGTGGCTCCGCAGATACCTGAAGAATGGGAAGGAGACGCTGCAGCGCGCGG
C*03:66,GCTCCCACTCCATGAGGTATTTCTACACCGCTGTGTCCCGGCCCTGCCGCGGGGAGCCCCACTTCATCGCAGTGGGCTACGTGGACGACACGCAGTTCGTGCGGTTCGACAGCGACGCCGCGAGTCCGAGAGGGGAGCCGCGGGCGCCGTGGGTGGAGCAGGAGGGGCCGGAGTATTGGGACCGGGAGACACAGAAGTACAAGCGCCAGGCACAGACTGACCGAGTGAGCCTGCGGAACCTGCGCGGCTACTACAACCAGAGCGAGGCCA,GGTCTCACATCATCCAGAGGATGTATGGCTGCGACGTGGGGCCCGACGGGCGCCTCCTCCGCGGGTATGACCAGTACGCCTACGACGGCAAGGATTACATCGCCCTGAACGAGGATCTGCGCTCCTGGACCGCCGCGGACACGGCGGCTCAGATCACCCAGCGCAAGTGGGAGGCGGCCCGTGAGGCGGAGCAGCTGAGAGCCTACCTGGAGGGCCTGTGCGTGGAGTGGCTCCGCAGATACCTGAAGAATGGGAAGGAGACGCTGCAGCGCGCGG
C*03:67,GCTCCCACTCCATGAGGTATTTCGACACCGCTGTGTCCCGGCCCGGCCGCGGGGAGCCCCACTTCATCGCAGTGGGCTACGTGGACGACACGCAGTTCGTGCGGTTCGACAGCGACGCCGCGAGTCCGAGAGGGGAGCCGCGGGCGCCGTGGGTGGAGCAGGAGGGGCCGGAGTATTGGGACCGGGAGACACAGAAGTACAAGCGCCAGGCACAGACTGACCGAGTGAGCCTGCGGAACCTGCGCGGCTACTACAACCAGAGCGAGGCCA,GGTCTCACATCATCCAGAGGATGTATGGCTGCGACGTGGGGCCCGACGGGCGCCTCCTCCGCGGGTATGACCAGTACGCCTACGACGGCAAGGATTACATCGCCCTGAACGAGGATCTGCGCTCCTGGACCGCCGCGGACACGGCGGCTCAGATCACCCAGCGCAAGTGGGAGGCGGCCCGTGAGGCGGAGCAGCTGAGAGCCTACCTGGAGGGCCTGTGCGTGGAGTGGCTCCGCAGATACCTGAAGAATGGGAAGGAGACGCTGCAGCGCGCGG
C*03:68,GCTCCCACTCCATGAGGTATTTCTACACCGCTGTGTCCCGGCCCGGCCGCGGGGAGCCCCACTTCATCGCAGTGGGCTACGTGGACGACACGCAGTTCGTGCGGTTCGACAGCGACGCCGCGAGTCCGAGAGGGGAGCCGCGGGCGCCGTGGGTGGAGCAGGAGGGGCCGGAGTATTGGGACCGGGAGACGAAGAAGTACAAGCGCCAGGCACAGACTGACCGAGTGAGCCTGCGGAACCTGCGCGGCTACTACAACCAGAGCGAGGCCA,GGTCTCACATCATCCAGAGGATGTATGGCTGCGACGTGGGGCCCGACGGGCGCCTCCTCCGCGGGTATGACCAGTACGCCTACGACGGCAAGGATTACATCGCCCTGAACGAGGATCTGCGCTCCTGGACCGCCGCGGACACGGCGGCTCAGATCACCCAGCGCAAGTGGGAGGCGGCCCGTGAGGCGGAGCAGCTGAGAGCCTACCTGGAGGGCCTGTGCGTGGAGTGGCTCCGCAGATACCTGAAGAATGGGAAGGAGACGCTGCAGCGCGCGG
C*03:69,GCTCCCACTCCATGAGGTATTTCTACACCGCTGTGTCCCGGCCCGGCCGCGGGGAGCCCCACTTCATCGCAGTGGGCTACGTGGACGACACGCAGTTCGTGCGGTTCGACAGCGACGCCGCGAGTCCGAGAGGGGAGCCGCGGGCGCCGTGGGTGGAGCAGGAGGGGCCGGAGTATTGGGACCGGGAGACACAGAAGTACAAGCGCCAGGCACAGGCTGACCGAGTGAGCCTGCGGAACCTGCGCGGCTACTACAACCAGAGCGAGGCCA,GGTCTCACATCATCCAGAGGATGTATGGCTGCGACGTGGGGCCCGACGGGCGCCTCCTCCGCGGGTATGACCAGTACGCCTACGACGGCAAGGATTACATCGCCCTGAACGAGGATCTGCGCTCCTGGACCGCCGCGGACACGGCGGCTCAGATCACCCAGCGCAAGTGGGAGGCGGCCCGTGAGGCGGAGCAGCTGAGAGCCTACCTGGAGGGCCTGTGCGTGGAGTGGCTCCGCAGATACCTGAAGAATGGGAAGGAGACGCTGCAGCGCGCGG
C*03:70,GCTCCCACTCCATGAGGTATTTCTACACCGCTGTGTCCCGGCCCGGCCGCGGGGAGCCCCACTTCATCGCAGTGGGCTACGTGGACGACACGCAGTTCGTGCGGTTCGACAGCGACGCCGCGAGTCCGAGAGGGGAGCCGCGGGCGCCGTGGGTGGAGCAGGAGGGGCCGGAGTATTGGGACCGGGAGACACAGAAGTACAAGCGCCAGGCACAGACTGACCGAGAGAGCCTGCGGAACCTGCGCGGCTACTACAACCAGAGCGAGGCCG,GGTCTCACATCATCCAGAGGATGTATGGCTGCGACGTGGGGCCCGACGGGCGCCTCCTCCGCGGGTATGACCAGTACGCCTACGACGGCAAGGATTACATCGCCCTGAACGAGGATCTGCGCTCCTGGACCGCCGCGGACACGGCGGCTCAGATCACCCAGCGCAAGTGGGAGGCGGCCCGTGAGGCGGAGCAGCTGAGAGCCTACCTGGAGGGCCTGTGCGTGGAGTGGCTCCGCAGATACCTGAAGAATGGGAAGGAGACGCTGCAGCGCGCGG
C*03:71,GCTCCCACTCCATGAGGTATTTCTACACCGCTGTGTCCCGGCCCGGCCGCGGGGAGCCCCACTTCATCGCAGTGGGCTACGTGGACGACACGCAGTTCGTGCGGTTCGACAGCGACGCCGCGAGTCCGAGAGGGGAGCCGCGGGCGCCGTGGGTGGAGCAGGAGGGGCCGGAGTATTGGGACCGGGAGACACAGAAGTACAAGCGCCAGGCACAGACTGACCGAGTGAGCCTGCGGAACCTGCGCGGCTACTACAACCAGAGCGAGGCCG,GGTCTCACACCCTCCAGTGGATGTATGGCTGCGACCTGGGGCCCGACGGGCGCCTCCTCCGCGGGTATGACCAGTCCGCCTACGACGGCAAGGATTACATCGCCCTGAACGAGGATCTGCGCTCCTGGACCGCCGCGGACACGGCGGCTCAGATCACCCAGCGCAAGTGGGAGGCGGCCCGTGAGGCGGAGCAGCTGAGAGCCTACCTGGAGGGCCTGTGCGTGGAGTGGCTCCGCAGATACCTGAAGAATGGGAAGGAGACGCTGCAGCGCGCGG
C*03:72,GCTCCCACTCCATGAGGTATTTCTACACCGCTGTGTCCCGGCCCGGCCGCGGGGAGCCCCACTTCATCGCAGTGGGCTACGTGGACGACACGCAGTTCGTGCGGTTCGACAGCGACGCCGCGAGTCCGAGAGGGGAGCCGCGGGCGCCGTGGGTGGAGCAGGAGGGGCCGGAGTATTGGGACCGGGAGACACAGAAGTACAAGCGCCAGGCACAGACTGACCGAGTGAGCCTGCGGAACCTGCGCGGCTACTACAACCAGAGCGAGGCCG,GGTCTCACATCATCCAGAGGATGTATGGCTGCGACGTGGGGCCCGACGGGGGCCTCCTCCGCGGGTATGACCAGTACGCCTACGACGGCAAGGATTACATCGCCCTGAACGAGGATCTGCGCTCCTGGACCGCCGCGGACACGGCGGCTCAGATCACCCAGCGCAAGTGGGAGGCGGCCCGTGAGGCGGAGCAGCTGAGAGCCTACCTGGAGGGCCTGTGCGTGGAGTGGCTCCGCAGATACCTGAAGAATGGGAAGGAGACGCTGCAGCGCGCGG
C*03:73,GCTCCCACTCCATGAGGTATTTCTACACCGCTGTGTCCCGGCCCGGCCGCGGGGAGCCCCACTTCATCGCAGTGGGCTACGTGGACGACACGCAGTTCGTGCGGTTCGACAGCGACGCCGCGAGTCCGAGAGGGGAGCCGCGGGCGCCGTGGGTGGAGCAGGAGGGGCCGGAGTATTGGGACCGGGAGACACAGAAGTACAAGCGCCAGGCACAGACTGACCGAGTGAGCCTGCGGAACCTGCGCGGCTACTACGACCAGAGCGAGGCCG,GGTCTCACATCATCCAGAGGATGTATGGCTGCGACGTGGGGCCCGACGGGCGCCTCCTCCGCGGGTATGACCAGTACGCCTACGACGGCAAGGATTACATCGCCCTGAACGAGGATCTGCGCTCCTGGACCGCCGCGGACACGGCGGCTCAGATCACCCAGCGCAAGTGGGAGGCGGCCCGTGAGGCGGAGCAGCTGAGAGCCTACCTGGAGGGCCTGTGCGTGGAGTGGCTCCGCAGATACCTGAAGAATGGGAAGGAGACGCTGCAGCGCGCGG
C*03:74,GCTCCCACTCCATGAGGTATTTCTACACCGCTGTGTCCCGGCTCGGCCGCGGGGAGCCCCACTTCATCGCAGTGGGCTACGTGGACGACACGCAGTTCGTGCGGTTCGACAGCGACGCCGCGAGTCCGAGAGGGGAGCCGCGGGCGCCGTGGGTGGAGCAGGAGGGGCCGGAGTATTGGGACCGGGAGACACAGAAGTACAAGCGCCAGGCACAGACTGACCGAGTGAGCCTGCGGAACCTGCGCGGCTACTACAACCAGAGCGAGGCCG,GGTCTCACATCATCCAGAGGATGTATGGCTGCGACGTGGGGCCCGACGGGCGCCTCCTCCGCGGGTATGACCAGTACGCCTACGACGGCAAGGATTACATCGCCCTGAACGAGGATCTGCGCTCCTGGACCGCCGCGGACACGGCGGCTCAGATCACCCAGCGCAAGTGGGAGGCGGCCCGTGAGGCGGAGCAGCTGAGAGCCTACCTGGAGGGCCTGTGCGTGGAGTGGCTCCGCAGATACCTGAAGAATGGGAAGGAGACGCTGCAGCGCGCGG
C*03:75,GCTCCCACTCCATGAGGTATTTCTACACCGCTGTGTCCCGGCCCGGCCGCGGGGAGCCCCACTTCATCGCAGTGGGCTACGTGGACGACACGCAGTTCGTGCGGTTCGACAGCGACGCCGCGAGTCCGAGAGGGGAGCCGCGGGCGCCGTGGGTGGAGCAGGAGGGGCCGGAGTATTGGGACCGGGAGACACAGAAGTACAAGCGCCAGGCACAGACTGACCGAGTGAGCCTGCGGAACCTGCGCGGCTACTACAACCAGAGCGAGGCCA,GGTCTCACATCATCCAGAGGATGTATGGCTGCGACGTGGGGCCCGACGGGCGCCTCCTCCGCGGGTATGACCAGTACGCCTACGACGGCAAGGATTACATCGCCCTGAACGAGGATCTGCGCTCCTGGACCGTCGCGGACACGGCGGCTCAGATCACCCAGCGCAAGTGGGAGGCGGCCCGTGAGGCGGAGCAGCTGAGAGCCTACCTGGAGGGCCTGTGCGTGGAGTGGCTCCGCAGATACCTGAAGAATGGGAAGGAGACGCTGCAGCGCGCGG
C*03:76,GCTCCCACTCCATGAGGCATTTCTACACCGCTGTGTCCCGGCCCGGCCGCGGGGAGCCCCACTTCATCGCAGTGGGCTACGTGGACGACACGCAGTTCGTGCGGTTCGACAGCGACGCCGCGAGTCCGAGAGGGGAGCCGCGGGCGCCGTGGGTGGAGCAGGAGGGGCCGGAGTATTGGGACCGGGAGACACAGAAGTACAAGCGCCAGGCACAGACTGACCGAGTGAGCCTGCGGAACCTGCGCGGCTACTACAACCAGAGCGAGGCCA,GGTCTCACATCATCCAGAGGATGTATGGCTGCGACGTGGGGCCCGACGGGCGCCTCCTCCGCGGGTATGACCAGTACGCCTACGACGGCAAGGATTACATCGCCCTGAACGAGGATCTGCGCTCCTGGACCGCCGCGGACACGGCGGCTCAGATCACCCAGCGCAAGTGGGAGGCGGCCCGTGAGGCGGAGCAGCTGAGAGCCTACCTGGAGGGCCTGTGCGTGGAGTGGCTCCGCAGATACCTGAAGAATGGGAAGGAGACGCTGCAGCGCGCGG
C*03:77,GCTCCCACTCCATGAGGTATTTCTACACCGCTGTGTCCCGGCCCGGCCGCGGGGAGCCCCACTTCATCGCAGTGGGCTACGTGGACGACACGCAGTTCGTGCGGTTCGACAGCGACGCCGCGAGTCCGAGAGGGGAGCCGCGGGCGCCGTGGGTGGAGCAGGAGGGGCCGGAGTATTGGGACCGGGAGACACAGAAGTACAAGCGCCAGGCACAGACTGACCGAGTGAGCCTGCGGAACCTGCGCGGCTACTACAACCAGAGCGAGGCCG,GGTCTCACATCATCCAGAGGATGTATGGCTGCGACGTGGGGCCCGACGGGCGCCTCCTCCGCGGGTATGACCAGTACGCCTACGACGGCAAGGATTACATCGCCCTGAACGAGGATCTGCGCTCCTGGACCGCCGCGGACACGGCGGCTCAGATCACCCAGCGCAAGTGGGAGGCGGCCCGTGTGGCGGAGCAGCTGAGAGCCTACCTGGAGGGCCTGTGCGTGGAGTGGCTCCGCAGATACCTGAAGAATGGGAAGGAGACGCTGCAGCGCGCGG
C*03:78,GCTCCCACTCCATGAGGTATTTCTACACCGCTGTGTCCCGGCCCGGCCGCGGGGAGCCCCACTTCATCGCAGTGGGCTACGTGGACGACACGCAGTTCGTGCGGTTCGACAGCGACGCCGCGAGTCCGAGAGGGGAGCCGCGGGCGCCGTGGGTGGAGCAGGAGGGGCCGGAGTATTGGGACCGGGAGACACAGAAGTACAAGCGCCAGGCACAGACTGACCGAGTGAGCCTGCGGAACCTGCGCGGCTACTACAACCAGAGCGAGGCCG,GGTCTCACATCATCCAGAGGATGTATGGCTGCGACGTGGGGCCCGACGGGCGCCTCCTCCGCGGGTATGACCAGTACGCCTACGACGGCAAGGATTACATCGCCCTGAACGAGGATCTGCGCTCCTGGACCGCCGCGGACACGGCGGCTCAGATCACCCAGCGCAAGTGGGAGGCGGCCCGTGAGGCGGAGCAGATGAGAGCCTACCTGGAGGGCCTGTGCGTGGAGTGGCTCCGCAGATACCTGAAGAATGGGAAGGAGACGCTGCAGCGCGCGG
C*03:79,GCTCCCACTCCATGAGGTATTTCTACACCGCTGTGTCCCGGCCCGGCCGCGGGGAGCCCCACTTCATCGCAGTGGGCTACGTGGACGACACGCAGTTCGTGCGGTTCGACAGCGACGCCGCGAGTCCGAGAGGGGAGCCGCGGGCGCCGTGGGTGGAGCAGGAGGGGCCGGAGTATTGGGACCGGGAGACACAGAAGTACAAGCGCCAGGCACAGACTGACCGAGTGAGCCTGCGGAACCTGCGCGGCTACTACAACCAGAGCGAGGCCA,GGTCTCACATCATCCAGAGGATGTATGGCTGCGACGTGGGGCCCGACGGGCGCCTCCTCCGCGGGTATGACCAGTACGCCTACGACGGCAAGGATTACATCGCCCTGAACGAGGATCTGCGCTCCTGGACCGCCGCGGACACGGCGGCTCAGATCACCCAGCGCAAGTGGGGGGCGGCCCGTGAGGCGGAGCAGCTGAGAGCCTACCTGGAGGGCCTGTGCGTGGAGTGGCTCCGCAGATACCTGAAGAATGGGAAGGAGACGCTGCAGCGCGCGG
C*03:80,GCTCCCACTCCATGAGGTATTTCTACACCGCTGTGTCCCGGCCCGGCCGCGGGGAGCCCCACTTCATCGCAGTGGGCTACGTGGACGACACGCAGTTCGTGCGGTTCGACAGCGACGCCGCGAGTCCGAGAGGGGAGCCGCGGGCGCCGTGGGTGGAGCAGGAGGGGCCGGAGTATTGGGACCGGGAGACACAGAAGTACAAGCGCCAGGCACAGACTGACCGAGTGAGCCTGCGGAACCTGCGCGGCTACTACAACCAGAGCGAGGCCG,GGTCTCACATCATCCAGAGGATGTATGGCTGCGACGTGGGGCCCGACGGGCGCCTCCTCCGCGGGTATGACCAGTACGCCTACGACGGCAAGGATTACATCGCCCTGAACGAGGATCTGCGCTCCTGGACCGCCGCGGACACGGCGGCTCAGATCACCCAGCGCAAGTGGGAGGCGGCCCGTGAGGCGGAGCAGTGGAGAGCCTACCTGGAGGGCACGTGCGTGGAGTGGCTCCGCAGATACCTGAAGAACGGGAAGGAGACGCTGCAGCGCGCGG
C*03:81,GCTCCCACTCCATGAGGTATTTCTACACCGCTGTGTCCCGGCCCGGCCGCGGGGAGCCCCACTTCATCGCAGTGGGCTACGTGGACGACACGCAGTTCGTGCGGTTCGACAGCGACGCCGCGAGTCCGAGAGGGGAGCCGCGGGCGCCGTGGGTGGAGCAGGAGGGGCCGGAGTATTGGGACCGGGAGACACAGAAGTACAAGCGCCAGGCACAGACTGACCGAGTGAGCCTGCGGAACCTGCGCGGCTACTACAACCAGAGCGAGGCCA,GGTCTCACATCATCCAGAGGATGTATGGCTGCGACGTGGGGCCCGACGGGCGCCTCCTCCGCGGGCATGACCAGTACGCCTACGACGGCAAGGATTACATCGCCCTGAACGAGGATCTGCGCTCCTGGACCGCCGCGGACACGGCGGCTCAGATCACCCAGCGCAAGTGGGAGGCGGCCCGTGAGGCGGAGCAGCTGAGAGCCTACCTGGAGGGCCTGTGCGTGGAGTGGCTCCGCAGATACCTGAAGAATGGGAAGGAGACGCTGCAGCGCGCGG
C*03:82,GCTCCCACTCCATGAGGTATTTCTACACCGCTGTGTCCCGGCCCGGCCGCGGGGAGCCCCACTTCATCGCAGTGGGCTACGTGGACGACACGCAGTTCGTGCGGTTCGACAGCGACGCCGCGAGTCCGAGAGGGGAGCCGCGGGCGCCGTGGGTGGAGCAGGAGGGGCCGGAGTATTGGGACCGGGAGACACAGAAGTACAAGCGCCAGTCACAGACTGACCGAGTGAGCCTGCGGAACCTGCGCGGCTACTACAACCAGAGCGAGGCCG,GGTCTCACATCATCCAGAGGATGTATGGCTGCGACGTGGGGCCCGACGGGCGCCTCCTCCGCGGGTATGACCAGTACGCCTACGACGGCAAGGATTACATCGCCCTGAACGAGGATCTGCGCTCCTGGACCGCCGCGGACACGGCGGCTCAGATCACCCAGCGCAAGTGGGAGGCGGCCCGTGAGGCGGAGCAGCTGAGAGCCTACCTGGAGGGCCTGTGCGTGGAGTGGCTCCGCAGATACCTGAAGAATGGGAAGGAGACGCTGCAGCGCGCGG
C*03:83,GCTCCCACTCCATGAGGTATTTCTACACCGCTGTGTCCCGGCCCGGCCGCGGGGAGCCCCACTTCATCGCAGTGGGCTACGTGGACGACACGCAGTTCGTGCGGTTCGACAGCGACGCCGCGAGTCCGAGAGGGGAGCCGCGGGCGCCGTGGGTGGAGCAGGAGGGGCCGGAGTATTGGGACCGGGAGACACAGAAGTACAAGCGCCAGGCACAGACTGACCGAGTGAGCCTGCGGAACCTGCGCGGCTACTACAACCAGAGCGAGGCCA,GGTCTCACATCATCCAGAGGATGTATGGCTGCGACGTGGGGCCCGACGGGCGCCTCCTCCGCGGGTATGACCAGTACGCCTACGACGGCAAGAATTACATCGCCCTGAACGAGGATCTGCGCTCCTGGACCGCCGCGGACACGGCGGCTCAGATCACCCAGCGCAAGTGGGAGGCGGCCCGTGAGGCGGAGCAGCTGAGAGCCTACCTGGAGGGCCTGTGCGTGGAGTGGCTCCGCAGATACCTGAAGAATGGGAAGGAGACGCTGCAGCGCGCGG
C*03:84,GCTCCCACTCCATGAGGTATTTCTACACCGCTGTGTCCCGGCCCGGCCGCGGGGAGCCCCACTTCATCGCAGTGGGCTACGTGGACGACACGCAGTTCGTGCGGTTCGACAGCGACGCCGCGAGTCCGAGAGGGGAGCCGCGGGCGCCGTGGGTGGAGCAGGAGGGGCAGGAGTATTGGGACCGGGAGACACAGAAGTACAAGCGCCAGGCACAGACTGACCGAGTGAGCCTGCGGAACCTGCGCGGCTACTACAACCAGAGCGAGGCCG,GGTCTCACATCCTCCAGAGGATGTATGGCTGCGACGTGGGGCCCGACGGGCGCCTCCTCCGCGGGTATGACCAGTCCGCCTACGACGGCAAGGATTACATCGCCCTGAACGAGGATCTGCGCTCCTGGACCGCCGCGGACACGGCGGCTCAGATCACCCAGCGCAAGTGGGAGGCGGCCCGTGAGGCGGAGCAGCTGAGAGCCTACCTGGAGGGCCTGTGCGTGGAGTGGCTCCGCAGATACCTGAAGAATGGGAAGGAGACGCTGCAGCGCGCGG
C*03:85,GCTCCCACTCCATGAGGTATTTCTACACCGCTGTGTCCCGGCCCGGCCGCGGGGAGCCCCACTTCATCGCAGTGGGCTACGTGGACGACACGCAGTTCGTGCGGTTCGACAGCGACGCCGCGAGTCCGAGAGGGGAGCCGCGGGCGCCGTGGGTGGAGCAGGAGGGGCCGGAGTATTGGGACCGGGAGACACAGAAGTACAACCGCCAGGCACAGACTGACCGAGTGAGCCTGCGGAACCTGCGCGGCTACTACAACCAGAGCGAGGCCA,GGTCTCACATCATCCAGAGGATGTATGGCTGCGACGTGGGGCCCGACGGGCGCCTCCTCCGCGGGTATGACCAGTACGCCTACGACGGCAAGGATTACATCGCCCTGAACGAGGATCTGCGCTCCTGGACCGCCGCGGACACGGCGGCTCAGATCACCCAGCGCAAGTGGGAGGCGGCCCGTGAGGCGGAGCAGCTGAGAGCCTACCTGGAGGGCCTGTGCGTGGAGTGGCTCCGCAGATACCTGAAGAATGGGAAGGAGACGCTGCAGCGCGCGG
C*03:86,GCTCCCACTCCATGAGGTATTTCTACACCGCTGTGTCCCGGCCCGGCCGCGGGGAGCCCCACTTCATCGCAGTGGGCTACGTGGACGACACGCAGTTCGTGCGGTTCGACAGCGACGCCGCGAGTCCGAGAGGGGAGCCGCGGGCGCCGTGGGTGGAGCAGGAGGGGCCGGAGTATTGGGACCGGGAGACACAGAAGTACAAGCGCCAGGCACAGACTGACCGAGTGAGCCTGCGGAACCTGCGCGGCTACTACAACCAGAGCGAGGCCA,GGTCTCACACCCTCCAGTGGATGTGTGGCTGCGACCTGGGGCCCGACGGGCGCCTCCTCCGCGGGTATGACCAGTACGCCTACGACGGCAAGGATTACATCGCCCTGAACGAGGACCTGCGCTCCTGGACCGCCGCGGACACCGCGGCTCAGATCACCCAGCGCAAGTGGGAGGCGGCCCGTGAGGCGGAGCAGCGGAGAGCCTACCTGGAGGGCACGTGCGTGGAGTGGCTCCGCAGATACCTGGAGAACGGGAAGGAGACGCTGCAGCGCGCGG
C*03:87,GCTCCCACTCCATGAGGTATTTCTACACCGCTGTGTCCCGGCCCGGCCGCGGGGAGCCCCACTTCATCGCAGTGGGCTACGTGGACGACACGCAGTTCGTGCGGTTCGACAGCGACGCCGCGAGTCCGAGAGGGGAGCCGCGGGCGCCGTGGGTGGAGCAGGAGGGGCCGGAGTATTGGGACCGGGAGACACAGAAGTACAAGCGCCAGGCACAGACTGACCGAGTGAGCCTGCGGAACCTGCGCGGCTACTACAACCAGAGCGAGGCCG,GGTCTCACATCATCCAGAGGATGTATGGCTGCGACGTGGGGCCCGACGGGCGCCTCCTCCGCGGGTATGACCAGTACGCCTACGACGGCAAGGATTACATCGCCCTGAATGAGGACCTGCGCTCCTGGACCGCCGCGGACAAGGCGGCTCAGATCACCCAGCGCAAGTGGGAGGCGGCCCGTGAGGCGGAGCAGCTGAGAGCCTACCTGGAGGGCCTGTGCGTGGAGTGGCTCCGCAGATACCTGAAGAATGGGAAGGAGACGCTGCAGCGCGCGG
C*03:88,GCTCCCACTCCATGAGGTATTTCTACACCGCTGTGTCCCGGCCCGGCCGCGGGGAGCCCCACTTCATCGCAGTGGGCTACGTGGACGACACGCAGTTCGTGCGGTTCGACAGCGACGCCGCGAGTCCGAGAGGGGAGCCGCGGGCGCCGTGGGTGGAGCAGGAGGGGCCGGAGTATTGGGACCGGGAGACACAGAAGTACAAGCGCCAGGCACAGACTGACCGAGTGAGCCTGCGGAACCTGCGCGGCTACTACAACCAGAGCGAGGCCA,GGTCTCACATCATCCAGAGGATGTATGGCTGCGACGTGGGGCCCGACGGGCACCTCCTCCGCGGGTATGACCAGTACGCCTACGACGGCAAGGATTACATCGCCCTGAACGAGGATCTGCGCTCCTGGACCGCCGCGGACACGGCGGCTCAGATCACCCAGCGCAAGTGGGAGGCGGCCCGTGAGGCGGAGCAGCTGAGAGCCTACCTGGAGGGCCTGTGCGTGGAGTGGCTCCGCAGATACCTGAAGAATGGGAAGGAGACGCTGCAGCGCGCGG
C*03:89,GCTCCCACTCCATGAGGTATTTCTACACCGCTGTGTCCCGGCCCGGCCGCGGGGAGCCCCACTTCATCGCAGTGGGCTACGTGGACGACACGCAGTTCGTGCGGTTCGACAGCGACGCCGCGAGTCCGAGAGGGGAGCCGCGGGCGCCGTGGGTGGAGCAGGAGGGGCCGGAGTATTGGGACCGGGAGACACAGAAGTACAAGCGCCAGGCACAGACTGACCGAGTGAGCCTGCGGAACCTGCGCGGCTACTACAACCAGAGCGAGGCCG,GGTCTCACATCCTCCAGAGGATGTTTGGCTGCGACCTGGGGCCGGACGGGCGCCTCCTCCGCGGGTATGACCAGTCCGCCTACGACGGCAAGGATTACATCGCCCTGAACGAGGATCTGCGCTCCTGGACCGCCGCGGACACGGCGGCTCAGATCACCCAGCGCAAGTGGGAGGCGGCCCGTGAGGCGGAGCAGCTGAGAGCCTACCTGGAGGGCCTGTGCGTGGAGTGGCTCCGCAGATACCTGAAGAATGGGAAGGAGACGCTGCAGCGCGCGG
C*03:90,GCTCCCACTCCATGAGGTATTTCTACACCGCTGTGTCCCGGCCCGGCCGCGGGGAGCCCCACTTCATCGCAGTGGGCTACGTGGACGACACGCAGTTCGTGCGGTTCGACAGCGACGCCGCGAGTCCGAGAGGGGAGCCGCGGGCGCCGTGGGTGGAGCAGGAGGGGCCGGAGTATTGGGACCGGGAGACACAGAAGTACAAGCGCCAGGCACAGACTGACCGAGTGAGCCTGCGGAACCTGCGCGGCTACTACAACCAGAGCGAGGCCG,GGTCTCACATCATCCAGAGGATGTCTGGCTGCGACGTGGGGCCCGACGGGCGCCTCCTCCGCGGGTATGACCAGTACGCCTACGACGGCAAGGATTACATCGCCCTGAACGAGGATCTGCGCTCCTGGACCGCCGCGGACACGGCGGCTCAGATCACCCAGCGCAAGTGGGAGGCGGCCCGTGAGGCGGAGCAGCTGAGAGCCTACCTGGAGGGCCTGTGCGTGGAGTGGCTCCGCAGATACCTGAAGAATGGGAAGGAGACGCTGCAGCGCGCGG
C*03:91,GCTCCCACTCCATGAGGTATTTCTACACCGCTGTGTCCCGGCCCGGCCGCGGGGAGCCCCACTTCATCGCAGTGGGCTACGTGGACGACACGCAGTTCGTGCGGTTCGACAGCGACGCCGCGAGTCCGAGAGGGGAGCCGCGGGCGCCGTGGGTGGAGCAGGAGGGGCCGGAGTATTGGGACCGGGAGACACAGAAGTACAAGCGCCAGGCACAGACTGACCGAGTGAGCCTGCGGAACCTGCGCGGCTACTACAACCAGAGCGAGGCCG,GGTCTCACATCATCCAGAGGATGTATGGCTGCGACGTGAGGCCCGACGGGCGCCTCCTCCGCGGGTATGACCAGTACGCCTACGACGGCAAGGATTACATCGCCCTGAACGAGGATCTGCGCTCCTGGACCGCCGCGGACACGGCGGCTCAGATCACCCAGCGCAAGTGGGAGGCGGCCCGTGAGGCGGAGCAGCTGAGAGCCTACCTGGAGGGCCTGTGCGTGGAGTGGCTCCGCAGATACCTGAAGAATGGGAAGGAGACGCTGCAGCGCGCGG
C*03:92,GCTCCCACTCCATGAGGTATTTCTACACCGCTGTGTCCCGGCCCGGCCGCGGGGAGCCCCACTTCATCGCAGTGGGCTACGTGGACGACACGCAGTTCGTGCGGTTCGACAGCGACGCCGCGAGTCCGAGAGGGGAGCCGCGGGCGCCGTGGGTGGAGCAGGAGGGGCCGGAGTATTGGGACCGGGAGACACAGAAGTACAAGCGCCAGGCACAGACTGACCGAGTGAGCCTGCGGAACCTGCGCGGCTACTACAACCAGAGCGAGGCCG,GGTCTCACATCATCCAGAGGATGTATGGCTGCGACGTGGGGCCCGACGGGCGCCTCCTCCGCGGGTATGACCAGTACGCCTACGACGGCAAGGATTACATCGCCCTGAACGAGGATCTGCGCTCCTGGACCGCCGCGGACACGGCGGCTCAGATCACCCAGCGCAAGTGGGAGGCGGCCCGTGAGGCGGAGCAGCTGAGAGCCTACCTGGAGGGCACGTGCGTGGAGTGGCTCCGCAGATACCTGAAGAATGGGAAGGAGACGCTGCAGCGCGCGG
C*03:93,GCTCCCACTCCATGAGGTATTTCTACACCGCTGTGTCCCGGCCCGGCCGCGGGGAGCCCCACTTCATCGCAGTGGGCTACGTGGACGACACGCAGTTCGTGCGGTTCGACAGCGACGCCGCGAGTCCGAGAGGGGAGCCGCGGGCGCCGTGGGTGGAGCAGGAGGGGCCGGAGTATTGGGACCGGGAGACACAGAAGTACAAGCGCCAGGCACAGACTGACCGAGTGAGCCTGCGGAACCTGCGCGGCTACTACAACCAGAGCGAGGCCG,GGTCTCACATCATCCAGAGGATGTATGGCTGCGACGTGGGGCCCGACGGGCGCCTCCTCCGCGGGTATGACCAGTACGCCTACGACGGCAAGGATTACATCGCCCTGAACGAGGATCTGCGCTCCTGGACCGCCGCGGACACGGCGACTCAGATCACCCAGCGCAAGTGGGAGGCGGCCCGTGAGGCGGAGCAGCTGAGAGCCTACCTGGAGGGCCTGTGCGTGGAGTGGCTCCGCAGATACCTGAAGAATGGGAAGGAGACGCTGCAGCGCGCGG
C*03:94,GCTCCCACTCCATGAGGTATTTCTACACCGCTGTGTCCCGGCCCGGCCGCGGAGAGCCCCACTTCATCGCAGTGGGCTACGTGGACGACACGCAGTTCGTGCGGTTCGACAGCGACGCCGCGAGTCCGAGAGGGGAGCCGCGGGCGCCGTGGGTGGAGCAGGAGGGGCCGGAGTATTGGGACCGGGAGACACAGAAGTACAAGCGCCAGGCACAGACTGACCGAGTGAGCCTGCGGAACCTGCGCGGCTACTACAACCAGAGCGAGGCCG,GGTCTCACACCCTCCAGTGGATGTGTGGCTGCGACCTGGGGCCCGACGGGCGCCTCCTCCGCGGGTATGACCAGTACGCCTACGACGGCAAGGATTACATCGCCCTGAACGAGGACCTGCGCTCCTGGACCGCCGCGGACACCGCGGCTCAGATCACCCAGCGCAAGTGGGAGGCGGCCCGTGAGGCGGAGCAGCGGAGAGCCTACCTGGAGGGCACGTGCGTGGAGTGGCTCCGCAGATACCTGGAGAACGGGAAGGAGACGCTGCAGCGCGCGG
C*03:95,GCTCCCACTCCATGAGGTATTTCTACACCGCTGTGTCCCGGCCCGGCCGCGGGGAGCCCCACTTCATCGCAGTGGGCTACGTGGACGACACGCAGTTCGTGCGGTTCGACAGCGACGCCGCGAGTCCGAGAGGGGAGCCGCGGGCGCCGTGGGTGGAGCAGGAGGGGCCGGAGTATTGGGACCGGGAGACACAGAAGTACAAGCGCCAGGCACAGACTGACCGAGTGAGCCTGCGGAACCTGCGCGGCTACTACAACCAGAGCGAGGCCG,GGTCTCACATCCTCCAGAGGATGTATGGCTGCGACGTGGGGCCCGACGGGCGCCTCCTCCGCGGGTATGACCAGTCCGCCTACGACGGCAAGGATTACATCGCCCTGAACGAGGATCTGCGCTCCTGGACCGCCGCGGACACGGCGGCTCAGATCACCCAGCGCAAGTGGGAGGCGGCCTGTGAGGCGGAGCAGCTGAGAGCCTACCTGGAGGGCCTGTGCGTGGAGTGGCTCCGCAGATACCTGAAGAATGGGAAGGAGACGCTGCAGCGCGCGG
C*03:96,GCTCCCACTCCATGAGGTATTTCTACACCGCTGTGTCCCGGCCCGGCCGCGGGGAGCCCCACTTCATCGCAGTGGGCTACGTGGACGACACGCAGTTCGTGCGGTTCGACAGCGACGCCGCGAGTCCGAGAGGGGAGCCGCGGGCGCCGTGGGTGGAGCAGGAGGGGCCGGAGTATTGGGACCGGGAGACACAGAAGTACAAGCGCCAGGCACAGACTGACCGAGTGAGCCTGCGGAACCTGCGCGGCTACTACAACCAGAGCGAGGCCA,GGTCTCACATCATCCAGAGGATGTATGGCTGCGACGTGGGGCCCGACGGGCGCCTCCTCCGCGGGTATGACCAGTACGCCTACGACGGCAAGGATTACATCGCCCTGAACGAGGATCTGCGCTCCTGGACCGCCGCGGACACGGCGGCTCAGATCACCCAGCGCAAGTGGGAGGCGGCCCGTGAGGCGGAGCAGCTGAGAGCCTACCTGGAGGGCCTGTGCGTGGAGTGGCTCCGCAGATACCTGAAGAATAGGAAGGAGACGCTGCAGCGCGCGG
C*03:97,GCTCCCACTCCATGAGGTATTTCTACACCGCTGTGTCCCGGCCCGGCCGCGGGGAGCCCCACTTCATCGCAGTGGGCTACGTGGACGACACGCAGTTCGTGCGGTTCGACAGCGACGCCGCGAGTCCGAGAGGGGAGCCGCGGGCGCCGTGGGTGGAGCAGGAGGGGCCGGAGTATTGGGACCGGGAGACACAGAAGTACAAGCGCCAGGCACAGACTGACCGAGTGAGCCTGCGGAACCTGCGCGGCTACTACAACCAGAGCGAGGCCA,GGTCTCACATCTTCCAGAGGATGTATGGCTGCGACGTGGGGCCCGACGGGCGCCTCCTCCGCGGGTATGACCAGTACGCCTACGACGGCAAGGATTACATCGCCCTGAACGAGGATCTGCGCTCCTGGACCGCCGCGGACACGGCGGCTCAGATCACCCAGCGCAAGTGGGAGGCGGCCCGTGAGGCGGAGCAGCTGAGAGCCTACCTGGAGGGCCTGTGCGTGGAGTGGCTCCGCAGATACCTGAAGAATGGGAAGGAGACGCTGCAGCGCGCGG
C*03:98,GCTCCCACTCCATGAGGTATTTCTACACCGCTGTGTCCCGGCCCGGCCGCGGGGAGCCCCACTTCATCGCAGTGGGCTACGTGGACGACACGCAGTTCGTGCGGTTCGACAGCGACGCCGCGAGTCCGAGAGGGGAGCCGCGGGCGCCGTGGGTGGAGCAGGAGGGGCCGGAGTATTGGGACCGGGAGACACAGAAGTACAAGCGCCAGGCACAGACTGACCGAGTGAGCCTGCGGAACCTGCGCGGCTACTACAACCAGAGCGAGGCCG,GGTCTCACATCATCCAGAGGATGTATGGCTGCGACGTGGGGCCCGACGGGCGCCTCCTCCGCGGGTATGACCAGTACGCCTACGACGGCAAGGATTACATCGCCCTGAACGAGGATCTGCGCTCCTGGACCGCCGCGGACACGGCGGCTCAGATCACCCAGCGCAAGTGGGAGGCGGCCCGTGAGGCGGAGCAGCTGAGAGCCTACCTGGAGGGCCCGTGCGTGGAGTGGCTCCGCAGATACCTGAAGAATGGGAAGGAGACGCTGCAGCGCGCGG
C*03:99,GCTCCCACTCCATGAGGTATTTCTACACCGCCGTGTCCCGGCCCGGCCGCGGAGAGCCCCGCTTCATCTCAGTGGGCTACGTGGACGACACGCAGTTCGTGCGGTTCGACAGCGACGCCGCGAGTCCGAGAGGGGAGCCGCGGGCGCCGTGGGTGGAGCAGGAGGGGCCGGAGTATTGGGACCGGGAGACACAGAAGTACAAGCGCCAGGCACAGACTGACCGAGTGAGCCTGCGGAACCTGCGCGGCTACTACAACCAGAGCGAGGCCG,GGTCTCACACCCTCCAGTGGATGTGTGGCTGCGACCTGGGGCCCGACGGGCGCCTCCTCCGCGGGTATGACCAGTACGCCTACGACGGCAAGGATTACATCGCCCTGAACGAGGACCTGCGCTCCTGGACCGCCGCGGACACCGCGGCTCAGATCACCCAGCGCAAGTGGGAGGCGGCCCGTGAGGCGGAGCAGCGGAGAGCCTACCTGGAGGGCACGTGCGTGGAGTGGCTCCGCAGATACCTGGAGAACGGGAAGGAGACGCTGCAGCGCGCGG
C*03:102,GCTCCCACTCCATGAGGTATTTCTACACCGCTGTGTCCCGGCCCGGCCGCGGGGAGCCCCACTTCATCGCAGTGGGCTACGTGGACGACACGCAGTTCGTGCGGTTCGACAGCGACGCCGCGAGTCCGAGAGGGGAGCCGCGGGCGCCGTGGGTGGAGCAGGAGGGGCCGGAGTATTGGGACCGGGAGACACAGAAGTACAAGCGCCAGGCACAGACTGACCGAGTGAGCCTGCGGAACCTGCGCGGCTACTACAACCAGAGCGAGGCCA,GGTCTCACATCATCCAGAGGATGTATGGCTGCGACGTGGGGCCCGACGGGCGCCTCCTCCGCGGGTATGACCAGTTAGCCTACGACGGCAAGGATTACATCGCCCTGAACGAGGACCTGAGCTCCTGGACCGCCGCGGACACGGCGGCTCAGATCACCCAGCGCAAGTGGGAGGCGGCCCGTGAGGCGGAGCAGCTGAGAGCCTACCTGGAGGGCCTGTGCGTGGAGTGGCTCCGCAGATACCTGAAGAATGGGAAGGAGACGCTGCAGCGCGCGG
C*03:103,GCTCCCACTCCATGAGGTATTTCTACACCGCTGTGTCCCGGCCCGGCCGCGGGGAGCCCCACTTCATCGCAGTGGGCTACGTGGACGACACGCAGTTCGTGCGGTTCGACAGCGACGCCGCGAGTCCGAGAGGGGAGCCGCGGGCGCCGTGGGTGGAGCAGGAGGGGCCGGAGTATTGGGACCGGGAGACACAGAAGTACAAGCGCCAGGCACAGACTGACCGAGTGAGCCTGCGGAACCTGCGCGGCTACTACAACCAGAGCGAGGCCA,GGTCTCACATCATCCAGAGGATGTCTGGCTGCGACGTGGGGCCCGACGGGCGCCTCCTCCGCGGGTATGACCAGTACGCCTACGACGGCAAGGATTACATCGCCCTGAACGAGGATCTGCGCTCCTGGACCGCCGCGGACACGGCGGCTCAGATCACCCAGCGCAAGTGGGAGGCGGCCCGTGAGGCGGAGCAGCTGAGAGCCTACCTGGAGGGCCTGTGCGTGGAGTGGCTCCGCAGATACCTGAAGAATGGGAAGGAGACGCTGCAGCGCGCGG
C*03:104,GCTCCCACTCCATGAGGTATTTCTACACCGCTGTGTCCCGGCCCGGCCGCGGGGAGCCCCACTTCATCGCAGTGGGCTACGTGGACGACACGCAGTTCGTGCGGTTCGACAGCGACGCCGCGAGTCCGAGAGGGGAGCCGCGGGCGCCGTGGGTGGAGCAGGAGGGGCCGGAGTATTGGGACCCGGAGACACAGAAGTACAAGCGCCAGGCACAGACTGACCGAGTGAGCCTGCGGAACCTGCGCGGCTACTACAACCAGAGCGAGGCCG,GGTCTCACATCATCCAGAGGATGTATGGCTGCGACGTGGGGCCCGACGGGCGCCTCCTCCGCGGGTATGACCAGTACGCCTACGACGGCAAGGATTACATCGCCCTGAACGAGGATCTGCGCTCCTGGACCGCCGCGGACACGGCGGCTCAGATCACCCAGCGCAAGTGGGAGGCGGCCCGTGAGGCGGAGCAGCTGAGAGCCTACCTGGAGGGCCTGTGCGTGGAGTGGCTCCGCAGATACCTGAAGAATGGGAAGGAGACGCTGCAGCGCGCGG
C*03:107,GCTCCCACTCCATGAGGTATTTCTACACCGCTGTGTCCCGGCCCGGCCGCGGGGAGCCCTACTTCATCGCAGTGGGCTACGTGGACGACACGCAGTTCGTGCGGTTCGACAGCGACGCCGCGAGTCCGAGAGGGGAGCCGCGGGCGCCGTGGGTGGAGCAGGAGGGGCCGGAGTATTGGGACCGGGAGACACAGAAGTACAAGCGCCAGGCACAGACTGACCGAGTGAGCCTGCGGAACCTGCGCGGCTACTACAACCAGAGCGAGGCCG,GGTCTCACATCATCCAGAGGATGTATGGCTGCGACGTGGGGCCCGACGGGCGCCTCCTCCGCGGGTATGACCAGTACGCCTACGACGGCAAGGATTACATCGCCCTGAACGAGGATCTGCGCTCCTGGACCGCCGCGGACACGGCGGCTCAGATCACCCAGCGCAAGTGGGAGGCGGCCCGTGAGGCGGAGCAGCTGAGAGCCTACCTGGAGGGCCTGTGCGTGGAGTGGCTCCGCAGATACCTGAAGAATGGGAAGGAGACGCTGCAGCGCGCGG
C*03:108,GCTCCCACTCCATGAGGTATTTCTACACCGCTGTGTCCCGGCCCGGCCGCGGGGAGCCCCACTTCATCGCAGTGGGCTACGTGGACGACACGCAGTTCGTGCGGTTCGACAGCGACGCCGCGAGTCCGAGAGGGGAGCCGCGGGCGCCGTGGGTGGAGCAGGAGGGGCCGGAGTATTGGGACCGGGAGACACAGAAGTACAAGCGCCAGGCACAGACTGACCGAGTGAGCCTGCGGAACCTGCGCGGCTACTACAACCAGAGCGAGGCCG,GGTCTCACATCCTCCAGAGGATGTATGGCTGCGACGTGGGGCCCGACGGGCGCCTCCTCCGCGGGTATGACCAGTCCGCCTACGACGGCAAGGATTACATCGCCCTGAACGAGGATCTGCGCTCCTGGACCGCCGCGGACACGGCGGCTCAGATCACCCAGCGCAAGTGGGAGGCGGCCCATGAGGCGGAGCAGCTGAGAGCCTACCTGGAGGGCCTGTGCGTGGAGTGGCTCCGCAGATACCTGAAGAATGGGAAGGAGACGCTGCAGCGCGCGG
C*03:109,GCTCCCACTCCATGAGGTATTTCTACACCGCTGTGTCCCGGCCCGGCCGCGGGGAGCCCCACTTCATCGCAGTGGGCTACGTGGACGACACGCAGTTCGTGCGGTTCGACAGCGACGCCGCGAGTCCGAGAGGGGAGCCGCGGGCGCCGTGGGTGGAGCAGGAGGGGCCGGAGTATTGGGACCGGGAGACACAGAAGTACAAGCGCCAGGCACAGACTGACCGAGTGAGCCTGCGGAACCTGCGCGGCTACTACAACCAGAGCGAGGCCG,GGTCTCACATCATCCAGAGGATGTATGGCTGCGACGTGGGGCCCGACGGGCGCCTCCTCCGCGGGTATGACCAGTACGCCTACGACGGCAGGGATTACATCGCCCTGAACGAGGATCTGCGCTCCTGGACCGCCGCGGACACGGCGGCTCAGATCACCCAGCGCAAGTGGGAGGCGGCCCGTGAGGCGGAGCAGCTGAGAGCCTACCTGGAGGGCCTGTGCGTGGAGTGGCTCCGCAGATACCTGAAGAATGGGAAGGAGACGCTGCAGCGCGCGG
C*03:110,GCTCCCACTCCATGAGGTATTTCTACACCGCTGTGTCCCGGCCCGGCCGCGGGGAGCCCCACTTCATCGCAGTGGGCTACGTGGACGACACGCAGTTCGTGCGGTTCGACAGCGACGCCGCGAGTCCGAGAGGGGAGCCGCGGGCGCCGTGGGTGGAGCAGGAGGGGCCGGAGTATTGGGACCGGGAGACACAGAAGTACAAGCGCCAGGCACAGACTGACCGAGTGAGCCTGCGGAACCTGCGCGGCTACTACAACCAGAGCGAGGCCG,GGTCTCACATCCTCCAGAGGATGTATGGCTGCGACGTGGGGCCCGACGGGCGCCTCCTCCGCGGGTATGACCAGTCCGCCTACGACGGCAAGGATTACATCGCCCTGAACCAGGATCTGCGCTCCTGGACCGCCGCGGACACGGCGGCTCAGATCACCCAGCGCAAGTGGGAGGCGGCCCGTGAGGCGGAGCAGCTGAGAGCCTACCTGGAGGGCCTGTGCGTGGAGTGGCTCCGCAGATACCTGAAGAATGGGAAGGAGACGCTGCAGCGCGCGG
C*03:111,GCTCCCACTCCATGAGGTATTTCTACACCGCTGTGTCCCGGCCCGGCCGCGGGGAGCCCCACTTCATCGCAGTGGGCAACGTGGACGACACGCAGTTCGTGCGGTTCGACAGCGACGCCGCGAGTCCGAGAGGGGAGCCGCGGGCGCCGTGGGTGGAGCAGGAGGGGCCGGAGTATTGGGACCGGGAGACACAGAAGTACAAGCGCCAGGCACAGACTGACCGAGTGAGCCTGCGGAACCTGCGCGGCTACTACAACCAGAGCGAGGCCG,GGTCTCACATCATCCAGAGGATGTATGGCTGCGACGTGGGGCCCGACGGGCGCCTCCTCCGCGGGTATGACCAGTACGCCTACGACGGCAAGGATTACATCGCCCTGAACGAGGATCTGCGCTCCTGGACCGCCGCGGACACGGCGGCTCAGATCACCCAGCGCAAGTGGGAGGCGGCCCGTGAGGCGGAGCAGCTGAGAGCCTACCTGGAGGGCCTGTGCGTGGAGTGGCTCCGCAGATACCTGAAGAATGGGAAGGAGACGCTGCAGCGCGCGG
C*03:112,GCTCCCACTCCATGAGGTATTTCTACACCGCTGTGTCCCGGCCCGGCCGCGGGGAGCCCCACTTCATCGCAGTGGGCTACGTGGACGACACGCAGTTCGTGCGGTTCGACAGCGACGCCGCGAGTCCGAGAGGGGAGCCGCGGGCGCCGTGGGTGGAGCAGGAGGGGCCGGAGTATTGGGACCGGGAGACACAGAAGTACAAGCGCCAGGCACAGACTGACCGAGTGAGCCTGCGGAACCTGCGCGGCTACTACAACCAGAGCGAGGCCA,GGTCTCACATCATCCAGAGGATGTATGGCTGCGACGTGGGGCCCGACGGGCGCCTCCTCCGCGGGTATGACCAGTACGCCTACGACGGCAAGGTTTACATCGCCCTGAACGAGGATCTGCGCTCCTGGACCGCCGCGGACACGGCGGCTCAGATCACCCAGCGCAAGTGGGAGGCGGCCCGTGAGGCGGAGCAGCTGAGAGCCTACCTGGAGGGCCTGTGCGTGGAGTGGCTCCGCAGATACCTGAAGAATGGGAAGGAGACGCTGCAGCGCGCGG
C*03:113,GCTCCCACTCCATGAGGTATTTCTACACCGCTGTGTCCCGGCCCGGCCGCGGGGAGCCCCACTTCATCGCAGTGGGCTACGTGGACGACACGCAGTTCGTGCGGTTCGACAGCGACGCCGCGAGTCCGAGAGGGGAGCCGCGGGCGCCGTGGGTGGAGCAGGAGGGGCCGGAGTATTGGGACCGGGAGACACAGAAGTACAAGCGCCAGGCACAGACTGACCGAGTGAGCCTGCGGAACCTGCGCGGCTACTACAACCAGAGCGAGGCCG,GGTCTCACATCATCCAGAGGATGTATGGCTGCGACGTGGGGCCCGACGGGCGCCTCCTCCGCGGGTATGACCAGTACGCCTACGACGGCAAGGATTACATCGCCCTGAACGAGGATCTGCGCTCCTGGACCGCCGCGGACACGGCGGCTCAGATCACCCAGCGCAAGTGGGAGGCGGCCCGTGAGGCGGAGCAGCTGAGAGCCTACCTGGAGGGCACGTGCGTGGAGTGGCTCCGCAGATACCTGGAGAACGGGAAGGAGACGCTGCAGCGCGCAG
C*03:114,GCTCCCACTCCATGAGGTATTTCTACACCGCTGTGTCCCGGCCCGGCCGCGGGGAGCCCCACTTCATCGCAGTGGGCTACGTGGACGACACGCAGTTCGTGCGGTTCGACAGCGACGCCGCGAGTCCGAGAGGGGAGCCGCGGGCGCCGTGGGTGGAGCAGGAGGGGCCGGAGTATTGGGACCGGGAGACACAGAAGTACAAGCGCCAGGCACAGACTGACCGAGTGAGCCTGCGGAACCTGCGCGGCTACTACAACCAGAGCGAGGCCG,GGTCTCACATCATCCAGAGGATGTATGGCTGCGACGTGGGGCCCGACGGGCGCCTCCTCCGCGGGTATGGCCAGTACGCCTACGACGGCAAGGATTACATCGCCCTGAACGAGGATCTGCGCTCCTGGACCGCCGCGGACACGGCGGCTCAGATCACCCAGCGCAAGTGGGAGGCGGCCCGTGAGGCGGAGCAGCTGAGAGCCTACCTGGAGGGCCTGTGCGTGGAGTGGCTCCGCAGATACCTGAAGAATGGGAAGGAGACGCTGCAGCGCGCGG
C*03:115,GCTCCCACTCCATGAGGTATTTCTACACCGCTGTGTCCCGGCCCGGCCGCGGGGAGCCCCACTTCATCGCAGTGGGCTACGTGGACGACACGCAGTTCGTGCGGTTCGACAGCGACGCCGCGAGTCCGAGAGGGGAGCCGCGGGCGCCGTGGGTGGAGCAGGAGGGGCCGGAGTATTGGGACCGGGAGACACAGAAGTACAAGCGCCAGGCACAGACTGACCGAGTGAGCCTGTGGAACCTGCGCGGCTACTACAACCAGAGCGAGGCCG,GGTCTCACATCATCCAGAGGATGTATGGCTGCGACGTGGGGCCCGACGGGCGCCTCCTCCGCGGGTATGACCAGTACGCCTACGACGGCAAGGATTACATCGCCCTGAACGAGGATCTGCGCTCCTGGACCGCCGCGGACACGGCGGCTCAGATCACCCAGCGCAAGTGGGAGGCGGCCCGTGAGGCGGAGCAGCTGAGAGCCTACCTGGAGGGCCTGTGCGTGGAGTGGCTCCGCAGATACCTGAAGAATGGGAAGGAGACGCTGCAGCGCGCGG
C*03:116:01,GCTCCCACTCCATGAGGTATTTCTACACCGCTGTGTCCCGGCCCGGCCGCGGGGAGCCCCACTTCATCGCAGTGGGCTACGTGGACGACACGCAGTTCGTGCGGTTCGACAGCGACGCCGCGAGTCCGAGAGGGGAGCCGCGGGCGCCGTGGGTGGAGCAGGAGGGGCCGGAGTATTGGGACCGGGAGACACAGAAGTACAAGCGCCAGGCACAGACTGACCGAGTGAGCCTGCGGAACCTGCGCGGCTACTACAACCAGAGCGAGGCCA,GGTCTCACATCATCCAGAGGATGTATGGCTGCGACCTGGGGCCCGACGGGCGCCTCCTCCGCGGGTATGACCAGTACGCCTACGACGGCAAGGATTACATCGCCCTGAACGAGGATCTGCGCTCCTGGACCGCCGCGGACACGGCGGCTCAGATCACCCAGCGCAAGTGGGAGGCGGCCCGTGAGGCGGAGCAGCTGAGAGCCTACCTGGAGGGCCTGTGCGTGGAGTGGCTCCGCAGATACCTGAAGAATGGGAAGGAGACGCTGCAGCGCGCGG
C*03:116:02,GCTCCCACTCCATGAGGTATTTCTACACCGCTGTGTCCCGGCCCGGCCGCGGGGAGCCCCACTTCATCGCAGTGGGCTACGTGGACGACACGCAGTTCGTGCGGTTCGACAGCGACGCCGCGAGTCCGAGAGGGGAGCCGCGGGCGCCGTGGGTGGAGCAGGAGGGGCCGGAGTATTGGGACCGGGAGACACAGAAGTACAAGCGCCAGGCACAGACTGACCGAGTGAGCCTGCGGAACCTGCGCGGCTACTACAACCAGAGCGAGGCCA,GGTCTCACATCATCCAGAGGATGTATGGCTGCGACTTGGGGCCCGACGGGCGCCTCCTCCGCGGGTATGACCAGTACGCCTACGACGGCAAGGATTACATCGCCCTGAACGAGGATCTGCGCTCCTGGACCGCCGCGGACACGGCGGCTCAGATCACCCAGCGCAAGTGGGAGGCGGCCCGTGAGGCGGAGCAGCTGAGAGCCTACCTGGAGGGCCTGTGCGTGGAGTGGCTCCGCAGATACCTGAAGAATGGGAAGGAGACGCTGCAGCGCGCGG
C*03:117,GCTCCCACTCCATGAGGTATTTCTACACCGCTGTGTCCCGGCCCGGCCGCGGGGAGCCCCACTTCATCGCAGTGGGCTACGTGGACGACACGCAGTTCGTGCGGTTCGACAGCGACGCCGCGAGTCCGAGAGGGGAGCCGCGGGCGCCGTGGGTGGAGCAGGAGGGGCCGGAGTATTGGGACCGGGAGACACAGAAGTACAAGCGCCAGGCACAGACTGACCGAGTGAGCCTGCGGAACCTGCGCGGCTACTACAACCAGAGCGAGGCCG,GGTCTCACATCATCCAGAGGATGTATGGCTGCGACGTGGGGCCCGACGGGCGCCTCCTCCGCGGGTATGACCAGTACGCCTACGACGGCAAGGATTACATCGCCCTGAACGAGGATCTGCGCTCCTGGACCGCCGCGGACACGGCGGCTCAGATCACCCAGCGCAAGTGGGAGGCGGCCCGTGAGGCGGAGCAGCGGAGAGCCTACCTGGAGGGCACGTGCGTGGAGTGGCTCCGCAGATACCTGAAGAATGGGAAGGAGACGCTGCAGCGCGCGG
C*03:118,GCTCCCACTCCATGAGGTATTTCTACACCGCTGTGTCCCGGCCCGGCCGCGGGGAGCCCCACTTCATCGCAGTGGGCTACGTGGACGACACGCAGTTCGTGCGGTTCGACAGCGACGCCGCGAGTCCGAGAGGGGGGCCGCGGGCGCCGTGGGTGGAGCAGGAGGGGCCGGAGTATTGGGACCGGGAGACACAGAAGTACAAGCGCCAGGCACAGACTGACCGAGTGAGCCTGCGGAACCTGCGCGGCTACTACAACCAGAGCGAGGCCG,GGTCTCACATCATCCAGAGGATGTATGGCTGCGACGTGGGGCCCGACGGGCGCCTCCTCCGCGGGTATGACCAGTACGCCTACGACGGCAAGGATTACATCGCCCTGAACGAGGATCTGCGCTCCTGGACCGCCGCGGACACGGCGGCTCAGATCACCCAGCGCAAGTGGGAGGCGGCCCGTGAGGCGGAGCAGCTGAGAGCCTACCTGGAGGGCCTGTGCGTGGAGTGGCTCCGCAGATACCTGAAGAATGGGAAGGAGACGCTGCAGCGCGCGG
C*03:119,GCTCCCACTCCATGAGGTATTTCTACACCGCTGTGTCCCGGCCCGGCCGCGGGGAGCCCCACTTCATCGCAGTGGGCTACGTGGACGACACGCAGTTCGTGCGGTTCGACAGCGACGCCGCGAGTCCGAGAGGGGAGCCGCGGGCGCCGTGGGTGGAGCAGGAGGGGCCGGAGTATTGGGACCGGGAGACACAGAAGTACAAGCGCCAGGCACAGACTGACCGAGTGAGCCTGCGGAACCTGCGCGGCTACTACAACCAGAGCGAGGCCA,GGTCTCACATCATCCAGAGGATGTATGGCTGCGACCTGGGGCCCGACGGGCGCCTCCTCCGCGGGTATGACCAGTCCGCCTACGACGGCAAGGATTACATCGCCCTGAACGAGGACCTGCGCTCCTGGACCGCCGCGGACACCGCGGCTCAGATCACCCAGCGCAAGTGGGAGGCGGCCCGTGAGGCGGAGCAGCTGAGAGCCTACCTGGAGGGCCTGTGCGTGGAGTGGCTCCGCAGATACCTGAAGAATGGGAAGGAGACGCTGCAGCGCGCGG
C*03:120,GCTCCCACTCCATGAGGTATTTCTACACCGCTGTGTCCCGGCCCGGCCGCGGGGAGCCCCACTTCATCGCAGTGGGCTACGTGGACGACACGCAGTTCGTGCGGTTCGACAGCGACGCCGCGAGTCCGAGAGGGGAGCCGCGGGCGCCGTGGGTGGAGCAGGAGGGGCCGGAGTATTGGGACCGGGAGACACAGAAGTACAAGCGCCAGGCACAGACTGACCGAGTGAGCCTGCGGAACCTGCGCGGCTACTACAACCAGAGCGAGGCCA,GGTCTCACATCATCCAGAGGATGTATGGCTGCGACGTGGGGCCCGACGGGCGCCTCCTCCGCGGGTATGACCAGTACGCCTACGACGGCAAGGATTACATCGCCCTGAACGAGGATCTGCGCTCCTGGATCGCCGCGGACACGGCGGCTCAGATCACCCAGCGCAAGTGGGAGGCGGCCCGTGAGGCGGAGCAGCTGAGAGCCTACCTGGAGGGCCTGTGCGTGGAGTGGCTCCGCAGATACCTGAAGAATGGGAAGGAGACGCTGCAGCGCGCGG
C*03:121N,GCTCCCACTCCATGAGGTATTTCTACACCGCTGTGTCCCGGCCCGGCCGCGGGGAGCCCCACTTCATCGCAGTGGGCTACGTGGACGACACGCAGTTCGTGCGGTTCGACAGCGACGCCGCGAGTCCGAGAGGGGAGCCGCGGGCGCCGTGGGTGGAGCAGGAGGGGCCGGAGTATTGGGACCGGGAGACACAGAAGTACAAGCGCCAGGCACAGACTGACCGAGTGAGCCTGCGGAACCTGCGCGGCTACTACAACCAGAGCGAGGCCG,GGTCTCACATCCTCCAGAGGATGTATGGCTGCGACGTGGGGCCCGACGGGCGCCTCCTCCGCGGGTATGACCAGTCCGCCTACGACGGCAAGGATTACATCGCCCTGAACGAGGATCTGCGCTCCTGGACCGCCGCGGACACGGCGGCTCAGATCACCCAGCGCAAGTGAGAGGCGGCCCGTGAGGCGGAGCAGCTGAGAGCCTACCTGGAGGGCCTGTGCGTGGAGTGGCTCCGCAGATACCTGAAGAATGGGAAGGAGACGCTGCAGCGCGCGG
C*03:122,GCTCCCACTCCATGAGGTATTTCTACACCGCTGTGTCCCGGCCCGGCCGCGGGGAGCCCCACTTCATCGCAGTGGGCTACGTGGACGACACGCAGTTCGTGCGGTTCGACAGCGACGCCGCGAGTCCGAGAGGGGAGCCGCGGGCGCCGTGGGTGGAGCAGGAGGGGCCGGAGTATTGGGACCGGGAGACACAGAAGTACAAGCGCCAGGCACAGACTGACCGAGTGAGCCTGCGGAACCTGCGCGGCTACTACAACCAGAGCGAGGCCA,GGTCTCACATCATCCAGAGGATGTATGGCTGCGACGTGGGGCCCGACGGGCGCCTCCTCCGCGGGTATGACCAGTACGCCTACGACGGCAAGGATTACATCGCCCTGAACGAGGATCTGCCCTCCTGGACCGCCGCGGACACGGCGGCTCAGATCACCCAGCGCAAGTGGGAGGCGGCCCGTGAGGCGGAGCAGCTGAGAGCCTACCTGGAGGGCCTGTGCGTGGAGTGGCTCCGCAGATACCTGAAGAATGGGAAGGAGACGCTGCAGCGCGCGG
C*03:123,GCTCCCACTCCATGAGGTATTTCTACACCGCTGTGTCCCGGCCCGGCCGCGGGGAGCCCCACTTCATCGCAGTGGGCTACGTGGACGACACGCAGTTCGTGCGGTTCGACAGCGACGCCGCGAGTCCGAGAGGGGAGCCGCGGGCGCCGTGGGTGGAGCAGGAGGGGCCGGAGTATTGGGACCGGGAGACACAGAAGTACAAGCGCCAGGCACAGACTGACCGAGTGAGCCTGCGGAACCTGCGCGGCTACTACAACCAGAGCGAGGCCG,GGTCTCACATCATCCAGAGGATGTATGGCTGCGACGTGGGGCCCGACGGGCGCCTCCTCCGCGGGTATGACCAGTACGCCTACGACGGCAAGGATTACATCGCCCTGAACGAGGATCTGCGCTCCTGGACCGCCGCGGACACGGCGGCTCAGATCACCCAGCGCAAGTGGGAGGCGGCCCGTGAGGTGGAGCAGCTGAGAGCCTACCTGGAGGGCCTGTGCGTGGAGTGGCTCCGCAGATACCTGAAGAATGGGAAGGAGACGCTGCAGCGCGCGG
C*03:124,GCTCCCACTCCATGAGGTATTTCTACACCGCTGTGTCCCGGCCCGGCCGCGGGGAGCCCCACTTCATCGCAGTGGGCTACGTGGACGACACGCAGTTCGTGCGGTTCGACAGCGACGCCGCGAGTCCGAGAGGGGAGCCGCGGGCGCCGTGGGTGGAGCAGGAGGGGCCGGAGTATTGGGACTGGGAGACACAGAAGTACAAGCGCCAGGCACAGACTGACCGAGTGAGCCTGCGGAACCTGCGCGGCTACTACAACCAGAGCGAGGCCA,GGTCTCACATCATCCAGAGGATGTATGGCTGCGACGTGGGGCCCGACGGGCGCCTCCTCCGCGGGTATGACCAGTACGCCTACGACGGCAAGGATTACATCGCCCTGAACGAGGATCTGCGCTCCTGGACCGCCGCGGACACGGCGGCTCAGATCACCCAGCGCAAGTGGGAGGCGGCCCGTGAGGCGGAGCAGCTGAGAGCCTACCTGGAGGGCCTGTGCGTGGAGTGGCTCCGCAGATACCTGAAGAATGGGAAGGAGACGCTGCAGCGCGCGG
C*03:125,GCTCCCACTCCATGAGGTATTTCTACACCGCTGTGTCCCGGCCCGGCCGCGGGGAGCCCCACTTCATCGCAGTGGGCTACGTGGACGACACGCAGTTCGTGCGGTTCGACAGCGACGCCGCGAGTCCGAGAGGGGAGCCGCGGGCGCCGTGGGTGGAGCAGGAGGGGCCGGAGTATTGGGACCGGGAGACACAGAAGTACAAGCGCCAGGCACAGACTGACCGAGTGAGCCTGCGGAACCTGCGCGGCTACTACAACCAGAGCGAGGCCG,GGTCTCACATCATCCAGAGGATGTACGGCTGCGACGTGGGGTCCGACGGGCGCCTCCTCCGCGGGTATGACCAGTACGCCTACGACGGCAAGGATTACATCGCCCTGAACGAGGATCTGCGCTCCTGGACCGCCGCGGACACGGCGGCTCAGATCACCCAGCGCAAGTGGGAGGCGGCCCGTGAGGCGGAGCAGCTGAGAGCCTACCTGGAGGGCCTGTGCGTGGAGTGGCTCCGCAGATACCTGAAGAATGGGAAGGAGACGCTGCAGCGCGCGG
C*03:126,GCTCCCACTCCCTGAGGTATTTCTACACCGCTGTGTCCCGGCCCGGCCGCGGGGAGCCCCACTTCATCGCAGTGGGCTACGTGGACGACACGCAGTTCGTGCGGTTCGACAGCGACGCCGCGAGTCCGAGAGGGGAGCCGCGGGCGCCGTGGGTGGAGCAGGAGGGGCCGGAGTATTGGGACCGGGAGACACAGAAGTACAAGCGCCAGGCACAGACTGACCGAGTGAGCCTGCGGAACCTGCGCGGCTACTACAACCAGAGCGAGGCCA,GGTCTCACATCATCCAGAGGATGTATGGCTGCGACGTGGGGCCCGACGGGCGCCTCCTCCGCGGGTATGACCAGTACGCCTACGACGGCAAGGATTACATCGCCCTGAACGAGGATCTGCGCTCCTGGACCGCCGCGGACACGGCGGCTCAGATCACCCAGCGCAAGTGGGAGGCGGCCCGTGAGGCGGAGCAGCTGAGAGCCTACCTGGAGGGCCTGTGCGTGGAGTGGCTCCGCAGATACCTGAAGAATGGGAAGGAGACGCTGCAGCGCGCGG
C*03:127,GCTCCCACTCCATGAGGTATTTCTACACCGCTGTGTCCCGGCCCGGCCGCGGGGAGCCCCACTTCATCGCAGTGGGCTACGTGGACGACACGCAGTTCGTGCGGTTCGACAGCGACGCCGCGAGTCCGAGAGGGGAGCCGCGGGCGCCGTGGGTGGAGCAGGAGGGGCCGGAGTATTGGGACCGGGAGACACAGAAGTACAAGCGCCAGGCACAGACTGACCGAGAGAGCCTGCGGAACCTGCGCGGCTACTACAACCAGAGCGAGGCCA,GGTCTCACATCATCCAGAGGATGTATGGCTGCGACGTGGGGCCCGACGGGCGCCTCCTCCGCGGGTATGACCAGTACGCCTACGACGGCAAGGATTACATCGCCCTGAACGAGGATCTGCGCTCCTGGACCGCCGCGGACACGGCGGCTCAGATCACCCAGCGCAAGTGGGAGGCGGCCCGTGAGGCGGAGCAGCTGAGAGCCTACCTGGAGGGCCTGTGCGTGGAGTGGCTCCGCAGATACCTGAAGAATGGGAAGGAGACGCTGCAGCGCGCGG
C*03:128,GCTCCCACTCCATGAGGTATTTCTACACCGCTGTGTCCCGGCCCGGCCGCGGGGAGCCCCACTTCATCGCAGTGGGCTACGTGGACGACACGCAGTTCGTGCGGTTCGACAGCGACGCCGCGAGTCCGAGAGGGGAGCCGCGGGCGCCGTGGGTGGAGCAGGAGGGGCCGGAGTATTGGGACCGGGAGACACAGAAGTACAAGCGCCAGGCACAGACTGACCGAGTGAGCCTGCGGAACCTGCGCGGCTACTACAACCAGAGCGAGGCCG,GGTCTCACATCATCCAGAGGATGTGTGGCTGCGACGTGGGGCCCGACGGGCGCCTCCTCCGCGGGTATGACCAGTACGCCTACGACGGCAAGGATTACATCGCCCTGAACGAGGATCTGCGCTCCTGGACCGCCGCGGACACGGCGGCTCAGATCACCCAGCGCAAGTGGGAGGCGGCCCGTGAGGCGGAGCAGCTGAGAGCCTACCTGGAGGGCCTGTGCGTGGAGTGGCTCCGCAGATACCTGAAGAATGGGAAGGAGACGCTGCAGCGCGCGG
C*03:129,GCTCCCACTCCATGAGGTATTTCTACACCGCTGTGTCCCGGCCCGGCCGCGGGGAGCCCCACTTCATCGCAGTGGGCTACGTGGACGACACGCAGTTCGTGCGGTTCGACAGCGACGCCGCGAGTCCGAGAGGGGAGCCGCGGGCGCCGTGGGTGGAGCAGGAGGGGCCGGAGTATTGGGACCGGGAGACACAGAAGTACAAGCGCCAGGCACAGACTGACCGAGTGAGCCTGCGGAACCTGCGCGGCTACTACAACCAGAGCGAGGCCG,GGTCTCACATCATCCAGAGGATGTATGGCTGCGACGTGGGGCCCGACGGGCGCCTCCTCCGCGGGTATGACCAGTACGCCTACGACGGCAAGGATTACATCGCCCTGAACGAGGATCTGCGCTCCTGGACCGCCGCGGACACGGCGGCTCAGATCTCCCAGCGCAAGTGGGAGGCGGCCCGTGAGGCGGAGCAGCTGAGAGCCTACCTGGAGGGCCTGTGCGTGGAGTGGCTCCGCAGATACCTGAAGAATGGGAAGGAGACGCTGCAGCGCGCGG
C*03:130,GCTCCCACTCCATGAGGTATTTCTACACCGCTGTGTCCCGGCCCGGCCGCGGGGAGCCCCACTTCATCGCAGTGGGCTACGTGGACGACACGCAGTTCGTGCGGTTCGACAGCGACGCCGCGAGTCCGAGAGGGGAGCCGCGGGCGCCGTGGGTGGAGCAGGAGGGGCCGGAGTATTGGGACCGGGAGACACAGAAGTACAAGCGCCAGGCACAGGCTGACCGAGTGAACCTGCGGAACCTGCGCGGCTACTACAACCAGAGCGAGGCCG,GGTCTCACATCATCCAGAGGATGTATGGCTGCGACGTGGGGCCCGACGGGCGCCTCCTCCGCGGGTATGACCAGTACGCCTACGACGGCAAGGATTACATCGCCCTGAACGAGGATCTGCGCTCCTGGACCGCCGCGGACACGGCGGCTCAGATCACCCAGCGCAAGTGGGAGGCGGCCCGTGAGGCGGAGCAGCTGAGAGCCTACCTGGAGGGCCTGTGCGTGGAGTGGCTCCGCAGATACCTGAAGAATGGGAAGGAGACGCTGCAGCGCGCGG
C*03:131,GCTCCCACTCCATGAGGTATTTCTACACCGCTGTGTCCCGGCCCCGCCGCGGGGAGCCCCACTTCATCGCAGTGGGCTACGTGGACGACACGCAGTTCGTGCGGTTCGACAGCGACGCCGCGAGTCCGAGAGGGGAGCCGCGGGCGCCGTGGGTGGAGCAGGAGGGGCCGGAGTATTGGGACCGGGAGACACAGAAGTACAAGCGCCAGGCACAGACTGACCGAGTGAGCCTGCGGAACCTGCGCGGCTACTACAACCAGAGCGAGGCCG,GGTCTCACATCATCCAGAGGATGTATGGCTGCGACGTGGGGCCCGACGGGCGCCTCCTCCGCGGGTATGACCAGTACGCCTACGACGGCAAGGATTACATCGCCCTGAACGAGGATCTGCGCTCCTGGACCGCCGCGGACACGGCGGCTCAGATCACCCAGCGCAAGTGGGAGGCGGCCCGTGAGGCGGAGCAGCTGAGAGCCTACCTGGAGGGCCTGTGCGTGGAGTGGCTCCGCAGATACCTGAAGAATGGGAAGGAGACGCTGCAGCGCGCGG
C*03:132,GCTCCCACTCCATGAGGTATTTCTACACCGCTGTGTCCCGGCCCGGCCGCGGGGAGCCCCACTTCATCGCAGTGGGCTACGTGGACGACACGCAGTTCGTGCGGTTCGACAGCGACGCCGCGAGTCCGAGAGGGGAGCCGCGGGCGCCGTGGGTGGAGCAGGAGGGGCCGGAGTATTGGGACCGGGAGACACAGAAGTACAAGCGCCAGGCACAGACTGACCGAGTGAGCCTGCGGAACCTGCGCGGCTACTACAACCAGAGCGAGGCCA,GGTCTCACATCCTCCAGAGGATGTATGGCTGCGACGTGGGGCCCGACGGGCGCCTCCTCCGCGGGTATGACCAGTCCGCCTACGACGGCAAGGATTACATCGCCCTGAACGAGGATCTGCGCTCCTGGACCGCCGCGGACACGGCGGCTCAGATCACCCAGCGCAAGTGGGAGGCGGCCCGTGAGGCGGAGCAGCTGAGAGCCTACCTGGAGGGCCTGTGCGTGGAGTGGCTCCGCAGATACCTGAAGAATGGGAAGGAGACGCTGCAGCGCGCGG
C*03:133,GCTCCCACTCCATGAGGTATTTCTACACCGCTGTGTACCGGCCCGGCCGCGGGGAGCCCCACTTCATCGCAGTGGGCTACGTGGACGACACGCAGTTCGTGCGGTTCGACAGCGACGCCGCGAGTCCGAGAGGGGAGCCGCGGGCGCCGTGGGTGGAGCAGGAGGGGCCGGAGTATTGGGACCGGGAGACACAGAAGTACAAGCGCCAGGCACAGACTGACCGAGTGAGCCTGCGGAACCTGCGCGGCTACTACAACCAGAGCGAGGCCA,GGTCTCACATCATCCAGAGGATGTATGGCTGCGACGTGGGGCCCGACGGGCGCCTCCTCCGCGGGTATGACCAGTACGCCTACGACGGCAAGGATTACATCGCCCTGAACGAGGATCTGCGCTCCTGGACCGCCGCGGACACGGCGGCTCAGATCACCCAGCGCAAGTGGGAGGCGGCCCGTGAGGCGGAGCAGCTGAGAGCCTACCTGGAGGGCCTGTGCGTGGAGTGGCTCCGCAGATACCTGAAGAATGGGAAGGAGACGCTGCAGCGCGCGG
C*03:134,GCTCCCACTCCATGAGGTATTTCTACACCGCTGTGTCCCGGCCCGGCCGCGGGGAGCCCCACTTCATCGCAGTGGGCTACGTGGACGACACGCAGTTCGTGCGGTTCGACAGCGACGCCGCGAGTCCGAGAGGGGAGCCGCGGGCGCCGTGGGTGGAGCAGGAGGGGCCGGAGTATTGGGACCGGGAGACACAGAAGTACAAGCGCCAGGCACAGACTGACCGAGTGAGCCCGCGGAACCTGCGCGGCTACTACAACCAGAGCGAGGCCG,GGTCTCACATCATCCAGAGGATGTATGGCTGCGACGTGGGGCCCGACGGGCGCCTCCTCCGCGGGTATGACCAGTACGCCTACGACGGCAAGGATTACATCGCCCTGAACGAGGATCTGCGCTCCTGGACCGCCGCGGACACGGCGGCTCAGATCACCCAGCGCAAGTGGGAGGCGGCCCGTGAGGCGGAGCAGCTGAGAGCCTACCTGGAGGGCCTGTGCGTGGAGTGGCTCCGCAGATACCTGAAGAATGGGAAGGAGACGCTGCAGCGCGCGG
C*03:135,GCTCCCACTCCATGAGGTATTTCTACACCGCTGTGTCCCGGCCCGGCCGCGGGGAGCCCCACTTCATCGCAGTGGGCTACGTGGACGACACGCAGTTCGTGCGGTTCGACAGCGACGCCGCGAGTCCGAGAGGGGAGCCGCGGGCGCCGTGGGTGGAGCAGGAGGGGCCGGAGTATTGGGACCGGGAGACACAGAAGTACAAGCGCCAGGCACAGACTGACCGAGTGAGCCTGCGGAACCTGCGCGGCTACTACAACCAGAGCGAGGCCG,GGTATCACACCCTCCAGAGGATGTACGGCTGCGACGTGGGGCCCGACGGGCGCCTCCTCCGCGGGTATGACCAGTACGCCTACGACGGCAAGGATTACATCGCCCTGAACGAGGATCTGCGCTCCTGGACCGCCGCGGACACGGCGGCTCAGATCACCCAGCGCAAGTGGGAGGCGGCCCGTGAGGCGGAGCAGCTGAGAGCCTACCTGGAGGGCCTGTGCGTGGAGTGGCTCCGCAGATACCTGAAGAATGGGAAGGAGACGCTGCAGCGCGCGG
C*03:136,GCTCCCACTCCATGAGGTATTTCTACACCGCTGTGTCCCGGCCCGGCCGCGGGGAGCCCCACTTCATCGCAGTGGGCTACGTGGACGACACGCAGTTCGTGCGGTTCGACAGCGACGCCGCGAGTCCGAGAGGGGAGCCGCGGGCGCCGTGGGTGGAGCAGGAGGGGCCGGAGTATTGGGACCGGGAGACACAGAAGTACAAGCGCCAGGCACAGGCTGACCGAGTGAGCCTGCGGAACCTGCGCGGCTACTACAACCAGAGCGAGGACG,GGTCTCACATCATCCAGAGGATGTATGGCTGCGACGTGGGGCCCGACGGGCGCCTCCTCCGCGGGTATGACCAGTACGCCTACGACGGCAAGGATTACATCGCCCTGAACGAGGATCTGCGCTCCTGGACCGCCGCGGACACGGCGGCTCAGATCACCCAGCGCAAGTGGGAGGCGGCCCGTGAGGCGGAGCAGCTGAGAGCCTACCTGGAGGGCCTGTGCGTGGAGTGGCTCCGCAGATACCTGAAGAATGGGAAGGAGACGCTGCAGCGCGCGG
C*03:137,GCTCCCACTCCATGAGGTATTTCTACACCTTTGTGTCCCGGCCCGGCCGCGGGGAGCCCCACTTCATCGCAGTGGGCTACGTGGACGACACGCAGTTCGTGCGGTTCGACAGCGACGCCGCGAGTCCGAGAGGGGAGCCGCGGGCGCCGTGGGTGGAGCAGGAGGGGCCGGAGTATTGGGACCGGGAGACACAGAAGTACAAGCGCCAGGCACAGACTGACCGAGTGAGCCTGCGGAACCTGCGCGGCTACTACAACCAGAGCGAGGCCG,GGTCTCACATCATCCAGAGGATGTATGGCTGCGACGTGGGGCCCGACGGGCGCCTCCTCCGCGGGTATGACCAGTACGCCTACGACGGCAAGGATTACATCGCCCTGAACGAGGATCTGCGCTCCTGGACCGCCGCGGACACGGCGGCTCAGATCACCCAGCGCAAGTGGGAGGCGGCCCGTGAGGCGGAGCAGCTGAGAGCCTACCTGGAGGGCCTGTGCGTGGAGTGGCTCCGCAGATACCTGAAGAATGGGAAGGAGACGCTGCAGCGCGCGG
C*03:138,GCTCCCACTCCATGAGGTATTTCTACACCGCTGTGTCCCGGCCCGGCCGCGGGGAGCCCCACTTCATCGCAGTGGGCTACGTGGACGACACGCAGTTCGTGCGGTTCGACAGCGACGCCGCGAGTCCGAGAGGGGAGCCGCGGGCGCCGTGGGTGGAGCAGGAGGGGCCGGAGTATTGGGACCGGGAGACACAGAAGTACAAGCGCCAGGCACAGACTGACCGAGTGAGCCTGCGGAACCTGCGCGGCTACTACAACCAGAGCGAGGCCG,GGTCTCACATCATCCAGAGGATGTATGGCTGCGACGTGGGGCCCGACGGGTGCCTCCTCCGCGGGTATGACCAGTACGCCTACGACGGCAAGGATTACATCGCCCTGAACGAGGATCTGCGCTCCTGGACCGCCGCGGACACGGCGGCTCAGATCACCCAGCGCAAGTGGGAGGCGGCCCGTGAGGCGGAGCAGCTGAGAGCCTACCTGGAGGGCCTGTGCGTGGAGTGGCTCCGCAGATACCTGAAGAATGGGAAGGAGACGCTGCAGCGCGCGG
C*03:139,GCTCCCACTCCATGAGGTATTTCTACACCGCTGTGTCCCGGCCCGGCCGCGGGGAGCCCCACTTCATCGCAGTGGGCTACGTGGACGACACGCAGTTCGTGCGGTTCGACAGCGACGCCGCGAGTCCGAGAGGGGAGCCGCGGGCGCCGTGGGTGGAGCAGGAGGGGCCGGAGTATTGGGACCGGGAGACACAGAAGTACAAGCGCCAGGCACAGACTGACCGAGTGAGCCTGCGGAACCTGCGCGGCTACTACAACCAGAGCGAGGCCG,GGTCTCACATCCTCCAGAGGATGTATGGCTGCGACCTGGGGCCCGACGGGCGCCTCCTCCGCGGGTATGACCAGTCCGCCTACGACGGCAAGGATTACATCGCCCTGAACGAGGATCTGCGCTCCTGGACCGCCGCGGACACGGCGGCTCAGATCACCCAGCGCAAGTGGGAGGCGGCCCGTGAGGCGGAGCAGCTGAGAGCCTACCTGGAGGGCCTGTGCGTGGAGTGGCTCCGCAGATACCTGAAGAATGGGAAGGAGACGCTGCAGCGCGCGG
C*03:140,GCTCCCACTCCATGAGGTATTTCTACACCGCTGTGTCCCGGCCCGGCCGCGGGGAGCCCCACTTCATCGCAGTGGGCTACGTGGACGACACGCAGTTCGTGCGGTTCGACAGCGACGCCGCGAGTCCGAGAGGGGAGCCGCGGGCGCCGTGGGTGGAGCAGGAGGGGCCGGAGTATTGGGACCGGGAGACACAGAAGTACAAGCGCCAGGCACAGACTGACCGAGTGAACCTGCGGAACCTGCGCGGCTACTACAACCAGAGCGAGGCCG,GGTCTCACATCATCCAGAGGATGTATGGCTGCGACGTGGGGCCCGACGGGCGCCTCCTCCGCGGGTATGACCAGTACGCCTACGACGGCAAGGATTACATCGCCCTGAACGAGGATCTGCGCTCCTGGACCGCCGCGGACACGGCGGCTCAGATCACCCAGCGCAAGTGGGAGGCGGCCCGTGAGGCGGAGCAGCTGAGAGCCTACCTGGAGGGCCTGTGCGTGGAGTGGCTCCGCAGATACCTGAAGAATGGGAAGGAGACGCTGCAGCGCGCGG
C*03:141,GCTCCCACTCCATGAGGTATTTCTACACCGCTGTGTCCCGGCCCGGCCGCGGGGAGCCCCACTTCATCGCAGTGGGCTACGTGGACGACACGCAGTTCGTGCGGTTCGACAGCGACGCCGCGAGTCCGAGAGGGGAGCCGCGGGCGCCGTGGGTGGAGCAGGAGGGGCCGGAGTATTGGGACCGGGAGACACAGAAGTACAAGCGCCAGGCACAGACTGACCGAGTGAGCCTGCGGAACCTGCGCGGCTACTACAACCAGAGCGAGGCCA,GGTCTCACATCATCCAGAGGATGTATGGCTGCGACGTGGGGCCCGACGGGCGCCTCCTCCGCGGGTATGACCAGTACGCCTACGACCGCAAGGATTACATCGCCCTGAACGAGGATCTGCGCTCCTGGACCGCCGCGGACACGGCGGCTCAGATCACCCAGCGCAAGTGGGAGGCGGCCCGTGAGGCGGAGCAGCTGAGAGCCTACCTGGAGGGCCTGTGCGTGGAGTGGCTCCGCAGATACCTGAAGAATGGGAAGGAGACGCTGCAGCGCGCGG
C*03:142,GCTCCCACTCCATGAGGTATTTCTACACCGCTGTGTCCCGGCCCGGCCGCGGGGAGCCCCACTTCATCGCAGTGGGCTACGTGGACGACACGCAGTTCGTGCGGTTCGACAGCGACGCCGCGAGTCCGAGAGGGGAGCCGCGGGCGCCGTGGGTGGAGCAGGAGGGGCCGGAGTATTGGGACCGGGAGACACAGAAGTACAAGCGCCAGGCACAGACTGACCGAGTGAGCCTGCGGAACCTGCGCGGCTACTACAACCAGAGCGAGGCCA,GGTCTCACATCATCCAGAGGATGTATGGCTGCGACGTGGGGCCCGACGGGCGCCTCCTCCGCGGGTATGACCAGTACGCCTACGACGGCAAGGATTACATCGCCCTGAACGAGGATCTGCGCTCCTGGACCGCCGCGGACACGGCGGCTCAGATCACCCAGCGCAAGTGGGAGGCGGCCCGTGAGGCGGAGCAGTGGAGAGCCTACCTGGAGGGCGAGTGCGTGGAGTGGCTCCGCAGATACCTGAAGAATGGGAAGGAGACGCTGCAGCGCGCGG
C*03:143,GCTCCCACTCCATGAGGTATTTCTACACCGCTGTGTCCCGGCCCGGCCGCGGGGAGCCCCACTTCATCGCAGTGGGCTACGTGGACGACACGCAGTTCGTGCGGTTCGACAGCGACGCCGCGAGTCCGAGAGGGGAGCCGCGGGCGCCGTGGGTGGAGCAGGAGGGGCCGGAGTATTGGGACCGGGAGACACAGAAGTACAAGCGCCAGGCACAGACTGACCGAGTGAGCCTGCGGAACCTGCGCGGCTACTACAACCAGAGCGAGGCCG,GGTCTCACATCATCCAGAGCATGTACGGCTGCGACGTGGGGCCCGACGGGCGCCTCCTCCGCGGGTATGACCAGTACGCCTACGACGGCAAGGATTACATCGCCCTGAACGAGGATCTGCGCTCCTGGACCGCCGCGGACACGGCGGCTCAGATCACCCAGCGCAAGTGGGAGGCGGCCCGTGAGGCGGAGCAGCTGAGAGCCTACCTGGAGGGCCTGTGCGTGGAGTGGCTCCGCAGATACCTGAAGAATGGGAAGGAGACGCTGCAGCGCGCGG
C*03:144,GCTCCCACTCCATGAGGTATTTCTACACCGTTGTGTCCCGGCCCGGCCGCGGGGAGCCCCACTTCATCGCAGTGGGCTACGTGGACGACACGCAGTTCGTGCGGTTCGACAGCGACGCCGCGAGTCCGAGAGGGGAGCCGCGGGCGCCGTGGGTGGAGCAGGAGGGGCCGGAGTATTGGGACCGGGAGACACAGAAGTACAAGCGCCAGGCACAGACTGACCGAGTGAGCCTGCGGAACCTGCGCGGCTACTACAACCAGAGCGAGGCCA,GGTCTCACATCATCCAGAGGATGTATGGCTGCGACGTGGGGCCCGACGGGCGCCTCCTCCGCGGGTATGACCAGTACGCCTACGACGGCAAGGATTACATCGCCCTGAACGAGGATCTGCGCTCCTGGACCGCCGCGGACACGGCGGCTCAGATCACCCAGCGCAAGTGGGAGGCGGCCCGTGAGGCGGAGCAGCTGAGAGCCTACCTGGAGGGCCTGTGCGTGGAGTGGCTCCGCAGATACCTGAAGAATGGGAAGGAGACGCTGCAGCGCGCGG
C*03:145,GCTCCCACTCCATGAGGTATTTCTACACCGCTGTGTCCCGGCCCGGCCGCGGGGAGCCCCACTTCATCGCAGTGGGCTACGTGGACGACACGCAGTTCGTGCGGTTCGACAGCGACGCCGCGAGTCCGAGAGGGGAGCCGCGGGCGCTGTGGGTGGAGCAGGAGGGGCCGGAGTATTGGGACCGGGAGACACAGAAGTACAAGCGCCAGGCACAGACTGACCGAGTGAGCCTGCGGAACCTGCGCGGCTACTACAACCAGAGCGAGGCCG,GGTCTCACATCATCCAGAGGATGTATGGCTGCGACGTGGGGCCCGACGGGCGCCTCCTCCGCGGGTATGACCAGTACGCCTACGACGGCAAGGATTACATCGCCCTGAACGAGGATCTGCGCTCCTGGACCGCCGCGGACACGGCGGCTCAGATCACCCAGCGCAAGTGGGAGGCGGCCCGTGAGGCGGAGCAGCTGAGAGCCTACCTGGAGGGCCTGTGCGTGGAGTGGCTCCGCAGATACCTGAAGAATGGGAAGGAGACGCTGCAGCGCGCGG
C*03:147,GCTCCCACTCCATGAGGTATTTCTACACCGCTGTGTCCCGGCCCGGCCGCGGGGAGCCCCACTTCATCGCAGTGGGCTACGTGGACGACACGCAGTTCGTGCGGTTCGACAGCGACGCCGCGAGTCCGAGAGGGGAGCCGCGGGCGCCGTGGGTGGAGCAGGAGGGGCCGGAGTATTGGGACCGGGAGACACAGAAGTACAAGCGCCAGGCACAGACTGACCGAGTGAGCCTGCGGAACCTGCGCGGCTACTACAACCAGAGCGAGGCCG,GGTCTCACATCATCCAGAGGATGTATGGCTGCGACGTGGGGCCCGACGGGCGCCTCCTCCGCGGGTATGACCAGTACGCCTACGACGGCAAGGATTACATCGCCCTGAACGAGGATCTGCGCTCCTGGACCGCCGCGGACACGGCGGCTCAGATCACCCAGCGCAAGTGGGAGGCGGCCCGTGAGGCGGAGCAGCTGAGAGCCTACCTGGAGGGCCTGTGCGTGGAGTGGCTCCTCAGATACCTGAAGAATGGGAAGGAGACGCTGCAGCGCGCGG
C*03:148,GCTCCCACTCCATGAGGTATTTCTACACCGCTGTGTCCCGGCCCGGCCGCGGGGAGCCCCACTTCATCGCAGTGGGCTACGTGGACGACACGCAGTTCGTGCGGTTCGACAGAGACGCCGCGAGTCCGAGAGGGGAGCCGCGGGCGCCGTGGGTGGAGCAGGAGGGGCCGGAGTATTGGGACCGGGAGACACAGAAGTACAAGCGCCAGGCACAGACTGACCGAGTGAGCCTGCGGAACCTGCGCGGCTACTACAACCAGAGCGAGGCCG,GGTCTCACATCATCCAGAGGATGTATGGCTGCGACGTGGGGCCCGACGGGCGCCTCCTCCGCGGGTATGACCAGTACGCCTACGACGGCAAGGATTACATCGCCCTGAACGAGGATCTGCGCTCCTGGACCGCCGCGGACACGGCGGCTCAGATCACCCAGCGCAAGTGGGAGGCGGCCCGTGAGGCGGAGCAGCTGAGAGCCTACCTGGAGGGCCTGTGCGTGGAGTGGCTCCGCAGATACCTGAAGAATGGGAAGGAGACGCTGCAGCGCGCGG
C*03:149,GCTCCCACTCCATGAGGTATTTCTACACCGCTGTGTCCCGGCCCGGCCGCGGGGAGCCCCACTTCATCGCAGTGGGCTACGTGGACGACACGCAGTTCGTGCGGTTCGACAGCGACGCCGCGAGTCCGAGAGGGGAGCCGCGGGCGCCGTGGGTGGAGCAGGAGGGGCCGAAGTATTGGGACCGGGAGACACAGAAGTACAAGCGCCAGGCACAGACTGACCGAGTGAGCCTGCGGAACCTGCGCGGCTACTACAACCAGAGCGAGGCCG,GGTCTCACATCATCCAGAGGATGTATGGCTGCGACGTGGGGCCCGACGGGCGCCTCCTCCGCGGGTATGACCAGTACGCCTACGACGGCAAGGATTACATCGCCCTGAACGAGGATCTGCGCTCCTGGACCGCCGCGGACACGGCGGCTCAGATCACCCAGCGCAAGTGGGAGGCGGCCCGTGAGGCGGAGCAGCTGAGAGCCTACCTGGAGGGCCTGTGCGTGGAGTGGCTCCGCAGATACCTGAAGAATGGGAAGGAGACGCTGCAGCGCGCGG
C*03:150,GCTCCCACTCCATGAGGTATTTCTACACCGCTGTGTCCCGGCCCGGCCGCGGGGAGCCCCACTTCATCGCAGTGGGCTACGTGGACGACACGCAGTTCGTGCGGTTCGACAGCGACGCCGCGAGTCCGAGAGGGGAGCCGCGGGCGCCGTGGGTGGAGCAGGAGGGGCCGGAGTATTGGGACCGGGAGACACAGAAGTACAAGCGCCAGGCACAGACTGACCGAGTGAGCCTGCGGAACCTGCGCGGCTACTACAACCAGAGCGAGGCCA,GGTCTCACATCATCCAGAGGATGTATGGCTGCGACGTGGGGCCCGACGGGCGCCTCCTCCGCGGGTATGACCAGTACGCCTACGACGGCAAGGATTACATCGCCCTGAACGAGGATCTGCGCTCCTGGACCGCCGCGGACACGGCGGCTCAGATCACCCAGCGCAAGTGGGAGGCGGCCCATGAGGCGGAGCAGCTGAGAGCCTACCTGGAGGGCCTGTGCGTGGAGTGGCTCCGCAGATACCTGAAGAATGGGAAGGAGACGCTGCAGCGCGCGG
C*03:151,GCTCCCACTCCATGAGGTATTTCTACACCGCTGTGTCCCGGCCCGGCCGCGGGGAGCCCCACTTCATCGCAGTGGGCTACGTGGACGACACGCAGTTCGTGCGGTTCGACAGCGACGCCGCGAGTCCGAGAGGGGAGCCGCGGGCGCCGTGGGTGGAGCAGGAGGGGCCGGAGTATTGGGACCGGGAGACACAGAAGTACAAGCGCCAGGCACAGACTGACCGAGTGAGCCTGCGGAACCTGCGCGGCTACTACAACCAGAGCGAGGCCA,GGTCTCACATCATCCAGAGGATGTATGGCTGCGACGTGGGGCCCGACGGGCGCCTCCTCCGCGGGTATGACCAGTACGCCTACGACGGCAAGGATTACATCGCCCTGAACGAGGATCTGCGCTCCTGGACCGCCGCGGACACGGCGGCTCAGATCACCCAGCGCAAGTGGGAGGCGGCCCGTGAGGCGGAGCAGCTGAGAGCCTACCTGGAGGGCCTGTGCGTGGAGTGGCTCCGCAGATACCTGGAGAACGGGAAGGAGACGCTGCAGCGCGCGG
C*03:152,GCTCCCACTCCATGAGGTATTTCTACACCGCTGTGTCCCGGCCCGGCCGCGGGGAGCCCCACTTCATCGCAGTGGGCTACGTGGACGACACGCAGTTCGTGCGGTTCGACAGCGACGCCGCGAGTCCGAGAGGGGAGCCGCGGGCGCCGTGGGTGGAGCAGGAGGGGCCGGAGTATTGGGACCGGGAGACACAGAAGTACAAGCGCCAGGCACAGACTGACCGAGTGAGCCTGCGGAACCTGCGCGGCTACTACAACCAGAGCGAGGCCA,GGTCTCACATCATCCAGAGGATGTATGGCTGCGACGTGGGGCCCGACGGGCGCCTCTTCCGCGGGTATGACCAGTACGCCTACGACGGCAAGGATTACATCGCCCTGAACGAGGATCTGCGCTCCTGGACCGCCGCGGACACGGCGGCTCAGATCACCCAGCGCAAGTGGGAGGCGGCCCGTGAGGCGGAGCAGCTGAGAGCCTACCTGGAGGGCCTGTGCGTGGAGTGGCTCCGCAGATACCTGAAGAATGGGAAGGAGACGCTGCAGCGCGCGG
C*03:153,GCTCCCACTCCATGAGGTATTTCTACACCGCTGTGTCCCGGCCCGGCCGCGGGGAGCCCCACTTCATCGCAGTGGGCTACGTGGACGACACGCAGTTCGTGCGGTTCGACAGCGACGCCGCGAGTCCGAGAGGGGAGCCGCGGGCGCCGTGGGTGGAGCAGGAGGGGCCGGAGTATTGGGACCGGGAGACACAGAAGTACAAGCGCCAGGCACAGACTGACCGAGTGAGCCTGCGGAACCTGCGCGGCTACTACAACCAGAGCGAGGCCG,GGTCTCACATCATCCAGAGGATGCATGGCTGCGACGTGGGGCCCGACGGGCGCCTCCTCCGCGGGTATGACCAGTACGCCTACGACGGCAAGGATTACATCGCCCTGAACGAGGATCTGCGCTCCTGGACCGCCGCGGACACGGCGGCTCAGATCACCCAGCGCAAGTGGGAGGCGGCCCGTGAGGCGGAGCAGCTGAGAGCCTACCTGGAGGGCCTGTGCGTGGAGTGGCTCCGCAGATACCTGAAGAATGGGAAGGAGACGCTGCAGCGCGCGG
C*03:154,GCTCCCACTCCATGAGGTATTTCTACACCGCTGTGTCCCGGCCCGGCCGCGGGGAGCCCCACTTCATCGCAGTGGGCTACGTGGACGACACGCAGTTCGTGCGGTTCGACAGCGACGCCGCGAGTCCGAGAGGGGAGCCGCGGGCGCCGTGGGTGGAGCAGGAGGGGCCGGAGTATTGGGACCGGGAGACACAGAAGTACAAGCGCCAGGCACAGACTGACCGAGTGAGCCTGCGGAACCTGCGCGGCTACTACAACCAGAGCGAGGCCG,GGTCTCACGTCATCCAGAGGATGTATGGCTGCGACGTGGGGCCCGACGGGCGCCTCCTCCGCGGGTATGACCAGTACGCCTACGACGGCAAGGATTACATCGCCCTGAACGAGGATCTGCGCTCCTGGACCGCCGCGGACACGGCGGCTCAGATCACCCAGCGCAAGTGGGAGGCGGCCCGTGAGGCGGAGCAGCTGAGAGCCTACCTGGAGGGCCTGTGCGTGGAGTGGCTCCGCAGATACCTGAAGAATGGGAAGGAGACGCTGCAGCGCGCGG
C*03:155,GCTCCCACTCCATGAGGTATTTCTACACCGCTGTGTCCCGGCCCGGCCGCGGGGAGCCCCACTTCATCGCAGTGGGCTACGTGGACGACACGCAGTTCGTGCGGTTCGACAGCGACGCCGTGAGTCCGAGAGGGGAGCCGCGGGCGCCGTGGGTGGAGCAGGAGGGGCCGGAGTATTGGGACCGGGAGACACAGAAGTACAAGCGCCAGGCACAGACTGACCGAGTGAGCCTGCGGAACCTGCGCGGCTACTACAACCAGAGCGAGGCCG,GGTCTCACATCATCCAGAGGATGTATGGCTGCGACGTGGGGCCCGACGGGCGCCTCCTCCGCGGGTATGACCAGTACGCCTACGACGGCAAGGATTACATCGCCCTGAACGAGGATCTGCGCTCCTGGACCGCCGCGGACACGGCGGCTCAGATCACCCAGCGCAAGTGGGAGGCGGCCCGTGAGGCGGAGCAGCTGAGAGCCTACCTGGAGGGCCTGTGCGTGGAGTGGCTCCGCAGATACCTGAAGAATGGGAAGGAGACGCTGCAGCGCGCGG
C*03:156,GCTCCCACTCCATGAGGTATTTCTACGCCGCTGTGTCCCGGCCCGGCCGCGGGGAGCCCCACTTCATCGCAGTGGGCTACGTGGACGACACGCAGTTCGTGCGGTTCGACAGCGACGCCGCGAGTCCGAGAGGGGAGCCGCGGGCGCCGTGGGTGGAGCAGGAGGGGCCGGAGTATTGGGACCGGGAGACACAGAAGTACAAGCGCCAGGCACAGACTGACCGAGTGAGCCTGCGGAACCTGCGCGGCTACTACAACCAGAGCGAGGCCG,GGTCTCACATCATCCAGAGGATGTATGGCTGCGACGTGGGGCCCGACGGGCGCCTCCTCCGCGGGTATGACCAGTACGCCTACGACGGCAAGGATTACATCGCCCTGAACGAGGATCTGCGCTCCTGGACCGCCGCGGACACGGCGGCTCAGATCACCCAGCGCAAGTGGGAGGCGGCCCGTGAGGCGGAGCAGCTGAGAGCCTACCTGGAGGGCCTGTGCGTGGAGTGGCTCCGCAGATACCTGAAGAATGGGAAGGAGACGCTGCAGCGCGCGG
C*03:157,GCTCCCACTCCATGAGGTATTTCTACACCGCTGTGTCCCGGCCCGGCCGCGGGGAGCCCCACTTCATCGCAGTGGGCTACGTGGACGACACGCAGTTCGTGCGGTTCGACAGCGACGCCGCGAGTCCGAGAGGGGAGCCGCGGGCGCCGTGGGTGGAGCAGGAGGGGCCGGAGTATTGGGACCGGGAGACACAGAAGTACAAGCGCCAGGCACAGACTGACCGAGTGAGCCTGCGGAACCTGCGCGGCTACTACAACCAGAGCGAGGCCG,GGTCTCACATCATCCAGAGGATGTATGGCTGCGACGTGGGGCCCGACGGGCGCCTCCTCCGCGGGTATGACCAGTACGCCTACGACGGCAAGGATTACATCTCCCTGAACGAGGATCTGCGCTCCTGGACCGCCGCGGACACGGCGGCTCAGATCACCCAGCGCAAGTGGGAGGCGGCCCGTGAGGCGGAGCAGCTGAGAGCCTACCTGGAGGGCCTGTGCGTGGAGTGGCTCCGCAGATACCTGAAGAATGGGAAGGAGACGCTGCAGCGCGCGG
C*03:158,GCTCCCACTTCATGAGGTATTTCTACACCGCTGTGTCCCGGCCCGGCCGCGGGGAGCCCCACTTCATCGCAGTGGGCTACGTGGACGACACGCAGTTCGTGCGGTTCGACAGCGACGCCGCGAGTCCGAGAGGGGAGCCGCGGGCGCCGTGGGTGGAGCAGGAGGGGCCGGAGTATTGGGACCGGGAGACACAGAAGTACAAGCGCCAGGCACAGACTGACCGAGTGAGCCTGCGGAACCTGCGCGGCTACTACAACCAGAGCGAGGCCA,GGTCTCACATCATCCAGAGGATGTATGGCTGCGACGTGGGGCCCGACGGGCGCCTCCTCCGCGGGTATGACCAGTACGCCTACGACGGCAAGGATTACATCGCCCTGAACGAGGATCTGCGCTCCTGGACCGCCGCGGACACGGCGGCTCAGATCACCCAGCGCAAGTGGGAGGCGGCCCGTGAGGCGGAGCAGCTGAGAGCCTACCTGGAGGGCCTGTGCGTGGAGTGGCTCCGCAGATACCTGAAGAATGGGAAGGAGACGCTGCAGCGCGCGG
C*03:159,GCGCCCACTCCATGAGGTATTTCTACACCGCTGTGTCCCGGCCCGGCCGCGGGGAGCCCCACTTCATCGCAGTGGGCTACGTGGACGACACGCAGTTCGTGCGGTTCGACAGCGACGCCGCGAGTCCGAGAGGGGAGCCGCGGGCGCCGTGGGTGGAGCAGGAGGGGCCGGAGTATTGGGACCGGGAGACACAGAAGTACAAGCGCCAGGCACAGACTGACCGAGTGAGCCTGCGGAACCTGCGCGGCTACTACAACCAGAGCGAGGCCG,GGTCTCACATCATCCAGAGGATGTATGGCTGCGACGTGGGGCCCGACGGGCGCCTCCTCCGCGGGTATGACCAGTACGCCTACGACGGCAAGGATTACATCGCCCTGAACGAGGATCTGCGCTCCTGGACCGCCGCGGACACGGCGGCTCAGATCACCCAGCGCAAGTGGGAGGCGGCCCGTGAGGCGGAGCAGCTGAGAGCCTACCTGGAGGGCCTGTGCGTGGAGTGGCTCCGCAGATACCTGAAGAATGGGAAGGAGACGCTGCAGCGCGCGG
C*03:160,GCTCCCACTCCATGAGGTATTTCTACACCGCTGTGTCCCGGCCCGGCCGCGGGGAGCCCCACTTCATCGCAGTGGGCTACGTGGACGACACGCAGTTCGTGCGGTTCGACAGCGACGCCGCGAGTCCGAGAGGGGAGCCGCGGGCGCCGTGGGTGGAGCAGGAGGGGCCGGAGTATTGGGACCGGGAGACACAGAAGTACAAGCGCCAGGCACAGACTGACCGAGTGAGCCTGCGGAACCTGCGCCGCTACTACAACCAGAGCGAGGCCA,GGTCTCACATCATCCAGAGGATGTATGGCTGCGACGTGGGGCCCGACGGGCGCCTCCTCCGCGGGTATGACCAGTACGCCTACGACGGCAAGGATTACATCGCCCTGAACGAGGATCTGCGCTCCTGGACCGCCGCGGACACGGCGGCTCAGATCACCCAGCGCAAGTGGGAGGCGGCCCGTGAGGCGGAGCAGCTGAGAGCCTACCTGGAGGGCCTGTGCGTGGAGTGGCTCCGCAGATACCTGAAGAATGGGAAGGAGACGCTGCAGCGCGCGG
C*03:161,GCTCCCACTCCATGAGGTATTTCTACACCGCTGTGTCCCGGCCCGGCCGCGGGGAGCCCCACTTCATCGCAGTGGGCTACGTGGACGACACGCAGTTCGTGCGGTTCGACAGCGACGCCGCGAGTCCGAGAGGGGAGCCGCGGGCGCCGTGGGTGGAGCAGGAGGGGCCGGAGTATTGGGACCGGGAGACACAGAAGTACAAGCGCCAGGCACAGACTGACCGAGTGAGCCTGCGGAACCTGCGCGGCTACTACAACCAGAGCGAGGCCA,GGTCTCACATCATCCAGAGGATGTATGGCTGCGACGTGGGGCCCGACGGGCGCCTCCTCCGCGGGTATGACCAGTACGCCTACGACGGCAAGGATTACATCGCCCTGAACGAGGATCTGCGCTCCTGGACCGCCGCGGACACGGCGGCTCAGATCACCCAGCGCAAGTGGGAGGCGGCCCGTGAGGCGGAGCAGCTGAGAGCCTACCTGGAGGGCACGTGCGTGGAGTGGCTCCGCAGACACCTGAAGAATGGGAAGGAGACGCTGCAGCGCGCGG
C*03:162,GCTCCCACTCCATGAGGTATTTCTACACCGCTGTGTCCCGGCCCGGCCGCGGGGAGCCCCACTTCATCGCAGTGGGCTACGTGGACGACACGCAGTTCGTGCGGTTCGACAGCGACGCCGCGAGTCCGAGAGGGGAGCCGCGGGCGCCGTGGGTGGAGCAGGAGGGGCCGGAGTATTGGGACCGGGAGACACAGAAGTACAAGCGCCAGGCACAGACTGACCGAGTGAGCCTGCGGAACCTGCGCGGCTACTACAACCAGAGCGAGGCCG,GGTCTCACATCATCCAGAGGATGTATGGCTGCGACGTGGGGCCCGACGGGCGCCTCCTCCGCGGGTATGACCAGTACGCCTACGACGGCAAGGATTACATCGCCCTGAACGAGGATCTGCGCTCCTGGACCGCCGCGGACACGGCGGCTCAGATCACCCAGCGCAAGTTGGAGGCGGCCCGTGCGGCGGAGCAGCTGAGAGCCTACCTGGAGGGCCTGTGCGTGGAGTGGCTCCGCAGATACCTGAAGAATGGGAAGGAGACGCTGCAGCGCGCGG
C*03:163,GCTCCCACTCCATGAGGTATTTCTACACCGCTGTGTCCCGGCCCGGCCGCGGGGAGCCCCACTTCATCGCAGTGGGCTACGTGGACGACACGCAGTTCGTGCGGTTCGACAGCGACGCCGCGAGTCCGAGAGGGGAGCCGCGGGCGCCGTGGGTGGAGCAGGAGGGGCCGGAGTATTGGGACCGGGAGACACAGAAGTACAAGCGCCAGGCACAGGCTGACCGAGTGAACCTGCGGAAACTGCGCGGCTACTACAACCAGAGCGAGGCCG,GGTCTCACATCATCCAGAGGATGTATGGCTGCGACGTGGGGCCCGACGGGCGCCTCCTCCGCGGGTATGACCAGTACGCCTACGACGGCAAGGATTACATCGCCCTGAACGAGGATCTGCGCTCCTGGACCGCCGCGGACACGGCGGCTCAGATCACCCAGCGCAAGTGGGAGGCGGCCCGTGAGGCGGAGCAGCTGAGAGCCTACCTGGAGGGCCTGTGCGTGGAGTGGCTCCGCAGATACCTGAAGAATGGGAAGGAGACGCTGCAGCGCGCGG
C*03:164,GCTCCCACTCCATGAGGTATTTCTACACCGCTGTGTCCCGGCCCGGCCGCGGGGAGCCCCACTTCATCGCAGTGGGCTACGTGGACGACACGCAGTTCGTGCGGTTCGACAGCGACGCCGCGTGTCCGAGAGGGGAGCCGCGGGCGCCGTGGGTGGAGCAGGAGGGGCCGGAGTATTGGGACCGGGAGACACAGAAGTACAAGCGCCAGGCACAGACTGACCGAGTGAGCCTGCGGAACCTGCGCGGCTACTACAACCAGAGCGAGGCCG,GGTCTCACATCATCCAGAGGATGTATGGCTGCGACGTGGGGCCCGACGGGCGCCTCCTCCGCGGGTATGACCAGTACGCCTACGACGGCAAGGATTACATCGCCCTGAACGAGGATCTGCGCTCCTGGACCGCCGCGGACACGGCGGCTCAGATCACCCAGCGCAAGTGGGAGGCGGCCCGTGAGGCGGAGCAGCTGAGAGCCTACCTGGAGGGCCTGTGCGTGGAGTGGCTCCGCAGATACCTGAAGAATGGGAAGGAGACGCTGCAGCGCGCGG
C*03:165,GCTCCCACTCCATGAGGTATTTCTACACCGCTGTGTCCCGGCCCGGCCGCGGGGAGCCCCACTTCATCGCAGTGGGCTACGTGGACGACACGCAGTTCGTGCGGTTCGACAGCGACGCCGCGAGTCCGAGAGGGGAGCCGCGGGCGCCGTGGGTGGAGCAGGAGGGGCCGGAGTATTGGGACCGGGAGACACAGAAGTACAAGCGCCAGGCACAGACTGACCGAGTGAGCCTGCGGAACCTGCGCGGCTACTACAACCAGAGCGAGGCCA,GGTCTCACATCATCCAGAGGATGTATGGCTGCGACGTGGGGCCCGACGGGCGCCTCCTCCGCGGGTATGACCAGTACGCCTACGACGGCAAGGATTACATCGCCCTGAACGAGGATCTGCGCTCCTGGACCGCCGCGGACACGGCGGCTCAGATCACCCAGCGCAAGTGGGAGGCGGCCCGTGAGGCGGAGCAGCTGAGAGCCTACCTGGAGGGCCTGTGCGTGGAGTGGCTCCGCAGATACCTGAAGAAGGGGAAGGAGACGCTGCAGCGCGCGG
C*03:166,GCTCCCACTCCATGAGGTATTTCTACACCAATGTGTCCCGGCCCGGCCGCGGGGAGCCCCACTTCATCGCAGTGGGCTACGTGGACGACACGCAGTTCGTGCGGTTCGACAGCGACGCCGCGAGTCCGAGAGGGGAGCCGCGGGCGCCGTGGGTGGAGCAGGAGGGGCCGGAGTATTGGGACCGGGAGACACAGAAGTACAAGCGCCAGGCACAGACTGACCGAGTGAGCCTGCGGAACCTGCGCGGCTACTACAACCAGAGCGAGGCCG,GGTCTCACATCATCCAGAGGATGTATGGCTGCGACGTGGGGCCCGACGGGCGCCTCCTCCGCGGGTATGACCAGTACGCCTACGACGGCAAGGATTACATCGCCCTGAACGAGGATCTGCGCTCCTGGACCGCCGCGGACACGGCGGCTCAGATCACCCAGCGCAAGTGGGAGGCGGCCCGTGAGGCGGAGCAGCTGAGAGCCTACCTGGAGGGCCTGTGCGTGGAGTGGCTCCGCAGATACCTGAAGAATGGGAAGGAGACGCTGCAGCGCGCGG
C*03:167,GCTCCCACTCCATGAGGTATTTCTACACCGCTGTGTCCCGGCCCGGCCGCGGGGAGCCCCACTTCATCGCAGTGGGCTACGTGGACGACACGCAGTTCGTGCGGTTCGACAGCGACGCCGCGAGTCCGAGAGGGGAGCCGCGGGCGCCGTGGGTGGAGCAGGAGGGGCCGGAGTATTGGGACCGGGAGACACAGAAGTACAAGCGCCAGGCACAGACTGACCGAGTGAGCCTGCGGAACCTGCGCGGCTACTACAACCAGAGCGAGGCCA,GGTCTCACACCCTCCAGAGCATGTACGGCTGCGACGTGGGGCCCGACGGGCGCCTCCTCCGCGGGTATGACCAGTACGCCTACGACGGCAAGGATTACATCGCCCTGAACGAGGATCTGCGCTCCTGGACCGCCGCGGACACGGCGGCTCAGATCACCCAGCGCAAGTGGGAGGCGGCCCGTGAGGCGGAGCAGCTGAGAGCCTACCTGGAGGGCCTGTGCGTGGAGTGGCTCCGCAGATACCTGAAGAATGGGAAGGAGACGCTGCAGCGCGCGG
C*03:168,GCTCCCACTCCATGAGGTATTTCTACACCGCTGTGTCCCGGCCCGGCCGCGGGGAGCCCCACTTCATCGCAGTGGGCTACGTGGACGACACGCAGTTCGTGCGGTTCGACAGCGACGCCGCGAGTCCGAGAGGGGAGCCGCGGGCGCCGTGGGTGGAGCAGGAGGGGCCGGAGTATTGGGACCGGGAGACACAGAAGTACAAGCGCCAGGCACAGACTGACCGAGTGAGCCTGCGGAACCTGCGCGGCTACTACAACCAGAGCGAGGCCA,GGTCTCACATCATCCAGAGGATGTATGGCTGCGACGTGGGGCCCGACGGGCGCCTCCTCCTCGGGTATGACCAGTACGCCTACGACGGCAAGGATTACATCGCCCTGAACGAGGATCTGCGCTCCTGGACCGCCGCGGACACGGCGGCTCAGATCACCCAGCGCAAGTGGGAGGCGGCCCGTGAGGCGGAGCAGCTGAGAGCCTACCTGGAGGGCCTGTGCGTGGAGTGGCTCCGCAGATACCTGAAGAATGGGAAGGAGACGCTGCAGCGCGCGG
C*03:169,GCTCCCACTCCATGAGGTATTTCTACACCGCTGTGTCCCGGCCCGGCCGCGGGGAGCCCCACTTCATCGCAGTGGGCTACGTGGACGACACGCAGTTCGTGCGGTTCGACAGCGACGCCGCGAGTCCGAGAGGGGAGCCGCGGGCGCCGTGGGTGGAGCAGGAGGGGCCGGAGTATTGGGACCGGGAGACACAGAAGTACAAGCGCCAGGCACAGACTGACCGAGTGAGCCTGCGGAACCTGCGCGGCTACTACAACCAGAGCGAGGCCG,GGTCTCACATCCTCCAGAGGATGTATGGCTACGACGTGGGGCCCGACGGGCGCCTCCTCCGCGGGTATGACCAGTCCGCCTACGACGGCAAGGATTACATCGCCCTGAACGAGGATCTGCGCTCCTGGACCGCCGCGGACACGGCGGCTCAGATCACCCAGCGCAAGTGGGAGGCGGCCCGTGAGGCGGAGCAGCTGAGAGCCTACCTGGAGGGCCTGTGCGTGGAGTGGCTCCGCAGATACCTGAAGAATGGGAAGGAGACGCTGCAGCGCGCGG
C*03:170,GCTCCCACTCCATGAGGTATTTCTGCACCGCTGTGTCCCGGCCCGGCCGCGGGGAGCCCCACTTCATCGCAGTGGGCTACGTGGACGACACGCAGTTCGTGCGGTTCGACAGCGACGCCGCGAGTCCGAGAGGGGAGCCGCGGGCGCCGTGGGTGGAGCAGGAGGGGCCGGAGTATTGGGACCGGGAGACACAGAAGTACAAGCGCCAGGCACAGACTGACCGAGTGAGCCTGCGGAACCTGCGCGGCTACTACAACCAGAGCGAGGCCG,GGTCTCACATCATCCAGAGGATGTATGGCTGCGACGTGGGGCCCGACGGGCGCCTCCTCCGCGGGTATGACCAGTACGCCTACGACGGCAAGGATTACATCGCCCTGAACGAGGATCTGCGCTCCTGGACCGCCGCGGACACGGCGGCTCAGATCACCCAGCGCAAGTGGGAGGCGGCCCGTGAGGCGGAGCAGCTGAGAGCCTACCTGGAGGGCCTGTGCGTGGAGTGGCTCCGCAGATACCTGAAGAATGGGAAGGAGACGCTGCAGCGCGCGG
C*03:172,GCTCCCACTCCATGAGGTATTTCTACACCGCTGTGTCCCGGCCCGGCCGCGGGGAGCCCCACTTCATCGCAGTGGGCTACGTGGACGACACGCAGTTCGTGCGGTTCGACAGCGACGCCGCGAGTCCGAGAGGGCAGCCGCGGGCGCCGTGGGTGGAGCAGGAGGGGCCGGAGTATTGGGACCGGGAGACACAGAAGTACAAGCGCCAGGCACAGACTGACCGAGTGAGCCTGCGGAACCTGCGCGGCTACTACAACCAGAGCGAGGCCG,GGTCTCACATCATCCAGAGGATGTATGGCTGCGACGTGGGGCCCGACGGGCGCCTCCTCCGCGGGTATGACCAGTACGCCTACGACGGCAAGGATTACATCGCCCTGAACGAGGATCTGCGCTCCTGGACCGCCGCGGACACGGCGGCTCAGATCACCCAGCGCAAGTGGGAGGCGGCCCGTGAGGCGGAGCAGCTGAGAGCCTACCTGGAGGGCCTGTGCGTGGAGTGGCTCCGCAGATACCTGAAGAATGGGAAGGAGACGCTGCAGCGCGCGG
C*03:173,GCTCCCACTCCATGAGGTATTTCTACACCGCTGTGTCCCGGCCCGGCCGCGGGGAGCCCCACTTCATCGCAGTGGGCTACGTGGACGACACGCAGTTCGTGCGGTTCGACAGCGACGCCGCGAGTCCGAGAGGGGAGCCGCGGGCGCCGTGGGCGGAGCAGGAGGGGCCGGAGTATTGGGACCGGGAGACACAGAAGTACAAGCGCCAGGCACAGACTGACCGAGTGAGCCTGCGGAACCTGCGCGGCTACTACAACCAGAGCGAGGCCG,GGTCTCACATCATCCAGAGGATGTATGGCTGCGACGTGGGGCCCGACGGGCGCCTCCTCCGCGGGTATGACCAGTACGCCTACGACGGCAAGGATTACATCGCCCTGAACGAGGATCTGCGCTCCTGGACCGCCGCGGACACGGCGGCTCAGATCACCCAGCGCAAGTGGGAGGCGGCCCGTGAGGCGGAGCAGCTGAGAGCCTACCTGGAGGGCCTGTGCGTGGAGTGGCTCCGCAGATACCTGAAGAATGGGAAGGAGACGCTGCAGCGCGCGG
C*03:174,GCTCCCACTCCATGAGGTATTTCTACACCGCTGTGTCCCGGCCCGGCCGCGGGGAGCCCCACTTCATCGCAGTGGGCTACGTGGACGACACGCAGTTCGTGCGGTTCGACAGCGACGCCGCGAGTCCGAGAGGGGAGCCGCGGGCGCCGTGGGTGGAGCAGGAGGGGCCGGAGTATTGGGACCAGGAGACACAGAAGTACAAGCGCCAGGCACAGACTGACCGAGTGAGCCTGCGGAACCTGCGCGGCTACTACAACCAGAGCGAGGCCG,GGTCTCACATCATCCAGAGGATGTATGGCTGCGACGTGGGGCCCGACGGGCGCCTCCTCCGCGGGTATGACCAGTACGCCTACGACGGCAAGGATTACATCGCCCTGAACGAGGATCTGCGCTCCTGGACCGCCGCGGACACGGCGGCTCAGATCACCCAGCGCAAGTGGGAGGCGGCCCGTGAGGCGGAGCAGCTGAGAGCCTACCTGGAGGGCCTGTGCGTGGAGTGGCTCCGCAGATACCTGAAGAATGGGAAGGAGACGCTGCAGCGCGCGG
C*03:175,GCTCCCACTCCATGAGGTATTTCTACACCGCTGTGTCCCGGCCCGGCCGCGGGGAGCCCCACTTCATCGCAGTGGGCTACGTGGACGACACGCAGTTCGTGCGGTTCGACAGCGACGCCGCGAGTCCGAGAGGGGAGCCGCGGGCGCCGTGGGTGGAGCAGGAGGGGCCGGAGTATTGGGACCGGGAGACACAGAAGTACAAGCGCCAGGCACAGACTGACCGAGTGAGCCTGCGGAACCTGCGCGGCTACTACAACCAGAGCGAGGCCA,GGTCTCACATCATCCAGAGGATGTATGGCTGCGACGTGGGGCCCGACGGGCGCCTCCTCCGCGGGCATGACCAGTCCGCCTACGACGGCAAGGATTACATCGCCCTGAACGAGGATCTGCGCTCCTGGACCGCCGCGGACACGGCGGCTCAGATCACCCAGCGCAAGTGGGAGGCGGCCCGTGAGGCGGAGCAGCTGAGAGCCTACCTGGAGGGCCTGTGCGTGGAGTGGCTCCGCAGATACCTGAAGAATGGGAAGGAGACGCTGCAGCGCGCGG
C*04:01:01G,GCTCCCACTCCATGAGGTATTTCTCCACATCCGTGTCCTGGCCCGGCCGCGGGGAGCCCCGCTTCATCGCAGTGGGCTACGTGGACGACACGCAGTTCGTGCGGTTCGACAGCGACGCCGCGAGTCCAAGAGGGGAGCCGCGGGAGCCGTGGGTGGAGCAGGAGGGGCCGGAGTATTGGGACCGGGAGACACAGAAGTACAAGCGCCAGGCACAGGCTGACCGAGTGAACCTGCGGAAACTGCGCGGCTACTACAACCAGAGCGAGGACG,GGTCTCACACCCTCCAGAGGATGTTTGGCTGCGACCTGGGGCCGGACGGGCGCCTCCTCCGCGGGTATAACCAGTTCGCCTACGACGGCAAGGATTACATCGCCCTGAACGAGGATCTGCGCTCCTGGACCGCCGCGGACACGGCGGCTCAGATCACCCAGCGCAAGTGGGAGGCGGCCCGTGAGGCGGAGCAGCGGAGAGCCTACCTGGAGGGCACGTGCGTGGAGTGGCTCCGCAGATACCTGGAGAACGGGAAGGAGACGCTGCAGCGCGCGG
C*04:01:02,GCTCCCACTCCATGAGGTATTTCTCCACATCCGTGTCCTGGCCCGGCCGCGGGGAGCCCCGCTTCATCGCAGTGGGCTACGTGGACGACACACAGTTCGTGCGGTTCGACAGCGACGCCGCGAGTCCAAGAGGGGAGCCGCGGGAGCCGTGGGTGGAGCAGGAGGGGCCGGAGTATTGGGACCGGGAGACACAGAAGTACAAGCGCCAGGCACAGGCTGACCGAGTGAACCTGCGGAAACTGCGCGGCTACTACAACCAGAGCGAGGACG,GGTCTCACACCCTCCAGAGGATGTTTGGCTGCGACCTGGGGCCGGACGGGCGCCTCCTCCGCGGGTATAACCAGTTCGCCTACGACGGCAAGGATTACATCGCCCTGAACGAGGATCTGCGCTCCTGGACCGCCGCGGACACGGCGGCTCAGATCACCCAGCGCAAGTGGGAGGCGGCCCGTGAGGCGGAGCAGCGGAGAGCCTACCTGGAGGGCACGTGCGTGGAGTGGCTCCGCAGATACCTGGAGAACGGGAAGGAGACGCTGCAGCGCGCGG
C*04:01:03,GCTCCCACTCCATGAGGTATTTCTCCACATCCGTGTCCTGGCCCGGCCGCGGGGAGCCCCGCTTCATCGCCGTGGGCTACGTGGACGACACGCAGTTCGTGCGGTTCGACAGCGACGCCGCGAGTCCAAGAGGGGAGCCGCGGGAGCCGTGGGTGGAGCAGGAGGGGCCGGAGTATTGGGACCGGGAGACACAGAAGTACAAGCGCCAGGCACAGGCTGACCGAGTGAACCTGCGGAAACTGCGCGGCTACTACAACCAGAGCGAGGACG,GGTCTCACACCCTCCAGAGGATGTTTGGCTGCGACCTGGGGCCGGACGGGCGCCTCCTCCGCGGGTATAACCAGTTCGCCTACGACGGCAAGGATTACATCGCCCTGAACGAGGATCTGCGCTCCTGGACCGCCGCGGACACGGCGGCTCAGATCACCCAGCGCAAGTGGGAGGCGGCCCGTGAGGCGGAGCAGCGGAGAGCCTACCTGGAGGGCACGTGCGTGGAGTGGCTCCGCAGATACCTGGAGAACGGGAAGGAGACGCTGCAGCGCGCGG
C*04:01:04,GCTCCCACTCCATGAGGTATTTCTCCACATCCGTGTCCTGGCCCGGCCGCGGGGAGCCCCGCTTCATCGCAGTGGGCTACGTGGACGACACGCAGTTCGTGCGGTTCGACAGCGACGCCGCGAGTCCAAGAGGGGAGCCGCGGGAGCCGTGGGTGGAGCAGGAGGGGCCGGAGTATTGGGACCGGGAGACACAGAAGTACAAGCGCCAGGCACAGGCTGACCGAGTGAACCTGCGGAAACTGCGCGGCTACTACAACCAGAGCGAGGACG,GGTCTCACACCCTCCAGAGGATGTTTGGCTGCGACCTGGGGCCGGACGGGCGCCTTCTCCGCGGGTATAACCAGTTCGCCTACGACGGCAAGGATTACATCGCCCTGAACGAGGATCTGCGCTCCTGGACCGCCGCGGACACGGCGGCTCAGATCACCCAGCGCAAGTGGGAGGCGGCCCGTGAGGCGGAGCAGCGGAGAGCCTACCTGGAGGGCACGTGCGTGGAGTGGCTCCGCAGATACCTGGAGAACGGGAAGGAGACGCTGCAGCGCGCGG
C*04:01:05,GCTCCCACTCCATGAGGTATTTCTCCACATCCGTGTCCTGGCCCGGCCGCGGGGAGCCCCGCTTCATCGCAGTGGGCTACGTGGACGACACGCAGTTCGTGCGGTTCGACAGCGACGCCGCGAGTCCAAGAGGGGAGCCGCGGGAGCCGTGGGTGGAGCAGGAGGGGCCGGAGTATTGGGACCGGGAGACACAGAAGTACAAGCGCCAGGCACAGGCTGACCGAGTGAACCTGCGGAAACTGCGCGGCTACTACAACCAGAGCGAGGACG,GGTCTCACACCCTCCAGAGGATGTTTGGCTGCGACCTGGGGCCGGACGGGCGCCTCCTCCGCGGGTATAACCAGTTCGCCTACGACGGCAAGGATTACATCGCCCTGAACGAGGACCTGCGCTCCTGGACTGCCGCGGACACGGCGGCTCAGATCACCCAGCGCAAGTGGGAGGCGGCCCGTGAGGCGGAGCAGCGGAGAGCCTACCTGGAGGGCACGTGCGTGGAGTGGCTCCGCAGATACCTGGAGAACGGGAAGGAGACGCTGCAGCGCGCGG
C*04:01:06,GCTCCCACTCCATGAGGTATTTCTCCACATCCGTGTCCTGGCCCGGCCGCGGGGAGCCCCGCTTCATCGCAGTGGGCTACGTGGACGACACGCAGTTCGTGCGGTTCGACAGCGACGCCGCGAGTCCAAGAGGGGAGCCGCGGGAGCCGTGGGTGGAGCAGGAGGGGCCGGAGTATTGGGACCGGGAGACACAGAAGTACAAGCGCCAGGCACAGGCTGACCGAGTGAACCTGCGGAAACTGCGCGGCTACTACAACCAGAGCGAGGACG,GGTCTCACACCCTCCAGAGGATGTTTGGCTGCGACCTGGGGCCGGACGGGCGCCTCCTCCGCGGGTATAACCAGTTCGCCTACGACGGCAAGGATTACATCGCCCTGAACGAGGATCTGCGCTCCTGGACCGCCGCGGACACGGCGGCTCAGATCACCCAGCGCAAGTGGGAGGCGGCCCGTGAGGCGGAGCAGCGGAGAGCCTACCTGGAGGGCACTTGCGTGGAGTGGCTCCGCAGATACCTGGAGAACGGGAAGGAGACGCTGCAGCGCGCGG
C*04:01:07,GCTCCCACTCCATGAGGTATTTCTCCACATCCGTGTCCTGGCCCGGCCGCGGGGAGCCCCGCTTCATCGCAGTGGGCTACGTGGACGACACGCAGTTCGTGCGGTTCGACAGCGACGCCGCGAGTCCAAGAGGGGAGCCGCGGGAGCCGTGGGTGGAGCAGGAGGGGCCGGAGTATTGGGACCGGGAGACACAGAAGTACAAGCGCCAGGCACAGGCTGACCGAGTGAACCTGCGGAAACTGCGCGGCTACTACAACCAGAGCGAGGACG,GGTCTCACACCCTCCAGAGGATGTTTGGCTGCGACCTGGGGCCGGACGGGCGCCTCCTCCGCGGGTATAACCAGTTCGCCTACGACGGCAAGGATTACATCGCCCTGAACGAGGACCTGCGCTCCTGGACCGCCGCGGACACCGCGGCTCAGATCACCCAGCGCAAGTGGGAGGCGGCCCGTGAGGCGGAGCAGCGGAGAGCCTACCTGGAGGGCACGTGCGTGGAGTGGCTCCGCAGATACCTGGAGAACGGGAAGGAGACGCTGCAGCGCGCGG
C*04:01:08,GCTCCCACTCCATGAGGTATTTCTCCACATCCGTGTCCTGGCCCGGCCGCGGGGAGCCCCGCTTCATCGCAGTGGGCTACGTGGACGACACGCAGTTCGTGCGGTTCGACAGCGACGCCGCGAGTCCAAGAGGGGAGCCGCGGGAGCCGTGGGTGGAGCAGGAGGGGCCGGAGTATTGGGACCGGGAGACACAGAAGTACAAGCGCCAGGCACAGGCTGACCGAGTGAACCTGCGGAAACTGCGCGGCTACTACAACCAGAGCGAGGACG,GGTCTCACACCCTCCAGAGGATGTTTGGCTGCGACCTGGGGCCGGACGGGCGCCTCCTCCGCGGGTATAACCAGTTCGCCTACGACGGCAAGGATTACATCGCCCTGAACGAGGATCTGCGCTCCTGGACCGCCGCGGACACCGCGGCTCAGATCACCCAGCGCAAGTGGGAGGCGGCCCGTGAGGCGGAGCAGCGGAGAGCCTACCTGGAGGGCACGTGCGTGGAGTGGCTCCGCAGATACCTGGAGAACGGGAAGGAGACGCTGCAGCGCGCGG
C*04:01:09,GCTCCCACTCCATGAGGTATTTCTCCACATCCGTGTCCTGGCCCGGCCGCGGGGAGCCCCGCTTCATCGCAGTGGGCTACGTGGACGACACGCAGTTCGTGCGGTTCGACAGCGACGCCGCGAGTCCAAGAGGGGAGCCGCGGGAGCCGTGGGTGGAGCAGGAGGGGCCGGAGTATTGGGACCGGGAGACACAGAAGTACAAGCGCCAGGCACAGGCTGACCGAGTGAACCTGCGGAAACTGCGCGGCTACTACAACCAGAGCGAGGACG,GGTCTCACACCCTCCAGAGGATGTTTGGCTGCGACCTGGGGCCGGACGGGCGCCTCCTCCGCGGGTATAACCAGTTCGCCTACGACGGCAAGGATTACATCGCCCTGAACGAGGACCTGCGCTCCTGGACCGCCGCGGACACGGCGGCTCAGATCACCCAGCGCAAGTGGGAGGCGGCCCGTGAGGCGGAGCAGCGGAGAGCCTACCTGGAGGGCACGTGCGTGGAGTGGCTCCGCAGATACCTGGAGAACGGGAAGGAGACGCTGCAGCGCGCGG
C*04:01:10,GCTCCCACTCCATGAGGTATTTCTCCACATCCGTGTCCTGGCCCGGCCGCGGGGAGCCCCGCTTCATCGCAGTGGGCTACGTGGACGACACGCAGTTCGTGCGGTTCGACAGCGACGCCGCGAGCCCAAGAGGGGAGCCGCGGGAGCCGTGGGTGGAGCAGGAGGGGCCGGAGTATTGGGACCGGGAGACACAGAAGTACAAGCGCCAGGCACAGGCTGACCGAGTGAACCTGCGGAAACTGCGCGGCTACTACAACCAGAGCGAGGACG,GGTCTCACACCCTCCAGAGGATGTTTGGCTGCGACCTGGGGCCGGACGGGCGCCTCCTCCGCGGGTATAACCAGTTCGCCTACGACGGCAAGGATTACATCGCCCTGAACGAGGATCTGCGCTCCTGGACCGCCGCGGACACGGCGGCTCAGATCACCCAGCGCAAGTGGGAGGCGGCCCGTGAGGCGGAGCAGCGGAGAGCCTACCTGGAGGGCACGTGCGTGGAGTGGCTCCGCAGATACCTGGAGAACGGGAAGGAGACGCTGCAGCGCGCGG
C*04:01:11,GCTCCCACTCCATGAGGTATTTCTCCACATCCGTGTCCTGGCCTGGCCGCGGGGAGCCCCGCTTCATCGCAGTGGGCTACGTGGACGACACGCAGTTCGTGCGGTTCGACAGCGACGCCGCGAGTCCAAGAGGGGAGCCGCGGGAGCCGTGGGTGGAGCAGGAGGGGCCGGAGTATTGGGACCGGGAGACACAGAAGTACAAGCGCCAGGCACAGGCTGACCGAGTGAACCTGCGGAAACTGCGCGGCTACTACAACCAGAGCGAGGACG,GGTCTCACACCCTCCAGAGGATGTTTGGCTGCGACCTGGGGCCGGACGGGCGCCTCCTCCGCGGGTATAACCAGTTCGCCTACGACGGCAAGGATTACATCGCCCTGAACGAGGATCTGCGCTCCTGGACCGCCGCGGACACGGCGGCTCAGATCACCCAGCGCAAGTGGGAGGCGGCCCGTGAGGCGGAGCAGCGGAGAGCCTACCTGGAGGGCACGTGCGTGGAGTGGCTCCGCAGATACCTGGAGAACGGGAAGGAGACGCTGCAGCGCGCGG
C*04:01:12,GCTCCCACTCCATGAGGTATTTCTCCACATCCGTGTCCTGGCCCGGCCGCGGGGAGCCCCGCTTCATCGCAGTGGGCTACGTGGACGACACGCAGTTCGTGCGGTTCGACAGCGACGCGGCGAGTCCAAGAGGGGAGCCGCGGGAGCCGTGGGTGGAGCAGGAGGGGCCGGAGTATTGGGACCGGGAGACACAGAAGTACAAGCGCCAGGCACAGGCTGACCGAGTGAACCTGCGGAAACTGCGCGGCTACTACAACCAGAGCGAGGACG,GGTCTCACACCCTCCAGAGGATGTTTGGCTGCGACCTGGGGCCGGACGGGCGCCTCCTCCGCGGGTATAACCAGTTCGCCTACGACGGCAAGGATTACATCGCCCTGAACGAGGATCTGCGCTCCTGGACCGCCGCGGACACGGCGGCTCAGATCACCCAGCGCAAGTGGGAGGCGGCCCGTGAGGCGGAGCAGCGGAGAGCCTACCTGGAGGGCACGTGCGTGGAGTGGCTCCGCAGATACCTGGAGAACGGGAAGGAGACGCTGCAGCGCGCGG
C*04:01:13,GCTCCCACTCCATGAGGTATTTCTCCACATCCGTGTCCTGGCCCGGCCGTGGGGAGCCCCGCTTCATCGCAGTGGGCTACGTGGACGACACGCAGTTCGTGCGGTTCGACAGCGACGCCGCGAGTCCAAGAGGGGAGCCGCGGGAGCCGTGGGTGGAGCAGGAGGGGCCGGAGTATTGGGACCGGGAGACACAGAAGTACAAGCGCCAGGCACAGGCTGACCGAGTGAACCTGCGGAAACTGCGCGGCTACTACAACCAGAGCGAGGACG,GGTCTCACACCCTCCAGAGGATGTTTGGCTGCGACCTGGGGCCGGACGGGCGCCTCCTCCGCGGGTATAACCAGTTCGCCTACGACGGCAAGGATTACATCGCCCTGAACGAGGATCTGCGCTCCTGGACCGCCGCGGACACGGCGGCTCAGATCACCCAGCGCAAGTGGGAGGCGGCCCGTGAGGCGGAGCAGCGGAGAGCCTACCTGGAGGGCACGTGCGTGGAGTGGCTCCGCAGATACCTGGAGAACGGGAAGGAGACGCTGCAGCGCGCGG
C*04:01:14,GCTCCCACTCCATGAGGTATTTCTCCACATCCGTGTCCTGGCCCGGCCGCGGGGAGCCCCGCTTCATCGCAGTGGGCTACGTGGACGACACGCAGTTCGTGCGGTTCGACAGCGACGCCGCGAGTCCAAGAGGGGAGCCGCGGGAGCCGTGGGTGGAGCAGGAAGGGCCGGAGTATTGGGACCGGGAGACACAGAAGTACAAGCGCCAGGCACAGGCTGACCGAGTGAACCTGCGGAAACTGCGCGGCTACTACAACCAGAGCGAGGACG,GGTCTCACACCCTCCAGAGGATGTTTGGCTGCGACCTGGGGCCGGACGGGCGCCTCCTCCGCGGGTATAACCAGTTCGCCTACGACGGCAAGGATTACATCGCCCTGAACGAGGATCTGCGCTCCTGGACCGCCGCGGACACGGCGGCTCAGATCACCCAGCGCAAGTGGGAGGCGGCCCGTGAGGCGGAGCAGCGGAGAGCCTACCTGGAGGGCACGTGCGTGGAGTGGCTCCGCAGATACCTGGAGAACGGGAAGGAGACGCTGCAGCGCGCGG
C*04:01:15,GCTCCCACTCCATGAGGTATTTCTCCACATCCGTGTCCTGGCCCGGCCGCGGGGAGCCCCGCTTCATCGCAGTGGGCTACGTGGACGACACGCAGTTCGTGCGGTTCGACAGCGACGCCGCGAGTCCAAGAGGGGAGCCGCGGGAGCCGTGGGTGGAGCAGGAGGGGCCGGAGTATTGGGACCGAGAGACACAGAAGTACAAGCGCCAGGCACAGGCTGACCGAGTGAACCTGCGGAAACTGCGCGGCTACTACAACCAGAGCGAGGACG,GGTCTCACACCCTCCAGAGGATGTTTGGCTGCGACCTGGGGCCGGACGGGCGCCTCCTCCGCGGGTATAACCAGTTCGCCTACGACGGCAAGGATTACATCGCCCTGAACGAGGATCTGCGCTCCTGGACCGCCGCGGACACGGCGGCTCAGATCACCCAGCGCAAGTGGGAGGCGGCCCGTGAGGCGGAGCAGCGGAGAGCCTACCTGGAGGGCACGTGCGTGGAGTGGCTCCGCAGATACCTGGAGAACGGGAAGGAGACGCTGCAGCGCGCGG
C*04:01:16,GCTCCCACTCCATGAGGTATTTCTCCACATCCGTGTCCTGGCCCGGCCGCGGGGAGCCCCGCTTCATCGCAGTGGGCTACGTGGACGACACGCAGTTCGTGCGGTTCGACAGCGACGCCGCGAGTCCAAGAGGGGAGCCGCGGGAGCCGTGGGTGGAGCAGGAGGGGCCGGAGTATTGGGACCGGGAGACACAGAAGTACAAGCGCCAGGCACAGGCTGACCGAGTGAACCTGCGGAAACTGCGCGGCTACTACAACCAGAGCGAGGACG,GGTCTCACACCCTCCAGAGGATGTTTGGCTGCGACCTGGGGCCGGACGGGCGCCTCCTCCGCGGCTATAACCAGTTCGCCTACGACGGCAAGGATTACATCGCCCTGAACGAGGATCTGCGCTCCTGGACCGCCGCGGACACGGCGGCTCAGATCACCCAGCGCAAGTGGGAGGCGGCCCGTGAGGCGGAGCAGCGGAGAGCCTACCTGGAGGGCACGTGCGTGGAGTGGCTCCGCAGATACCTGGAGAACGGGAAGGAGACGCTGCAGCGCGCGG
C*04:01:17,GCTCCCACTCCATGAGGTATTTCTCCACATCCGTGTCCTGGCCCGGCCGCGGGGAGCCCCGCTTCATCGCAGTGGGCTACGTGGACGACACGCAGTTCGTGCGGTTCGACAGCGACGCCGCGAGTCCAAGAGGGGAGCCGCGGGAGCCGTGGGTGGAGCAGGAGGGGCCGGAGTATTGGGACCGGGAGACACAGAAGTACAAGCGCCAGGCACAGGCTGACCGAGTGAACCTGCGGAAACTGCGCGGCTACTACAACCAGAGCGAGGACG,GGTCTCACACCCTCCAGAGGATGTTTGGTTGCGACCTGGGGCCGGACGGGCGCCTCCTCCGCGGGTATAACCAGTTCGCCTACGACGGCAAGGATTACATCGCCCTGAACGAGGATCTGCGCTCCTGGACCGCCGCGGACACGGCGGCTCAGATCACCCAGCGCAAGTGGGAGGCGGCCCGTGAGGCGGAGCAGCGGAGAGCCTACCTGGAGGGCACGTGCGTGGAGTGGCTCCGCAGATACCTGGAGAACGGGAAGGAGACGCTGCAGCGCGCGG
C*04:01:18,GCTCCCACTCCATGAGGTATTTCTCCACATCCGTGTCCTGGCCCGGCCGCGGGGAGCCCCGCTTCATCGCAGTGGGCTACGTGGACGACACGCAGTTCGTGCGGTTCGACAGCGACGCCGCGAGTCCAAGAGGGGAGCCGCGGGAGCCGTGGGTGGAGCAGGAGGGGCCGGAGTATTGGGACCGGGAGACACAGAAGTACAAGCGCCAGGCACAGGCTGACCGAGTGAACCTGCGGAAACTGCGCGGCTACTACAACCAGAGCGAGGACG,GGTCTCACACCCTCCAGAGGATGTTTGGCTGCGACCTGGGGCCGGACGGGCGCCTCCTCCGCGGGTATAACCAGTTCGCCTACGACGGCAAGGATTACATCGCCCTGAACGAGGATCTGCGCTCCTGGACCGCCGCGGACACGGCGGCTCAGATCACCCAGCGCAAGTGGGAGGCGGCCCGTGAGGCGGAGCAGCGGAGAGCCTACCTGGAGGGCACGTGCGTGGAGTGGCTCCGCAGATACCTGGAGAACGGGAAAGAGACGCTGCAGCGCGCGG
C*04:01:19,GCTCCCACTCCATGAGGTATTTCTCCACATCCGTGTCCTGGCCCGGCCGCGGGGAGCCCCGCTTCATCGCAGTGGGCTACGTGGACGACACGCAGTTCGTGCGGTTCGACAGCGACGCCGCGAGTCCAAGAGGGGAGCCGCGGGAGCCGTGGGTGGAGCAGGAGGGGCCGGAGTATTGGGATCGGGAGACACAGAAGTACAAGCGCCAGGCACAGGCTGACCGAGTGAACCTGCGGAAACTGCGCGGCTACTACAACCAGAGCGAGGACG,GGTCTCACACCCTCCAGAGGATGTTTGGCTGCGACCTGGGGCCGGACGGGCGCCTCCTCCGCGGGTATAACCAGTTCGCCTACGACGGCAAGGATTACATCGCCCTGAACGAGGATCTGCGCTCCTGGACCGCCGCGGACACGGCGGCTCAGATCACCCAGCGCAAGTGGGAGGCGGCCCGTGAGGCGGAGCAGCGGAGAGCCTACCTGGAGGGCACGTGCGTGGAGTGGCTCCGCAGATACCTGGAGAACGGGAAGGAGACGCTGCAGCGCGCGG
C*04:01:20,GCTCCCACTCCATGAGGTATTTCTCCACATCCGTGTCCTGGCCCGGCCGCGGGGAGCCCCGCTTCATCGCAGTGGGCTACGTGGACGACACGCAGTTCGTGCGGTTCGACAGCGACGCCGCGAGTCCAAGAGGGGAGCCGCGGGAGCCGTGGGTGGAGCAGGAGGGGCCGGAGTATTGGGACCGGGAGACACAGAAGTACAAGCGCCAGGCACAGGCTGACCGAGTGAACCTGCGGAAACTGCGCGGCTACTACAACCAGAGCGAGGACG,GGTCTCACACCCTCCAGAGGATGTTTGGCTGCGACCTGGGGCCGGACGGGCGCCTCCTCCGCGGGTATAACCAGTTCGCCTATGACGGCAAGGATTACATCGCCCTGAACGAGGATCTGCGCTCCTGGACCGCCGCGGACACGGCGGCTCAGATCACCCAGCGCAAGTGGGAGGCGGCCCGTGAGGCGGAGCAGCGGAGAGCCTACCTGGAGGGCACGTGCGTGGAGTGGCTCCGCAGATACCTGGAGAACGGGAAGGAGACGCTGCAGCGCGCGG
C*04:01:21,GCTCCCACTCCATGAGGTATTTCTCCACATCCGTGTCCTGGCCCGGCCGCGGGGAGCCCCGCTTCATCGCAGTGGGCTACGTGGACGACACGCAGTTCGTGCGGTTCGACAGCGACGCCGCGAGTCCAAGAGGAGAGCCGCGGGAGCCGTGGGTGGAGCAGGAGGGGCCGGAGTATTGGGACCGGGAGACACAGAAGTACAAGCGCCAGGCACAGGCTGACCGAGTGAACCTGCGGAAACTGCGCGGCTACTACAACCAGAGCGAGGACG,GGTCTCACACCCTCCAGAGGATGTTTGGCTGCGACCTGGGGCCGGACGGGCGCCTCCTCCGCGGGTATAACCAGTTCGCCTACGACGGCAAGGATTACATCGCCCTGAACGAGGATCTGCGCTCCTGGACCGCCGCGGACACGGCGGCTCAGATCACCCAGCGCAAGTGGGAGGCGGCCCGTGAGGCGGAGCAGCGGAGAGCCTACCTGGAGGGCACGTGCGTGGAGTGGCTCCGCAGATACCTGGAGAACGGGAAGGAGACGCTGCAGCGCGCGG
C*04:01:22,GCTCCCACTCCATGAGGTATTTCTCCACATCCGTGTCCTGGCCCGGCCGCGGGGAGCCCCGCTTCATCGCAGTGGGCTACGTGGACGACACGCAGTTCGTGCGGTTCGACAGCGACGCCGCGAGTCCAAGAGGGGAGCCGCGGGAGCCGTGGGTGGAGCAGGAGGGGCCGGAGTATTGGGACCGGGAGACACAGAAGTACAAGCGCCAGGCACAGGCTGACCGAGTGAACCTGCGGAAACTGCGCGGCTACTACAACCAGAGCGAGGACG,GGTCTCACACCCTCCAGAGGATGTTTGGCTGCGACCTGGGGCCGGACGGGCGCCTCCTCCGCGGGTATAACCAGTTCGCCTACGACGGCAAGGATTACATCGCTCTGAACGAGGATCTGCGCTCCTGGACCGCCGCGGACACGGCGGCTCAGATCACCCAGCGCAAGTGGGAGGCGGCCCGTGAGGCGGAGCAGCGGAGAGCCTACCTGGAGGGCACGTGCGTGGAGTGGCTCCGCAGATACCTGGAGAACGGGAAGGAGACGCTGCAGCGCGCGG
C*04:01:23,GCTCCCACTCCATGAGGTATTTCTCCACATCCGTGTCCTGGCCCGGCCGCGGGGAGCCCCGCTTCATCGCAGTGGGCTACGTGGACGACACGCAGTTCGTGCGGTTCGACAGCGACGCCGCGAGTCCGAGAGGGGAGCCGCGGGAGCCGTGGGTGGAGCAGGAGGGGCCGGAGTATTGGGACCGGGAGACACAGAAGTACAAGCGCCAGGCACAGGCTGACCGAGTGAACCTGCGGAAACTGCGCGGCTACTACAACCAGAGCGAGGACG,GGTCTCACACCCTCCAGAGGATGTTTGGCTGCGACCTGGGGCCGGACGGGCGCCTCCTCCGCGGGTATAACCAGTTCGCCTACGACGGCAAGGATTACATCGCCCTGAACGAGGATCTGCGCTCCTGGACCGCCGCGGACACGGCGGCTCAGATCACCCAGCGCAAGTGGGAGGCGGCCCGTGAGGCGGAGCAGCGGAGAGCCTACCTGGAGGGCACGTGCGTGGAGTGGCTCCGCAGATACCTGGAGAACGGGAAGGAGACGCTGCAGCGCGCGG
C*04:01:24,GCTCCCACTCCATGAGGTATTTCTCCACATCCGTGTCCTGGCCCGGCCGCGGGGAGCCCCGCTTCATCGCAGTGGGCTACGTGGACGACACGCAGTTCGTGCGGTTCGACAGCGACGCCGCGAGTCCAAGAGGGGAGCCGCGGGAGCCGTGGGTGGAGCAGGAGGGGCCGGAGTATTGGGACCGGGAGACACAGAAGTACAAGCGCCAGGCACAGGCTGACCGAGTGAACCTGCGGAAACTGCGCGGCTACTACAACCAGAGCGAGGACG,GGTCTCACACTCTCCAGAGGATGTTTGGCTGCGACCTGGGGCCGGACGGGCGCCTCCTCCGCGGGTATAACCAGTTCGCCTACGACGGCAAGGATTACATCGCCCTGAACGAGGATCTGCGCTCCTGGACCGCCGCGGACACGGCGGCTCAGATCACCCAGCGCAAGTGGGAGGCGGCCCGTGAGGCGGAGCAGCGGAGAGCCTACCTGGAGGGCACGTGCGTGGAGTGGCTCCGCAGATACCTGGAGAACGGGAAGGAGACGCTGCAGCGCGCGG
C*04:01:25,GCTCCCACTCCATGAGGTATTTCTCCACATCCGTGTCCTGGCCCGGCCGCGGGGAGCCCCGCTTCATCGCAGTGGGCTACGTGGACGACACGCAGTTCGTGCGGTTCGACAGCGACGCCGCGAGTCCAAGAGGGGAGCCGCGGGAGCCGTGGGTGGAGCAGGAGGGGCCGGAGTATTGGGACCGGGAGACACAGAAGTACAAGCGCCAGGCACAGGCTGACCGAGTGAACCTGCGGAAACTGCGCGGCTACTACAACCAGAGCGAGGACG,GGTCTCACACCCTCCAGAGGATGTTTGGCTGCGACCTGGGGCCGGACGGGCGCCTCCTCCGCGGGTATAACCAGTTCGCCTACGACGGCAAGGATTACATCGCCCTGAACGAGGATCTGCGCTCCTGGACCGCCGCGGACACGGCGGCTCAGATCACCCAGCGCAAGTGGGAGGCGGCCCGTGAGGCAGAGCAGCGGAGAGCCTACCTGGAGGGCACGTGCGTGGAGTGGCTCCGCAGATACCTGGAGAACGGGAAGGAGACGCTGCAGCGCGCGG
C*04:01:26,GCTCCCACTCCATGAGGTATTTCTCCACATCCGTGTCCTGGCCCGGCCGCGGGGAGCCCCGCTTCATCGCAGTGGGCTACGTGGACGACACGCAGTTCGTGCGGTTCGACAGCGACGCCGCGAGTCCAAGAGGGGAGCCGCGGGAGCCGTGGGTGGAGCAGGAGGGGCCGGAGTATTGGGACCGGGAGACACAGAAGTACAAGCGCCAGGCACAGGCTGACCGAGTGAACCTGCGGAAACTGCGCGGCTACTACAACCAGAGCGAGGACG,GGTCTCACACCCTCCAGAGGATGTTTGGCTGCGACCTGGGGCCGGACGGGCGCCTCCTCCGCGGGTATAACCAGTTCGCCTACGACGGCAAGGATTACATCGCCCTGAACGAAGATCTGCGCTCCTGGACCGCCGCGGACACGGCGGCTCAGATCACCCAGCGCAAGTGGGAGGCGGCCCGTGAGGCGGAGCAGCGGAGAGCCTACCTGGAGGGCACGTGCGTGGAGTGGCTCCGCAGATACCTGGAGAACGGGAAGGAGACGCTGCAGCGCGCGG
C*04:01:27,GCTCCCACTCCATGAGGTATTTCTCCACATCCGTGTCCTGGCCCGGCCGCGGGGAGCCCCGCTTCATCGCAGTGGGCTACGTGGACGACACGCAGTTCGTGCGGTTCGACAGCGACGCCGCGAGTCCAAGAGGGGAGCCGCGGGAGCCGTGGGTGGAGCAGGAGGGGCCGGAGTATTGGGACCGGGAGACACAGAAGTACAAGCGCCAGGCACAGGCTGACCGAGTGAACCTGCGGAAACTGCGCGGCTACTACAACCAAAGCGAGGACG,GGTCTCACACCCTCCAGAGGATGTTTGGCTGCGACCTGGGGCCGGACGGGCGCCTCCTCCGCGGGTATAACCAGTTCGCCTACGACGGCAAGGATTACATCGCCCTGAACGAGGATCTGCGCTCCTGGACCGCCGCGGACACGGCGGCTCAGATCACCCAGCGCAAGTGGGAGGCGGCCCGTGAGGCGGAGCAGCGGAGAGCCTACCTGGAGGGCACGTGCGTGGAGTGGCTCCGCAGATACCTGGAGAACGGGAAGGAGACGCTGCAGCGCGCGG
C*04:01:28,GCTCCCACTCCATGAGGTATTTCTCCACATCGGTGTCCTGGCCCGGCCGCGGGGAGCCCCGCTTCATCGCAGTGGGCTACGTGGACGACACGCAGTTCGTGCGGTTCGACAGCGACGCCGCGAGTCCAAGAGGGGAGCCGCGGGAGCCGTGGGTGGAGCAGGAGGGGCCGGAGTATTGGGACCGGGAGACACAGAAGTACAAGCGCCAGGCACAGGCTGACCGAGTGAACCTGCGGAAACTGCGCGGCTACTACAACCAGAGCGAGGACG,GGTCTCACACCCTCCAGAGGATGTTTGGCTGCGACCTGGGGCCGGACGGGCGCCTCCTCCGCGGGTATAACCAGTTCGCCTACGACGGCAAGGATTACATCGCCCTGAACGAGGATCTGCGCTCCTGGACCGCCGCGGACACGGCGGCTCAGATCACCCAGCGCAAGTGGGAGGCGGCCCGTGAGGCGGAGCAGCGGAGAGCCTACCTGGAGGGCACGTGCGTGGAGTGGCTCCGCAGATACCTGGAGAACGGGAAGGAGACGCTGCAGCGCGCGG
C*04:01:29,GCTCCCACTCCATGAGGTATTTCTCCACATCCGTGTCCTGGCCCGGCCGCGGGGAGCCCCGCTTCATCGCAGTGGGCTACGTGGACGACACGCAGTTCGTGCGGTTCGACAGCGACGCCGCGAGTCCAAGAGGGGAGCCGCGGGAGCCGTGGGTGGAGCAGGAGGGGCCGGAGTATTGGGACCGGGAGACACAGAAGTACAAGCGCCAGGCACAGGCTGACCGAGTGAACTTGCGGAAACTGCGCGGCTACTACAACCAGAGCGAGGACG,GGTCTCACACCCTCCAGAGGATGTTTGGCTGCGACCTGGGGCCGGACGGGCGCCTCCTCCGCGGGTATAACCAGTTCGCCTACGACGGCAAGGATTACATCGCCCTGAACGAGGATCTGCGCTCCTGGACCGCCGCGGACACGGCGGCTCAGATCACCCAGCGCAAGTGGGAGGCGGCCCGTGAGGCGGAGCAGCGGAGAGCCTACCTGGAGGGCACGTGCGTGGAGTGGCTCCGCAGATACCTGGAGAACGGGAAGGAGACGCTGCAGCGCGCGG
C*04:01:30,GCTCCCACTCCATGAGGTATTTCTCCACATCCGTGTCCTGGCCCGGCCGCGGGGAGCCCCGCTTCATCGCAGTGGGCTACGTGGACGACACGCAGTTCGTGCGGTTCGACAGCGACGCCGCGAGTCCAAGAGGGGAGCCGCGGGAGCCGTGGGTGGAGCAGGAGGGGCCGGAGTATTGGGACCGGGAGACACAGAAGTACAAGCGCCAGGCACAGGCTGACCGAGTGAACCTGCGGAAACTGCGCGGCTACTACAACCAGAGCGAGGACG,GGTCTCACACCCTCCAGAGGATGTTTGGCTGCGACCTGGGGCCCGACGGGCGCCTCCTCCGCGGGTATAACCAGTTCGCCTACGACGGCAAGGATTACATCGCCCTGAACGAGGATCTGCGCTCCTGGACCGCCGCGGACACGGCGGCTCAGATCACCCAGCGCAAGTGGGAGGCGGCCCGTGAGGCGGAGCAGCGGAGAGCCTACCTGGAGGGCACGTGCGTGGAGTGGCTCCGCAGATACCTGGAGAACGGGAAGGAGACGCTGCAGCGCGCGG
C*04:01:31,GCTCCCACTCCATGAGGTATTTCTCCACATCCGTGTCCTGGCCCGGCCGCGGGGAGCCCCGCTTCATCGCAGTGGGCTACGTGGACGACACGCAGTTCGTGCGGTTCGACAGCGACGCCGCGAGTCCAAGAGGGGAGCCGCGGGAGCCGTGGGTGGAGCAGGAGGGGCCGGAGTATTGGGACCGGGAGACACAGAAGTACAAGCGCCAGGCACAGGCTGACCGAGTGAACCTGCGGAAACTGCGCGGCTACTACAACCAGAGCGAGGACG,GGTCTCACACCCTCCAGAGGATGTTTGGCTGCGACCTGGGGCCGGACGGGCGCCTCCTCCGCGGGTATAACCAGTTCGCCTACGACGGTAAGGATTACATCGCCCTGAACGAGGATCTGCGCTCCTGGACCGCCGCGGACACGGCGGCTCAGATCACCCAGCGCAAGTGGGAGGCGGCCCGTGAGGCGGAGCAGCGGAGAGCCTACCTGGAGGGCACGTGCGTGGAGTGGCTCCGCAGATACCTGGAGAACGGGAAGGAGACGCTGCAGCGCGCGG
C*04:01:32,GCTCCCACTCCATGAGGTATTTCTCCACATCCGTGTCCTGGCCCGGCCGCGGGGAGCCCCGCTTCATCGCAGTGGGCTACGTGGACGACACGCAGTTCGTGCGGTTCGACAGCGACGCCGCGAGTCCAAGAGGGGAGCCGCGGGAGCCGTGGGTGGAGCAGGAGGGGCCGGAGTATTGGGACCGGGAGACACAGAAGTACAAGCGCCAGGCACAGGCTGACCGAGTGAACCTGCGGAAACTGCGCGGCTACTACAACCAGAGCGAGGACG,GGTCTCACACCCTCCAGAGGATGTTTGGCTGCGACCTGGGGCCGGACGGGCGCCTCCTCCGCGGGTATAACCAGTTCGCCTACGACGGCAAGGATTACATCGCCCTGAACGAGGATCTGCGCTCCTGGACCGCCGCGGACACGGCGGCTCAGATCACTCAGCGCAAGTGGGAGGCGGCCCGTGAGGCGGAGCAGCGGAGAGCCTACCTGGAGGGCACGTGCGTGGAGTGGCTCCGCAGATACCTGGAGAACGGGAAGGAGACGCTGCAGCGCGCGG
C*04:01:33,GCTCCCACTCCATGAGGTATTTCTCCACATCCGTGTCCTGGCCCGGCCGCGGGGAGCCCCGCTTCATCGCAGTGGGCTACGTGGACGACACGCAGTTCGTGCGGTTCGACAGCGACGCCGCGAGTCCAAGAGGGGAGCCGCGGGAGCCGTGGGTGGAGCAGGAGGGGCCGGAGTATTGGGACCGGGAGACACAGAAGTACAAGCGCCAGGCACAGGCTGACCGAGTGAACCTGCGGAAACTGCGCGGCTACTACAACCAGAGCGAGGACG,GGTCTCACACCCTCCAGAGGATGTTTGGCTGCGACCTGGGGCCGGACGGGCGCCTCCTCCGCGGGTATAACCAGTTCGCCTACGACGGCAAGGATTACATCGCCCTGAACGAGGATCTACGCTCCTGGACCGCCGCGGACACGGCGGCTCAGATCACCCAGCGCAAGTGGGAGGCGGCCCGTGAGGCGGAGCAGCGGAGAGCCTACCTGGAGGGCACGTGCGTGGAGTGGCTCCGCAGATACCTGGAGAACGGGAAGGAGACGCTGCAGCGCGCGG
C*04:01:34,GCTCCCACTCCATGAGGTATTTCTCCACATCCGTGTCCTGGCCCGGCCGCGGGGAGCCCCGCTTCATCGCAGTGGGCTACGTGGACGACACGCAGTTCGTGCGGTTCGACAGCGACGCCGCGAGTCCAAGAGGGGAGCCGCGGGAGCCGTGGGTGGAGCAGGAGGGGCCGGAGTATTGGGACCGGGAGACACAGAAGTACAAGCGCCAGGCACAGGCTGACCGAGTGAACCTGCGGAAACTGCGCGGCTACTACAACCAGAGCGAGGACG,GGTCTCACACCCTCCAGAGGATGTTTGGCTGCGACCTGGGGCCGGACGGGCGCCTCCTCCGCGGGTATAACCAGTTCGCCTACGACGGCAAGGATTACATCGCCCTGAACGAGGATCTGCGCTCCTGGACCGCCGCGGACACGGCGGCTCAGATCACCCAGCGCAAGTGGGAGGCGGCCCGTGAGGCGGAGCAGCGGAGAGCGTACCTGGAGGGCACGTGCGTGGAGTGGCTCCGCAGATACCTGGAGAACGGGAAGGAGACGCTGCAGCGCGCGG
C*04:01:35,GCTCCCACTCCATGAGGTATTTCTCCACATCCGTGTCCTGGCCCGGCCGCGGGGAGCCCCGCTTCATCGCAGTGGGATACGTGGACGACACGCAGTTCGTGCGGTTCGACAGCGACGCCGCGAGTCCAAGAGGGGAGCCGCGGGAGCCGTGGGTGGAGCAGGAGGGGCCGGAGTATTGGGACCGGGAGACACAGAAGTACAAGCGCCAGGCACAGGCTGACCGAGTGAACCTGCGGAAACTGCGCGGCTACTACAACCAGAGCGAGGACG,GGTCTCACACCCTCCAGAGGATGTTTGGCTGCGACCTGGGGCCGGACGGGCGCCTCCTCCGCGGGTATAACCAGTTCGCCTACGACGGCAAGGATTACATCGCCCTGAACGAGGATCTGCGCTCCTGGACCGCCGCGGACACGGCGGCTCAGATCACCCAGCGCAAGTGGGAGGCGGCCCGTGAGGCGGAGCAGCGGAGAGCCTACCTGGAGGGCACGTGCGTGGAGTGGCTCCGCAGATACCTGGAGAACGGGAAGGAGACGCTGCAGCGCGCGG
C*04:01:36,GCTCCCACTCCATGAGGTATTTCTCCACATCCGTGTCCTGGCCCGGCCGCGGGGAGCCCCGCTTCATCGCAGTGGGCTACGTGGACGACACGCAGTTCGTGCGGTTCGACAGCGACGCCGCGAGTCCAAGAGGGGAGCCGCGGGAGCCGTGGGTGGAGCAGGAGGGGCCGGAGTATTGGGACCGGGAGACACAGAAGTACAAGCGCCAGGCACAGGCTGACCGAGTGAACCTGCGGAAACTGCGCGGCTACTACAACCAGAGCGAGGACG,GGTCTCACACCCTCCAGAGGATGTTTGGCTGCGACCTGGGGCCGGACGGGCGCCTCCTGCGCGGGTATAACCAGTTCGCCTACGACGGCAAGGATTACATCGCCCTGAACGAGGATCTGCGCTCCTGGACCGCCGCGGACACGGCGGCTCAGATCACCCAGCGCAAGTGGGAGGCGGCCCGTGAGGCGGAGCAGCGGAGAGCCTACCTGGAGGGCACGTGCGTGGAGTGGCTCCGCAGATACCTGGAGAACGGGAAGGAGACGCTGCAGCGCGCGG
C*04:01:37,GCTCCCACTCTATGAGGTATTTCTCCACATCCGTGTCCTGGCCCGGCCGCGGGGAGCCCCGCTTCATCGCAGTGGGCTACGTGGACGACACGCAGTTCGTGCGGTTCGACAGCGACGCCGCGAGTCCAAGAGGGGAGCCGCGGGAGCCGTGGGTGGAGCAGGAGGGGCCGGAGTATTGGGACCGGGAGACACAGAAGTACAAGCGCCAGGCACAGGCTGACCGAGTGAACCTGCGGAAACTGCGCGGCTACTACAACCAGAGCGAGGACG,GGTCTCACACCCTCCAGAGGATGTTTGGCTGCGACCTGGGGCCGGACGGGCGCCTCCTCCGCGGGTATAACCAGTTCGCCTACGACGGCAAGGATTACATCGCCCTGAACGAGGATCTGCGCTCCTGGACCGCCGCGGACACGGCGGCTCAGATCACCCAGCGCAAGTGGGAGGCGGCCCGTGAGGCGGAGCAGCGGAGAGCCTACCTGGAGGGCACGTGCGTGGAGTGGCTCCGCAGATACCTGGAGAACGGGAAGGAGACGCTGCAGCGCGCGG
C*04:01:38,GCTCCCACTCCATGAGGTATTTCTCCACATCCGTGTCCTGGCCCGGCCGCGGGGAGCCCCGCTTCATCGCAGTGGGCTACGTGGACGACACGCAGTTCGTGCGGTTCGACAGCGACGCCGCGAGTCCAAGAGGGGAGCCGCGGGAGCCGTGGGTGGAGCAGGAGGGGCCGGAGTATTGGGACCGGGAGACACAGAAGTACAAGCGCCAGGCACAGGCTGACCGAGTGAACCTGCGGAAACTGCGCGGCTACTACAACCAGAGCGAGGACG,GGTCTCACACCCTCCAGAGGATGTTTGGCTGCGACCTGGGGCCGGACGGGCGCCTCCTCCGCGGGTATAACCAGTTCGCCTACGACGGCAAGGATTACATCGCCCTGAACGAGGATCTGCGCTCCTGGACAGCCGCGGACACGGCGGCTCAGATCACCCAGCGCAAGTGGGAGGCGGCCCGTGAGGCGGAGCAGCGGAGAGCCTACCTGGAGGGCACGTGCGTGGAGTGGCTCCGCAGATACCTGGAGAACGGGAAGGAGACGCTGCAGCGCGCGG
C*04:01:39,GCTCCCACTCCATGAGGTATTTCTCCACATCTGTGTCCTGGCCCGGCCGCGGGGAGCCCCGCTTCATCGCAGTGGGCTACGTGGACGACACGCAGTTCGTGCGGTTCGACAGCGACGCCGCGAGTCCAAGAGGGGAGCCGCGGGAGCCGTGGGTGGAGCAGGAGGGGCCGGAGTATTGGGACCGGGAGACACAGAAGTACAAGCGCCAGGCACAGGCTGACCGAGTGAACCTGCGGAAACTGCGCGGCTACTACAACCAGAGCGAGGACG,GGTCTCACACCCTCCAGAGGATGTTTGGCTGCGACCTGGGGCCGGACGGGCGCCTCCTCCGCGGGTATAACCAGTTCGCCTACGACGGCAAGGATTACATCGCCCTGAACGAGGATCTGCGCTCCTGGACCGCCGCGGACACGGCGGCTCAGATCACCCAGCGCAAGTGGGAGGCGGCCCGTGAGGCGGAGCAGCGGAGAGCCTACCTGGAGGGCACGTGCGTGGAGTGGCTCCGCAGATACCTGGAGAACGGGAAGGAGACGCTGCAGCGCGCGG
C*04:01:40,GCTCCCACTCCATGAGGTATTTCTCCACATCCGTGTCCTGGCCCGGCCGCGGGGAGCCCCGCTTCATCGCAGTGGGCTACGTGGACGACACGCAGTTCGTGCGGTTCGACAGCGACGCCGCGAGTCCAAGAGGGGAGCCGCGGGAGCCGTGGGTGGAGCAGGAGGGGCCGGAGTATTGGGACCGGGAGACACAGAAGTACAAGCGCCAGGCACAGGCTGACCGAGTGAACCTGCGGAAACTGCGCGGCTACTACAACCAGAGCGAGGACG,GGTCTCACACCCTCCAGAGGATGTTTGGCTGCGACCTGGGGCCGGACGGGCGCCTCCTCCGCGGGTATAACCAGTTCGCCTACGACGGCAAGGATTACATCGCCCTGAACGAGGATCTGCGCTCCTGGACCGCCGCGGACACGGCGGCTCAGATTACCCAGCGCAAGTGGGAGGCGGCCCGTGAGGCGGAGCAGCGGAGAGCCTACCTGGAGGGCACGTGCGTGGAGTGGCTCCGCAGATACCTGGAGAACGGGAAGGAGACGCTGCAGCGCGCGG
C*04:01:41,GCTCCCACTCCATGAGGTATTTCTCCACATCCGTGTCCTGGCCCGGCCGCGGGGAGCCCCGCTTCATCGCAGTGGGCTACGTGGACGACACGCAGTTCGTGCGGTTCGACAGCGACGCCGCGAGTCCAAGAGGGGAGCCGCGGGAGCCGTGGGTGGAGCAGGAGGGGCCGGAGTATTGGGACCGGGAGACACAGAAGTACAAGCGCCAGGCACAGGCTGACCGAGTGAACCTGCGGAAACTGCGCGGCTACTACAACCAGAGCGAGGACG,GGTCTCACACCCTCCAGAGGATGTTTGGCTGCGACCTGGGGCCGGACGGGCGCCTCCTCCGCGGGTATAACCAGTTCGCCTACGACGGCAAGGATTACATCGCCCTGAACGAGGATCTGCGCTCCTGGACCGCGGCGGACACGGCGGCTCAGATCACCCAGCGCAAGTGGGAGGCGGCCCGTGAGGCGGAGCAGCGGAGAGCCTACCTGGAGGGCACGTGCGTGGAGTGGCTCCGCAGATACCTGGAGAACGGGAAGGAGACGCTGCAGCGCGCGG
C*04:03,GCTCCCACTCCATGAGGTATTTCTACACCGCTGTGTCCCGGCCCAGCCGCGGAGAGCCCCACTTCATCGCAGTGGGCTACGTGGACGACACGCAGTTCGTGCGGTTCGACAGCGACGCCGCGAGTCCAAGAGGGGAGCCGCGGGCGCCGTGGGTGGAGCAGGAGGGGCCGGAGTATTGGGACCGGGAGACACAGAAGTACAAGCGCCAGGCACAGGCTGACCGAGTGAACCTGCGGAAACTGCGCGGCTACTACAACCAGAGCGAGGACG,GGTCTCACACCCTCCAGAGGATGTTTGGCTGCGACCTGGGGCCGGACGGGCGCCTCCTCCGCGGGTATAACCAGTTCGCCTACGACGGCAAGGATTACATCGCCCTGAACGAGGATCTGCGCTCCTGGACCGCCGCGGACACGGCGGCTCAGATCACCCAGCGCAAGTGGGAGGCGGCCCGTGAGGCGGAGCAGCGGAGAGCCTACCTGGAGGGCACGTGCGTGGAGTGGCTCCGCAGATACCTGGAGAACGGGAAGGAGACGCTGCAGCGCGCGG
C*04:04:01,GCTCCCACTCCATGAGGTATTTCTCCACATCCGTGTCCTGGCCCGGCCGCGGGGAGCCCCGCTTCATCGCAGTGGGCTACGTGGACGACACGCAGTTCGTGCGGTTCGACAGCGACGCCGCGAGTCCAAGAGGGGAGCCGCGGGAGCCGTGGGTGGAGCAGGAGGGGCCGGAGTATTGGGACCGGGAGACACAGAAGTACAAGCGCCAGGCACAGGCTGACCGAGTGAACCTGCGGAAACTGCGCGGCTACTACAACCAGAGCGAGGACG,GGTCTCACACCCTCCAGAGGATGTTTGGCTGCGACCTGGGGCCGGACGGGCGCCTCCTCCGCGGGTATAACCAGTTCGCCTACGACGGCAAGGATTACATCGCCCTGAACGAGGATCTGCGCTCCTGGACCGCCGCGGACACGGCGGCTCAGATCACCCAGCGCAAGTGGGAGGCGGCCCGTGAGGCGGAGCAGCTGAGAGCCTACCTGGAGGGCACGTGCGTGGAGTGGCTCCGCAGATACCTGGAGAACGGGAAGGAGACGCTGCAGCGCGCGG
C*04:04:02,GCTCCCACTCCATGAGGTATTTCTCCACATCCGTGTCCTGGCCCGGCCGCGGGGAGCCCCGCTTCATCGCAGTGGGCTACGTGGACGACACGCAGTTCGTGCGGTTCGACAGCGACGCCGCGAGTCCAAGAGGGGAGCCGCGGGAGCCGTGGGTGGAGCAGGAGGGGCCGGAGTATTGGGACCGGGAGACACAGAAGTACAAGCGCCAGGCACAGGCTGACCGAGTGAACCTGCGGAAACTGCGCGGCTACTACAACCAGAGCGAGGACG,GGTCTCACACCCTCCAGAGGATGTTTGGCTGCGACCTGGGGCCGGACGGGCGCCTCCTCCGCGGGTATAACCAGTTCGCCTACGACGGCAAGGATTACATCGCCCTGAACGAGGACCTGCGCTCCTGGACCGCCGCGGACACGGCGGCTCAGATCACCCAGCGCAAGTGGGAGGCGGCCCGTGAGGCGGAGCAGCTGAGAGCCTACCTGGAGGGCACGTGCGTGGAGTGGCTCCGCAGATACCTGGAGAACGGGAAGGAGACGCTGCAGCGCGCGG
C*04:05,GCTCCCACTCCATGAGGTATTTCTCCACATCCGTGTCCTGGCCCGGCCGCGGGGAGCCCCGCTTCATCGCAGTGGGCTACCTGGACGACACGCAGTTCGTGCGGTTCGACAGCGACGCCGCGAGTCCAAGAGGGGAGCCGCGGGAGCCGTGGGTGGAGCAGGAGGGGCCGGAGTATTGGGACCGGGAGACACAGAAGTACAAGCGCCAGGCACAGGCTGACCGAGTGAACCTGCGGAAACTGCGCGGCTACTACAACCAGAGCGAGGACG,GGTCTCACACCCTCCAGAGGATGTTTGGCTGCGACCTGGGGCCGGACGGGCGCCTCCTCCGCGGGTATAACCAGTTCGCCTACGACGGCAAGGATTACATCGCCCTGAACGAGGATCTGCGCTCCTGGACCGCCGCGGACACGGCGGCTCAGATCACCCAGCGCAAGTGGGAGGCGGCCCGTGAGGCGGAGCAGCGGAGAGCCTACCTGGAGGGCACGTGCGTGGAGTGGCTCCGCAGATACCTGGAGAACGGGAAGGAGACGCTGCAGCGCGCGG
C*04:06,GCTCCCACTCCATGAGGTATTTCTACACCGCTGTGTCCCGGCCCAGCCGCGGAGAGCCCCACTTCATCGCAGTGGGCTACGTGGACGACACGCAGTTCGTGCGGTTCGACAGCGACGCCGCGAGTCCAAGAGGGGAGCCGCGGGCGCCGTGGGTGGAGCAGGAGGGGCCGGAGTATTGGGACCGGGAGACACAGAAGTACAAGCGCCAGGCACAGGCTGACCGAGTGAACCTGCGGAAACTGCGCGGCTACTACAACCAGAGCGAGGACG,GGTCTCACACCCTCCAGAGGATGTTTGGCTGCGACCTGGGGCCGGACGGGCGCCTCCTCCGCGGGTATAACCAGTTCGCCTACGACGGCAAGGATTACATCGCCCTGAACGAGGATCTGCGCTCCTGGACCGCCGCGGACACGGCGGCTCAGATCACCCAGCGCAAGTGGGAGGCGGCCCGTGAGGCGGAGCAGCTGAGAGCCTACCTGGAGGGCACGTGCGTGGAGTGGCTCCGCAGATACCTGGAGAACGGGAAGGAGACGCTGCAGCGCGCGG
C*04:07,GCTCCCACTCCATGAGGTATTTCTCCACATCCGTGTCCTGGCCCGGCCGCGGGGAGCCCCGCTTCATCGCAGTGGGCTACGTGGACGACACGCAGTTCGTGCGGTTCGACAGCGACGCCGCGAGTCCAAGAGGGGAGCCGCGGGCGCCGTGGGTGGAGCAGGAGGGGCCGGAGTATTGGGACCGGGAGACACAGAAGTACAAGCGCCAGGCACAGGCTGACCGAGTGAACCTGCGGAAACTGCGCGGCTACTACAACCAGAGCGAGGACG,GGTCTCACACCCTCCAGAGGATGTTTGGCTGCGACCTGGGGCCGGACGGGCGCCTCCTCCGCGGGTATAACCAGTTCGCCTACGACGGCAAGGATTACATCGCCCTGAACGAGGATCTGCGCTCCTGGACCGCCGCGGACACGGCGGCTCAGATCACCCAGCGCAAGTGGGAGGCGGCCCGTGAGGCGGAGCAGCGGAGAGCCTACCTGGAGGGCACGTGCGTGGAGTGGCTCCGCAGATACCTGGAGAACGGGAAGGAGACGCTGCAGCGCGCGG
C*04:08,GCTCCCACTCCATGAGGTATTTCTCCACATCCGTGTCCTGGCCCGGCCGCGGGGAGCCCCGCTTCATCGCAGTGGGCTACGTGGACGACACGCAGTTCGTGCGGTTCGACAGCGACGCCGCGAGTCCAAGAGGGGAGCCGCGGGAGCCGTGGGTGGAGCAGGAGGGGCCGGAGTATTGGGACCGGGAGACACAGAAGTACAAGCGCCAGGCACAGGCTGACCGAGTGAACCTGCGGAAACTGCGCGGCTACTACAACCAGAGCGAGGACG,GGTCTCACACCCTCCAGAGGATGTTTGGCTGCGACCTGGGGCCGGACGGGCGCCTCCTCCGCGGGTATAACCAGTTCGCCTACGACGGCAAGGATTACATCGCCCTGAACGAGGATCTGCGCTCCTGGACCGCCGCGGACACGGCGGCTCAGATCACCCAGCGCAAGTGGGAGGCGGCCCGTGAGGCGGAGCAGCGGAGAGCCTACCTGGAGGGCCTGTGCGTGGAGTGGCTCCGCAGATACCTGGAGAACGGGAAGGAGACGCTGCAGCGCGCGG
C*04:10,GCTCCCACTCCATGAGGTATTTCTCCACATCCGTGTCCTGGCCCGGCCGCGGGGAGCCCCGCTTCATCGCAGTGGGCTACGTGGACGACACGCAGTTCGTGCGGTTCGACAGCGACGCCGCGAGTCCAAGAGGGGAGCCGCGGGAGCCGTGGGTGGAGCAGGAGGGGCCGGAGTATTGGGACCGGGAGACACAGAAGTACAAGCGCCAGGCACAGACTGACCGAGTGAACCTGCGGAAACTGCGCGGCTACTACAACCAGAGCGAGGACG,GGTCTCACACCCTCCAGAGGATGTTTGGCTGCGACCTGGGGCCGGACGGGCGCCTCCTCCGCGGGTATAACCAGTTCGCCTACGACGGCAAGGATTACATCGCCCTGAACGAGGATCTGCGCTCCTGGACCGCCGCGGACACGGCGGCTCAGATCACCCAGCGCAAGTGGGAGGCGGCCCGTGAGGCGGAGCAGCGGAGAGCCTACCTGGAGGGCACGTGCGTGGAGTGGCTCCGCAGATACCTGGAGAACGGGAAGGAGACGCTGCAGCGCGCGG
C*04:11,GCTCCCACTCCATGAGGTATTTCTCCACATCCGTGTCCTGGCCCGGCCGCGGGGAGCCCCGCTTCATCGCAGTGGGCTACGTGGACGACACGCAGTTCGTGCGGTTCGACAGCGACGCCGCGAGTCCAAGAGGGGAGCCGCGGGAGCCGTGGGTGGAGCAGGAGGGGCCGGAGTATTGGGACCGGGAGACACAGAAGTACAAGCGCCAGGCACAGACTGACCGAGTGAGCCTGCGGAACCTGCGCGGCTACTACAACCAGAGCGAGGCCG,GGTCTCACACCCTCCAGAGGATGTTTGGCTGCGACCTGGGGCCGGACGGGCGCCTCCTCCGCGGGTATAACCAGTTCGCCTACGACGGCAAGGATTACATCGCCCTGAACGAGGATCTGCGCTCCTGGACCGCCGCGGACACGGCGGCTCAGATCACCCAGCGCAAGTGGGAGGCGGCCCGTGAGGCGGAGCAGCGGAGAGCCTACCTGGAGGGCACGTGCGTGGAGTGGCTCCGCAGATACCTGGAGAACGGGAAGGAGACGCTGCAGCGCGCGG
C*04:12,GCTCCCACTCCATGAGGTATTTCTCCACATCCGTGTCCTGGCCCGGCCGCGGGGAGCCCCGCTTCATCGCAGTGGGCTACGTGGACGACACGCAGTTCGTGCGGTTCGACAGCGACGCCGCGAGTCCAAGAGGGGAGCCGCGGGAGCCGTGGGTGGAGCAGGAGGGGCCGGAGTATTGGGACCGGGAGACACAGAAGTACAAGCGCCAGGCACAGGCTGACGGAGTGAACCTGCGGAAACTGCGCGGCTACTACAACCAGAGCGAGGACG,GGTCTCACACCCTCCAGAGGATGTTTGGCTGCGACCTGGGGCCGGACGGGCGCCTCCTCCGCGGGTATAACCAGTTCGCCTACGACGGCAAGGATTACATCGCCCTGAACGAGGATCTGCGCTCCTGGACCGCCGCGGACACGGCGGCTCAGATCACCCAGCGCAAGTGGGAGGCGGCCCGTGAGGCGGAGCAGCGGAGAGCCTACCTGGAGGGCACGTGCGTGGAGTGGCTCCGCAGATACCTGGAGAACGGGAAGGAGACGCTGCAGCGCGCGG
C*04:13,GCTCCCACTCCATGAGGTATTTCTCCACATCCGTGTCCTGGCCCGGCCGCGGGGAGCCCCGCTTCATCGCAGTGGGCTACGTGGACGACACGCAGTTCGTGCGGTTCGACAGCGACGCCGCGAGTCCAAGAGGGGAGCCGCGGGAGCCGTGGGTGGAGCAGGAGGGGCCGGAGTATTGGGACCGGGAGACACAGAAGTACAAGCGCCAGGCACAGGCTGACCGAGTGAACCTGCGGAAACTGCGCGGCTACTACAACCAGAGCGAGGACG,GGTCTCACACCCTCCAGAGGATGTTTGGCTGCGACCTGGGGCCGGACGGGCGCCTCCTCCGCGGGTATAACCAGTTCGCCTACGACGGCAAGGATTACATCGCCCTGAACGAGGATCTGCGCTCCTGGACCGCCGCGGACACGGCGGCTCAGATCACCCAGCGCAAGTGGGAGGCGGCCCGTGCGGCGGAGCAGCTGAGAGCCTACCTGGAGGGCACGTGCGTGGAGTGGCTCCGCAGATACCTGGAGAACGGGAAGGAGACGCTGCAGCGCGCGG
C*04:14,GCTCCCACTCCATGAGGTATTTCTCCACATCCGTGTCCTGGCCCGGCCGCGGGGAGCCCCGCTTCATCGCAGTGGGCTACGTGGACGACACGCAGTTCGTGCGGTTCGACAGCGACGCCGCGAGTCCAAGAGGGGAGCCGCGGGAGCCGTGGGTGGAGCAGGAGGGGCCGGAGTATTGGGACCGGGAGACACAGAAGTACAAGCGCCAGGCACAGGCTGACCGAGTGAACCTGCGGAAACTGCGCGGCTACTACAACCAGAGCGAGGACG,GGTCTCACACCCTCCAGAGGATGTTTGGCTGCGACCTGGGGCCGGACGGGCGCCTCCTCCGCGGGTATAACCAGTTCGCCTACGACGGCAAGGATTACATCGCCCTGAACGAGGATCTGCGCTCCTGGACCGCCGCGGACACGGCGGCTCAGATCACCCAGCGCAAGTGGGAGGCGGCCCGTGAGGCGGAGCAGCAGAGAGCCTACCTGGAGGGCACGTGCGTGGAGTGGCTCCGCAGATACCTGGAGAACGGGAAGGAGACGCTGCAGCGCGCGG
C*04:15:01,GCTCCCACTCCATGAGGTATTTCTCCACATCCGTGTCCTGGCCCGGCCGCGGGGAGCCCCGCTTCATCGCAGTGGGCTACGTGGACGACACGCAGTTCGTGCGGTTCGACAGCGACGCCGCGAGTCCAAGAGGGGAGCCGCGGGAGCCGTGGGTGGAGCAGGAGGGGCCGGAGTATTGGGACCGGGAGACACAGAAGTACAAGCGCCAGGCACAGGCTGACCGAGTGAACCTGCGGAAACTGCGCGGCTACTACAACCAGAGCGAGGACG,GGTCTCACACCCTCCAGAGGATGTACGGCTGCGACCTGGGGCCCGACGGGCGCCTCCTCCGCGGGTATAACCAGTTCGCCTACGACGGCAAGGATTACATCGCCCTGAACGAGGATCTGCGCTCCTGGACCGCCGCGGACACGGCGGCTCAGATCACCCAGCGCAAGTGGGAGGCGGCCCGTGAGGCGGAGCAGCGGAGAGCCTACCTGGAGGGCACGTGCGTGGAGTGGCTCCGCAGATACCTGGAGAACGGGAAGGAGACGCTGCAGCGCGCGG
C*04:15:02,GCTCCCACTCCATGAGGTATTTCTCCACATCCGTGTCCTGGCCCGGCCGCGGGGAGCCCCGCTTCATCGCAGTGGGCTACGTGGACGACACGCAGTTCGTGCGGTTCGACAGCGACGCCGCGAGTCCAAGAGGGGAGCCGCGGGAGCCGTGGGTGGAGCAGGAGGGGCCGGAGTATTGGGACCGGGAGACACAGAAGTACAAGCGCCAGGCACAGGCTGACCGAGTGAACCTGCGGAAACTGCGCGGCTACTACAACCAGAGCGAGGACG,GGTCTCACACCCTCCAGAGGATGTATGGCTGCGACCTGGGGCCGGACGGGCGCCTCCTCCGCGGGTATAACCAGTTCGCCTACGACGGCAAGGATTACATCGCCCTGAACGAGGATCTGCGCTCCTGGACCGCCGCGGACACGGCGGCTCAGATCACCCAGCGCAAGTGGGAGGCGGCCCGTGAGGCGGAGCAGCGGAGAGCCTACCTGGAGGGCACGTGCGTGGAGTGGCTCCGCAGATACCTGGAGAACGGGAAGGAGACGCTGCAGCGCGCGG
C*04:15:03,GCTCCCACTCCATGAGGTATTTCTCCACATCCGTGTCCTGGCCCGGCCGCGGGGAGCCCCGCTTCATCGCAGTGGGCTACGTGGACGACACGCAGTTCGTGCGGTTCGACAGCGACGCCGCGAGTCCAAGAGGGGAGCCGCGGGAGCCGTGGGTGGAGCAGGAGGGGCCGGAGTATTGGGACCGGGAGACACAGAAGTACAAGCGCCAGGCACAGGCTGACCGAGTGAACCTGCGGAAACTGCGCGGCTACTACAACCAGAGCGAGGACG,GGTCTCACACCCTCCAGAGGATGTACGGCTGCGACCTGGGGCCGGACGGGCGCCTCCTCCGCGGGTATAACCAGTTCGCCTACGACGGCAAGGATTACATCGCCCTGAACGAGGATCTGCGCTCCTGGACCGCCGCGGACACGGCGGCTCAGATCACCCAGCGCAAGTGGGAGGCGGCCCGTGAGGCGGAGCAGCGGAGAGCCTACCTGGAGGGCACGTGCGTGGAGTGGCTCCGCAGATACCTGGAGAACGGGAAGGAGACGCTGCAGCGCGCGG
C*04:16,GCTCCCACTCCATGAGGTATTTCTACACCGCTGTGTCCCGGCCCGGCCGCGGGGAGCCCCACTTCATCGCAGTGGGCTACGTGGACGACACGCAGTTCGTGCGGTTCGACAGCGACGCCGCGAGTCCAAGAGGGGAGCCGCGGGAGCCGTGGGTGGAGCAGGAGGGGCCGGAGTATTGGGACCGGGAGACACAGAAGTACAAGCGCCAGGCACAGGCTGACCGAGTGAACCTGCGGAAACTGCGCGGCTACTACAACCAGAGCGAGGACG,GGTCTCACACCCTCCAGAGGATGTTTGGCTGCGACCTGGGGCCGGACGGGCGCCTCCTCCGCGGGTATAACCAGTTCGCCTACGACGGCAAGGATTACATCGCCCTGAACGAGGATCTGCGCTCCTGGACCGCCGCGGACACGGCGGCTCAGATCACCCAGCGCAAGTGGGAGGCGGCCCGTGAGGCGGAGCAGCGGAGAGCCTACCTGGAGGGCACGTGCGTGGAGTGGCTCCGCAGATACCTGGAGAACGGGAAGGAGACGCTGCAGCGCGCGG
C*04:17,GCTCCCACTCCATGAGGTATTTCTCCACATCCGTGTCCTGGCCCGGCCGCGGGGAGCCCCGCTTCATCGCAGTGGGCTACGTGGACGACACGCAGTTCGTGCGGTTCGACAGCGACGCCGCGAGTCCAAGAGGGGAGCCGCGGGAGCCGTGGGTGGAGCAGGAGGGGCCGGAGTATTGGGACCGGGAGACACAGAAGTACAAGCGCCAGGCACAGGCTGACCGAGTGAACCTGCGGAAACTGCGCGGCTACTACAACCAGAGCGAGGACG,GGTCTCACACCCTCCAGAGGATGTATGGCTGCGACGTGGGGCCGGACGGGCGCCTCCTCCGCGGGTATAACCAGTTCGCCTACGACGGCAAGGATTACATCGCCCTGAACGAGGATCTGCGCTCCTGGACCGCCGCGGACACGGCGGCTCAGATCACCCAGCGCAAGTGGGAGGCGGCCCGTGAGGCGGAGCAGCGGAGAGCCTACCTGGAGGGCACGTGCGTGGAGTGGCTCCGCAGATACCTGGAGAACGGGAAGGAGACGCTGCAGCGCGCGG
C*04:18,GCTCCCACTCCATGAGGTATTTCTCCACATCCGTGTCCTGGCCCGGCCGCGGGGAGCCCCGCTTCATCGCAGTGGGCTACGTGGACGACACGCAGTTCGTGCGGTTCGACAGCGACGCCGCGAGTCCAAGAGGGGAGCCGCGGGAGCCGTGGGTGGAGCAGGAGGGGCCGGAGTATTGGGACCGGGAGACACAGAAGTACAAGCGCCAGGCACAGGCTGACCGAGTGAACCTGCGGAAACTGCGCGGCTACTACAACCAGAGCGAGGACG,GGTCTCACACCCTCCAGAGGATGTTTGGCTGCGACCTGGGGCCGGACGGGCGCCTCCTCCGCGGGTATAACCAGTTCGCCTACGACGGCAAGGATTACATCGCCCTGAACGAGGATCTGCGCTCCTGGACCGCCGCGGACACGGCGGCTCAGATCACCCAGCGCAAGTGGAAGGCGGCCCGTGAGGCGGAGCAGCGGAGAGCCTACCTGGAGGGCACGTGCGTGGAGTGGCTCCGCAGATACCTGGAGAACGGGAAGGAGACGCTGCAGCGCGCGG
C*04:19,GCTCCCACTCCATGAGGTATTTCTCCACATCCGTGTCCTGGCCCGGCCGCGGGGAGCCCCGCTTCATCGCAGTGGGCTACGTGGACGACACGCAGTTCGTGCGGTTCGACAGCGACGCCGCGAGTCCAAGAGGGGAGCCGCGGGAGCCGTGGGTGGAGCAGGAGGGGCCGGAGTATTGGGACCGGGAGACACAGAAGTACAAGCGCCAGGCACAGGCTGACCGAGTGAACCTGCGGAAACTGCGCGGCTACTACAACCAGAGCGAGGACG,GGTCTCACACCCTCCAGAGGATGTTTGGCTGCGACCTGGGGCCGGACGGGCGCCTCCTCCGCGGGTATAACCAGTTCGCCTACGACGGCAAGGATTACATCGCCCTGAACGAGGATCTGCGCTCCTGGACCGCCGCGGACACGGCGGCTCAGATCACCCAGCGCAAGTGGGAGGCGGCCCGTGAGGCGGAGCAGCGGAGAGCCTACATGGAGGGCACGTGCGTGGAGTGGCTCCGCAGATACCTGGAGAACGGGAAGGAGACGCTGCAGCGCGCGG
C*04:20,GCTCCCACTCCATGAGGTATTTCTCCACATCCGTGTCCTGGCCCGGCCGCGGGGAGCCCCGCTTCATCGCAGTGGGCTACGTGGACGACACGCAGTTCGTGCGGTTCGACAGCGACGCCGCGAGTCCAAGAGGGGAGCCGCGGGAGCCGTGGGTGGAGCAGGAGGGGCCGGAGTATTGGGACCGGGAGACACAGAAGTACAAGCGCCAGGCACAGGCTGACCGAGTGAACCTGCGGAAACTGCGCGGCTACTACAACCAGAGCGAGGACG,GGTATCACACCCTCCAGAGGATGTTTGGCTGCGACCTGGGGCCGGACGGGCGCCTCCTCCGCGGGTATAACCAGTTCGCCTACGACGGCAAGGATTACATCGCCCTGAACGAGGATCTGCGCTCCTGGACCGCCGCGGACACGGCGGCTCAGATCACCCAGCGCAAGTGGGAGGCGGCCCGTGAGGCGGAGCAGCGGAGAGCCTACCTGGAGGGCACGTGCGTGGAGTGGCTCCGCAGATACCTGGAGAACGGGAAGGAGACGCTGCAGCGCGCGG
C*04:23,GCTCCCACTCCATGAGGTATTTCTCCACATCCGTGTCCTGGCCCGGCCGCGGGGAGCCCCGCTTCATCGCAGTGGGCTACGTGGACGACACGCAGTTCGTGCGGTTCGACAGCGACGCCGCGAGTCCAAGAGGGGAGCCGCGGGAGCCGTGGGTGGAGCAGGAGGGGCCGGAGTATTGGGACCGGGAGACACAGAAGTACAAGCGCCAGGCACAGGCTGACCGAGTGAACCTGCGGAAACTGCGCGGCTACTACAACCAGAGCGAGGACG,GGTCTCACACCCTCCAGAGGATGTTTGGCTGCGACCTGGGGCCGGACGGGCGCCTCCTCCGCGGGTATGACCAGTTCGCCTACGACGGCAAGGATTACATCGCCCTGAACGAGGATCTGCGCTCCTGGACCGCCGCGGACACGGCGGCTCAGATCACCCAGCGCAAGTGGGAGGCGGCCCGTGAGGCGGAGCAGCGGAGAGCCTACCTGGAGGGCACGTGCGTGGAGTGGCTCCGCAGATACCTGGAGAACGGGAAGGAGACGCTGCAGCGCGCGG
C*04:24,GCTCCCACTCCATGAGGTATTTCTCCACATCCGTGTCCTGGCCCGGCCGCGGGAAGCCCCGCTTCATCGCAGTGGGCTACGTGGACGACACGCAGTTCGTGCGGTTCGACAGCGACGCCGCGAGTCCAAGAGGGGAGCCGCGGGAGCCGTGGGTGGAGCAGGAGGGGCCGGAGTATTGGGACCGGGAGACACAGAAGTACAAGCGCCAGGCACAGGCTGACCGAGTGAACCTGCGGAAACTGCGCGGCTACTACAACCAGAGCGAGGACG,GGTCTCACACCCTCCAGAGGATGTTTGGCTGCGACCTGGGGCCGGACGGGCGCCTCCTCCGCGGGTATAACCAGTTCGCCTACGACGGCAAGGATTACATCGCCCTGAACGAGGATCTGCGCTCCTGGACCGCCGCGGACACGGCGGCTCAGATCACCCAGCGCAAGTGGGAGGCGGCCCGTGAGGCGGAGCAGCGGAGAGCCTACCTGGAGGGCACGTGCGTGGAGTGGCTCCGCAGATACCTGGAGAACGGGAAGGAGACGCTGCAGCGCGCGG
C*04:25,GCTCCCACTCCATGAGGTATTTCTCCACATCCGTGTCCTGGCCCGGCCGCGGGGAGCCCCGCTTCATCGCAGTGGGCTACGTGGACGACACGCAGTTCCTGCGGTTCGACAGCGACGCCGCGAGTCCAAGAGGGGAGCCGCGGGAGCCGTGGGTGGAGCAGGAGGGGCCGGAGTATTGGGACCGGGAGACACAGAAGTACAAGCGCCAGGCACAGGCTGACCGAGTGAACCTGCGGAAACTGCGCGGCTACTACAACCAGAGCGAGGACG,GGTCTCACACCCTCCAGAGGATGTTTGGCTGCGACCTGGGGCCGGACGGGCGCCTCCTCCGCGGGTATAACCAGTTCGCCTACGACGGCAAGGATTACATCGCCCTGAACGAGGATCTGCGCTCCTGGACCGCCGCGGACACGGCGGCTCAGATCACCCAGCGCAAGTGGGAGGCGGCCCGTGAGGCGGAGCAGCGGAGAGCCTACCTGGAGGGCACGTGCGTGGAGTGGCTCCGCAGATACCTGGAGAACGGGAAGGAGACGCTGCAGCGCGCGG
C*04:26,GCTCCCACTCCATGATGTATTTCTCCACATCCGTGTCCTGGCCCGGCCGCGGGGAGCCCCGCTTCATCGCAGTGGGCTACGTGGACGACACGCAGTTCGTGCGGTTCGACAGCGACGCCGCGAGTCCAAGAGGGGAGCCGCGGGAGCCGTGGGTGGAGCAGGAGGGGCCGGAGTATTGGGACCGGGAGACACAGAAGTACAAGCGCCAGGCACAGGCTGACCGAGTGAACCTGCGGAAACTGCGCGGCTACTACAACCAGAGCGAGGACG,GGTCTCACACCCTCCAGAGGATGTTTGGCTGCGACCTGGGGCCGGACGGGCGCCTCCTCCGCGGGTATAACCAGTTCGCCTACGACGGCAAGGATTACATCGCCCTGAACGAGGATCTGCGCTCCTGGACCGCCGCGGACACGGCGGCTCAGATCACCCAGCGCAAGTGGGAGGCGGCCCGTGAGGCGGAGCAGCGGAGAGCCTACCTGGAGGGCACGTGCGTGGAGTGGCTCCGCAGATACCTGGAGAACGGGAAGGAGACGCTGCAGCGCGCGG
C*04:27,GCTCCCACTCCATGAGGTATTTCTCCACATCCGTGTCCTGGCCCGGCCGCGGGGAGCCCCGCTTCATCGCAGTGGGCTACGTGGACGACACGCAGTTCGTGCGGTTCGACAGCGACGCCGCGAGTCCAAGAGGGGAGCCGCGGGCGCCGTGGGTGGAGCAGGAGGGGCCGGAGTATTGGGACCGGGAGACACAGAAGTACAAGCGCCAGGCACAGGCTGACCGAGTGAACCTGCGGAAACTGCGCGGCTACTACAACCAGAGCGAGGACC,GGTCTCACACCCTCCAGAGGATGTTTGGCTGCGACCTGGGGCCGGACGGGCGCCTCCTCCGCGGGTATAACCAGTTCGCCTACGACGGCAAGGATTACATCGCCCTGAACGAGGATCTGCGCTCCTGGACCGCCGCGGACACGGCGGCTCAGATCACCCAGCGCAAGTGGGAGGCGGCCCGTGAGGCGGAGCAGCGGAGAGCCTACCTGGAGGGCACGTGCGTGGAGTGGCTCCGCAGATACCTGGAGAACGGGAAGGAGACGCTGCAGCGCGCGG
C*04:29,GCTCCCACTCCATGAGGTATTTCTCCACATCCGTGTCCTGGCCCGGCCGCGGGGAGCCCCGCTTCATCGCAGTGGGCTACGTGGACGACACGCAGTTCGTGCGGTTCGACAGCGACGCCGCGAGTCCAAGAGGGGAGCCGCGGGAGCCGTGGGTGGAGCAGGAGGGGCCGGAGTATTGGGACCGGGAGACACAGAAGTACAAGCGCCAGGCACAGGCTGACCGAGTGAGCCTGCGGAACCTGCGCGGCTACTACAACCAGAGCGAGGACG,GGTCTCACACCCTCCAGAGGATGTTTGGCTGCGACCTGGGGCCGGACGGGCGCCTCCTCCGCGGGTATAACCAGTTCGCCTACGACGGCAAGGATTACATCGCCCTGAACGAGGATCTGCGCTCCTGGACCGCCGCGGACACGGCGGCTCAGATCACCCAGCGCAAGTGGGAGGCGGCCCGTGAGGCGGAGCAGCGGAGAGCCTACCTGGAGGGCACGTGCGTGGAGTGGCTCCGCAGATACCTGGAGAACGGGAAGGAGACGCTGCAGCGCGCGG
C*04:31,GCTCCCACTCCATGAGGTATTTCTCCACATCCGTGTCCTGGCCCGGCCGCGGGGAGCCCCGCTTCATCGCAGTGGGCTACGTGGACGACACGCAGTTCGTGCGGTTCGACAGCGACGCCGCGAGTCCAAGAGGGGAGCCGCGGGAGCCGTGGGTGGAGCAGGAGGGGCCGGAGTATTGGGACCGGGAGACACAGAAGTACAAGCGCCAGGCACAGGCTGACCGAGTGAACCTGCGGAAACTGCGCGGCTACTACAACCAGAGCGAGGACG,GGTCTCACACCCTCCAGAGGATGTTTGGCTGCGACCTGGGGCCGGACGGGCGCCTCCTCCGCGGGTATAACCAGTTCGCCTACGACGGCAAGGATTACATCGCCCTGAACGAGGATCTGCGCTCCTGGACCGCCGCGGACACGGCGGCTCAGATCACCCAGCGCAAGTGGGAGGCGGTCCGTGAGGCGGAGCAGCGGAGAGCCTACCTGGAGGGCACGTGCGTGGAGTGGCTCCGCAGATACCTGGAGAACGGGAAGGAGACGCTGCAGCGCGCGG
C*04:32,GCTCCCACTCCATGAGGTATTTCTCCACATCCGTGTCCTGGCCCGGCCGCGGGGAGCCCCGCTTCATCGCAGTGGGCTACGTGGACGACACGCAGTTCGTGCGGTTCGACAGCGACGCCGCGAGTCCAAGAGGGGAGCCGCGGGAGCCGTGGGTGGAGCAGGAGGGGCCGGAGTATTGGGACCGGGAGACACAGAAGTACAAGCGCCAGGCACAGGCTGACCGAGTGAACCTGCGGAAACTGCGCGGCTACTACAACCAGAGCGAGGACG,GGTCTCACACCCTCCAGAGGATGTTTGGCTGCGACCTGGGGCCGGACGGGCGCCTCCTCCGCGGGTATAACCAGTTCGCCTACGACGGCAAGGATTACATCGCCCTGAACGAGGATCTGCGCTCCTGGACCGCCGCGGACACGGCGGCTCAGATCACCCAGCGCAAGTGGGAGGCGGCCCGTGAGGCGGAGCAGCGGAGAGCCTACCTGGAGGGCGAGTGCGTGGAGTGGCTCCGCAGATACCTGGAGAACGGGAAGGAGACGCTGCAGCGCGCGG
C*04:33,GCTCCCACTCCATGAGGTATTTCTCCACATCCGTGTCCTGGCCCGGCCGCGGGGAGCCCCGCTTCATCGCAGTGGGCTACGTGGACGACACGCAGTTCGTGCGGTTCGACAGCGACGCCGCGAGTCCAAGAGGGGAGCCGCGGGAGCCGTGGGTGGAGCAGGAGGGGCCGGAGTATTGGGACCGGGAGACACAGAAGTACAAGCGCCAGGCACAGGCTGACCGAGTGAACCTGCGGAAACTGCGCGGCTACTACAACCAGAGCGAGGCCG,GGTCTCACACCCTCCAGAGGATGTTTGGCTGCGACCTGGGGCCGGACGGGCGCCTCCTCCGCGGGTATAACCAGTTCGCCTACGACGGCAAGGATTACATCGCCCTGAACGAGGATCTGCGCTCCTGGACCGCCGCGGACACGGCGGCTCAGATCACCCAGCGCAAGTGGGAGGCGGCCCGTGAGGCGGAGCAGCGGAGAGCCTACCTGGAGGGCACGTGCGTGGAGTGGCTCCGCAGATACCTGGAGAACGGGAAGGAGACGCTGCAGCGCGCGG
C*04:34,GCTCCCACTCCATGAGGTATTTCTCCACATCCGTGTCCTGGCCCGGCCGCGGGGAGCCCCGCTTCATCGCAGTGGGCTACGTGGACGACACGCAGTTCGTGCGGTTCGACAGCGACGCCGCGAGTCCAAGAGGGGAGCCGCGGGAGCCGTGGGTGGAGCAGGAGGGGCCGGAGTATTGGGACCGGGAGACACAGAAGTACAAGCGCCAGGCACAGGCTGACCGAGTGAACCTGCGGAAACTGCGCGGCTACTACAACCAGAGCGAGGACG,GGTCTCACACCCTCCAGAGGATGTTTGGCTGCGACCTGGGGCCGGACGGGCGCCTCCTCCGCGGGTATAACCAGTTCGCCTACGACGGCAAGGATTACATCGCCCTGAACGAGGATCTGCGCTCCTGGACCGCCGCGGACACGGCGGCTCAGATCACCCAGCGCAAGTGGGAGGCGGCCCGTGTGGCGGAGCAGCTGAGAGCCTACCTGGAGGGCCTGTGCGTGGAGTGGCTCCGCAGATACCTGGAGAACGGGAAGGAGACGCTGCAGCGCGCGG
C*04:35,GCTCCCACTCCATGAGGTATTTCTCCACATCCGTGTCCTGGCCCGGCCGCGGGGAGCCCCGCTTCATCGCAGTGGGCTACGTGGACGACACGCAGTTCGTGCGGTTCGACAGCGACGCCGCGAGTCCAAGAGGGGAGCCGCGGGAGCCGTGGGTGGAGCAGGAGGGGCCGGAGTATTGGGACCGGGAGACACAGAAGTACAAGCGCCAGGCACAGGCTGACCGAGTGAACCTGCGGAAACTGCGCGGCTACTACAACCAGAGCGAGGACG,GGTCTCACACCCTCCAGAGGATGTTTGGCTGCGACCTGGGGCCGGACCGGCGCCTCCTCCGCGGGTATAACCAGTTCGCCTACGACGGCAAGGATTACATCGCCCTGAACGAGGATCTGCGCTCCTGGACCGCCGCGGACACGGCGGCTCAGATCACCCAGCGCAAGTGGGAGGCGGCCCGTGAGGCGGAGCAGCGGAGAGCCTACCTGGAGGGCACGTGCGTGGAGTGGCTCCGCAGATACCTGGAGAACGGGAAGGAGACGCTGCAGCGCGCGG
C*04:36,GCTCCCACTCCATGAGGTATTTCTCCACATCCGTGTCCTGGCCCGGCCGCGGGGAGCCCCGCTTCATCGCAGTGGGCTACGTGGACGACACGCAGTTCGTGCGGTTCGACAGCGACGCCGCGAGTCCAAGAGGGGAGCCGCGGGAGCCGTGGGTGGAGCAGGAGGGGCCGGAGTATTGGGACCGGGAGACACAGAAGTACAAGCGCCAGGCACAGACTGACCGAGTGAGCCTGCGGAACCTGCGCGGCTACTACAACCAGAGCGAGGACG,GGTCTCACACCCTCCAGAGGATGTTTGGCTGCGACCTGGGGCCGGACGGGCGCCTCCTCCGCGGGTATAACCAGTTCGCCTACGACGGCAAGGATTACATCGCCCTGAACGAGGATCTGCGCTCCTGGACCGCCGCGGACACGGCGGCTCAGATCACCCAGCGCAAGTGGGAGGCGGCCCGTGAGGCGGAGCAGCGGAGAGCCTACCTGGAGGGCACGTGCGTGGAGTGGCTCCGCAGATACCTGGAGAACGGGAAGGAGACGCTGCAGCGCGCGG
C*04:37,GCTCCCACTCCATGAGGTATTTCTCCACATCCGTGTCCTGGCCCGGCCGCGGGGAGCCCCGCTTCATCGCAGTGGGCTACGTGGACGACACGCAGTTCGTGCGGTTCGACAGCGACGCCGCGAGTCCAAGAGGGGAGCCGCGGGAGCCGTGGGTGGAGCAGGAGGGGCCGGAGTATTGGGACCGGGAGACACAGAAGTACAAGCGCCAGGCACAGGCTGACCGAGTGAACCTGCGGAAACTGCGCGGCTACTACAACCAGAGCGAGGACG,GGTCTCACACCCTCCAGTGGATGTGTGGCTGCGACCTGGGGCCCGACGGGCGCCTCCTCCGCGGGTATAACCAGTTCGCCTACGACGGCAAGGATTACATCGCCCTGAACGAGGATCTGCGCTCCTGGACCGCCGCGGACACGGCGGCTCAGATCACCCAGCGCAAGTGGGAGGCGGCCCGTGAGGCGGAGCAGCGGAGAGCCTACCTGGAGGGCACGTGCGTGGAGTGGCTCCGCAGATACCTGGAGAACGGGAAGGAGACGCTGCAGCGCGCGG
C*04:38,GCTCCCACTCCATGAGGTATTTCTCCACATCCGTGTCCTGGCCCGGCCGCGGGGAGCCCCGCTTCATCGCAGTGGGCTACGTGGACGACACGCAGTTCGTGCGGTTCGACAGCGACGCCGCGAGTCCAAGAGGGGAGCCGCGGGAGCCGTGGGTGGAGCAGGAGGGGCCGGAGTATTGGGACCGGGAGACACAGAAGTACAAGCGCCAGGCACAGGCTGACCGAGTGAACCTGCGGAAACTGCGCGGCTACTACAACCAGAGCGAGGACG,GGTCTCACACCCTCCAGAGGATGTTTGGCTGCGACCTGGGGCCGGACGGGCGCCTCCTCCGCGGGTATAACCAGTTCGCCTACGACGGCAAGGATTACATCGCCCTGAACGAGGATCTGCGCTCCTGGGCCGCCGCGGACACGGCGGCTCAGATCACCCAGCGCAAGTGGGAGGCGGCCCGTGAGGCGGAGCAGCGGAGAGCCTACCTGGAGGGCACGTGCGTGGAGTGGCTCCGCAGATACCTGGAGAACGGGAAGGAGACGCTGCAGCGCGCGG
C*04:39,GCTCCCACTCCATGAGGTATTTCTCCACATCCGTGTCCTGGCCCGGCCGCGGGGAGCCCCGCTTCATCGCAGTGGGCTACGTGGACGACACGCAGTTCGTGCGGTTCGACAGCGACGCCGCGAGTCCAAGAGGGGAGCCGCGGGAGCCGTGGGTGGAGCAGGAGGGGCCGGAGTATTGGGACCGGGAGACACAGAAGTACAAGCGCCAGGCACAGGCTGACCGAGTGAACCTGCGGAAACTGCGCGGCTACTACAACCAGAGCGAGGACG,GGTCTCACACCCTCCAGAGGATGTTTGGCTGCGACCTGGGGCCGGACGGGCGCCTCCTCCGCGGGTATAACCAGTTCGCCTACGACGGCAAGGATTACATCGCCCTGAACGAGGATCTGCGCTCCTGGACCGCCGCGGACACGGCGGCTCAGATCACCCAGCGCAAGTGGGAGGCGGCCCGTGAGGCGGAGCAGCGGAGAGCCTACCTGGAGGGCACGTGCGTGCAGTGGCTCCGCAGATACCTGGAGAACGGGAAGGAGACGCTGCAGCGCGCGG
C*04:40,GCTCCCACTCCATGAGGTATTTCTCCACATCCGTGTCCTGGCCCGGCCGCGGGGAGCCCCGCTTCATCGCAGTGGGCTACGTGGACGACACGCAGTTCGTGCGGTTCGACAGCGACGCCGCGAGTCCAAGAGGGGAGCCGCGGGAGCCGTGGGTGGAGCAGGAGGGGCCGGAGTATTGGGACCGGGAGACACAGAAGTACAAGCGCCAGGCACAGGCTGACCGAGTGAACCTGCGGAAACTGCGCGGCTACTACAACCAGAGCGAGGACG,GGTCTCACACCTTCCAGAGGATGTTTGGCTGCGACCTGGGGCCGGACGGGCGCCTCCTCCGCGGGTATAACCAGTTCGCCTACGACGGCAAGGATTACATCGCCCTGAACGAGGATCTGCGCTCCTGGACCGCCGCGGACACGGCGGCTCAGATCACCCAGCGCAAGTGGGAGGCGGCCCGTGAGGCGGAGCAGCGGAGAGCCTACCTGGAGGGCACGTGCGTGGAGTGGCTCCGCAGATACCTGGAGAACGGGAAGGAGACGCTGCAGCGCGCGG
C*04:42,GCTCCCACTCCATGAGGTATTTCGACACCGCCGTGTCCCGGCCCGGCCGCGGGGAGCCCCGCTTCATCGCAGTGGGCTACGTGGACGACACGCAGTTCGTGCGGTTCGACAGCGACGCCGCGAGTCCAAGAGGGGAGCCGCGGGAGCCGTGGGTGGAGCAGGAGGGGCCGGAGTATTGGGACCGGGAGACACAGAAGTACAAGCGCCAGGCACAGGCTGACCGAGTGAACCTGCGGAAACTGCGCGGCTACTACAACCAGAGCGAGGACG,GGTCTCACACCCTCCAGAGGATGTTTGGCTGCGACCTGGGGCCGGACGGGCGCCTCCTCCGCGGGTATAACCAGTTCGCCTACGACGGCAAGGATTACATCGCCCTGAACGAGGATCTGCGCTCCTGGACCGCCGCGGACACGGCGGCTCAGATCACCCAGCGCAAGTGGGAGGCGGCCCGTGAGGCGGAGCAGCGGAGAGCCTACCTGGAGGGCACGTGCGTGGAGTGGCTCCGCAGATACCTGGAGAACGGGAAGGAGACGCTGCAGCGCGCGG
C*04:43,GCTCCCACTCCATGAGGTATTTCTCCACATCCGTGTCCTGGCCCGGCCGCGGGGAGCCCCGCTTCATCGCAGTGGGCTACGTGGACGACACGCAGTTCGTGCGGTTCGACAGCGACGCCGCGAGTCCAAGAGGGGAGCCGCGGGAGCCGTGGGTGGAGCAGGAGGGGCCGGAGTATTGGGACCGGGAGACACAGAAGTACAAGCGCCAGGCACAGGCTGACCGAGTGAACCTGCGGAAACTGCGCGGCTACTACAACCAGAGCGAGGACG,GGTCTCACACCCTCCAGAGGATGTTTGGCTGCGACCTGGGGCCGGACGGGCGCCTCCTCCGCGGGTATAACCAGTTCGCCTACGACGGCAAGGATTACATCGCCCTGAACGAGGATCTGCGCTCCTGGACCGCCGCGGACACGGCGGCTCAGATCACCCAGCGCAAGTGGGAGGTGGCCCGTGAGGCGGAGCAGCGGAGAGCCTACCTGGAGGGCACGTGCGTGGAGTGGCTCCGCAGATACCTGGAGAACGGGAAGGAGACGCTGCAGCGCGCGG
C*04:44,GCTCCCACTCCATGAGGTATTTCTCCACATCCGTGTCCTGGCCCGGCCGCGGGGAGCCCCGCTTCATCGCAGTGGGCTACGTGGACGACACGCAGTTCGTGCGGTTCGACAGCGACGCCGCGAGTCCAAGAGGGGAGCCGCGGGAGCCGTGGGTGGAGCAGGAGTGGCCGGAGTATTGGGACCGGGAGACACAGAAGTACAAGCGCCAGGCACAGGCTGACCGAGTGAACCTGCGGAAACTGCGCGGCTACTACAACCAGAGCGAGGACG,GGTCTCACACCCTCCAGAGGATGTTTGGCTGCGACCTGGGGCCGGACGGGCGCCTCCTCCGCGGGTATAACCAGTTCGCCTACGACGGCAAGGATTACATCGCCCTGAACGAGGATCTGCGCTCCTGGACCGCCGCGGACACGGCGGCTCAGATCACCCAGCGCAAGTGGGAGGCGGCCCGTGAGGCGGAGCAGCGGAGAGCCTACCTGGAGGGCACGTGCGTGGAGTGGCTCCGCAGATACCTGGAGAACGGGAAGGAGACGCTGCAGCGCGCGG
C*04:45,GCTCCCACTCCATGAGGTATTTCTCCACATCCGTGTCCTGGCCCGGCCGCGGGGAGCCCCGCTTCATCGCAGTGGGCTACGTGGACGACACGCAGTTCGTGCGGTTCGACAGCGACGCCGCGAGTCCAAGAGGGGAGCCGCGGGAGCCGTGGGTGGAGCAGGAGGGGCCGGAGTATTGGGACCGGGAGACACAGAAGTACAAGCGCCAGGTACAGGCTGACCGAGTGAACCTGCGGAAACTGCGCGGCTACTACAACCAGAGCGAGGACG,GGTCTCACACCCTCCAGAGGATGTTTGGCTGCGACCTGGGGCCGGACGGGCGCCTCCTCCGCGGGTATAACCAGTTCGCCTACGACGGCAAGGATTACATCGCCCTGAACGAGGATCTGCGCTCCTGGACCGCCGCGGACACGGCGGCTCAGATCACCCAGCGCAAGTGGGAGGCGGCCCGTGAGGCGGAGCAGCGGAGAGCCTACCTGGAGGGCACGTGCGTGGAGTGGCTCCGCAGATACCTGGAGAACGGGAAGGAGACGCTGCAGCGCGCGG
C*04:46,GCTCCCACTCCATGAGGTATTTCTCCACATCCGTGTCCTGGCCCGGCCGCGGGGAGCCCCGCTTCATCGCAGTGGGCTACGTGGACGACACGCAGTTCGTGCGGTTCGACAGCGACGCCGCGAGTCCAAGAGGGGAGCCGCGGGAGCCGTGGGTGGAGCAGGAGGGGCCGGAGTATTGGGACCGGGAGACACAGAAGTACAAGCGCCAGGCACAGGCTGACCGAGTGAACCTGCGGAAACTGCGCGGCTACTACAACCAGAGCGAGGACG,GGTCTCACACCCTCCAGAGGATGTTTGGCTGCGACCTGGGGCCGGACGGGCGCCTCCTCCGCGGGTATAACCAGTTCGCCTACGACGGCAAGGATTACATCGCCCTGAACGAGGATCTGCGCTCCTGGACCGCCGCGGACACGGCGGCTCAGATCACCCAGCGCAAGTGGGAGGCGGCCCGTGAGGCGGAGCAGCGGAGAGCCTACCTGGAGGGCACGTGCGTGGAGTGGCTCCGCAGATACCTGGAGAACGGGAAGGAGACGCTGCAGTGCGCGG
C*04:47,GCTCCCACTCCATGAGGTATTTCTCCACATCCGTGTCCTGGCCCGGCCGCGGGGAGCCCCGCTTCATCGCAGTGGGCTACGTGGACGACACGCAGTTCGTGCGGTTCGACAGCGACGCCGCGAGTCCAAGAGGGGAGCCGCGGGAGCCGTGGGTGGAGCAGGAGGGGCCGGAGTATTGGGACCGGGAGACACAGAAGTACAAGCGCCAGGCACAGGCTGACCGAGTGAACCTGCGGAAACTGCGCAGCTACTACAACCAGAGCGAGGACG,GGTCTCACACCCTCCAGAGGATGTTTGGCTGCGACCTGGGGCCGGACGGGCGCCTCCTCCGCGGGTATAACCAGTTCGCCTACGACGGCAAGGATTACATCGCCCTGAACGAGGATCTGCGCTCCTGGACCGCCGCGGACACGGCGGCTCAGATCACCCAGCGCAAGTGGGAGGCGGCCCGTGAGGCGGAGCAGCGGAGAGCCTACCTGGAGGGCACGTGCGTGGAGTGGCTCCGCAGATACCTGGAGAACGGGAAGGAGACGCTGCAGCGCGCGG
C*04:48,GCTCCCACTCCATGAGGTATTTCTCCACATCCGTGTCCTGGCCCGGCCGCGGGGAGCCCCGCTTCATCGCAGTGGGCTACGTGGACGACACGCAGTTCGTGCGGTTCGACAGCGACGCCGCGAGTCCAAGAGGGGAGCCGCGGGAGCCGTGGGTGGAGCAGGAGGGGCCGGAGTATTGGGACCGGGAGACACAGAAGTACAAGCGCCAGGCACAGGCTGACCGAGTGAACCTGCGGAAACTGCGCGGCTACTACAACCAGAGCGAGGACG,GGTCTCACACCCTCCAGAGGATGTTTGGCTGCGACCTGGGGCCGGACGGGCGCCTCCTCCGCGGGTATAACCAGTTCGCCTACGACGGCAAGGATTACATCGCCCTGAACGAGGATCTGCGCTCCTGGACCGCCGCGGACACGGCGGCTCAGATCACCCAGCGCAAGTGGGAGGCGGCCCGTGAGGCGGAGCAGCGGAGACCCTACCTGGAGGGCACGTGCGTGGAGTGGCTCCGCAGATACCTGGAGAACGGGAAGGAGACGCTGCAGCGCGCGG
C*04:49,GCTCCCACTCCATGAGGTATTTCTCCACATCCGTGTCCTGGCCCGGCCGCGGGGAGCCCCGCTTCATCGCAGTGGGCTACGTGGACGACACGCAGTTCGTGCGGTTCGACAGCGACGCCGCGAGTCCAAGAGGGGAGCCGCGGGAGCCGTGGGTGGAGCAGGAGGGGCCGGAGTATTGGGACTGGGAGACACAGAAGTACAAGCGCCAGGCACAGGCTGACCGAGTGAACCTGCGGAAACTGCGCGGCTACTACAACCAGAGCGAGGACG,GGTCTCACACCCTCCAGAGGATGTTTGGCTGCGACCTGGGGCCGGACGGGCGCCTCCTCCGCGGGTATAACCAGTTCGCCTACGACGGCAAGGATTACATCGCCCTGAACGAGGATCTGCGCTCCTGGACCGCCGCGGACACGGCGGCTCAGATCACCCAGCGCAAGTGGGAGGCGGCCCGTGAGGCGGAGCAGCGGAGAGCCTACCTGGAGGGCACGTGCGTGGAGTGGCTCCGCAGATACCTGGAGAACGGGAAGGAGACGCTGCAGCGCGCGG
C*04:50,GCTCCCACTCCATGAGGTATTTCTCCACATCCGTGTCCTGGCCCGGCCGCGGGGAGCCCCGCTTCATCGCAGTGGGCTACGTGGACGACACGCAGTTCGTGCGGTTCGACAGCGACGCCGCGAGTCCAAGAGGGGAGCCGCGGGAGCCGTGGGTGGAGCAGGAGGGGCCGGAGTATTGGGACCGGGAGACACAGAAGTACAAGCGCCAGGCACAGGCTGACCGAGTGAACCTGCGGAAACTGCGCGGCTACTACAACCAGAGCGAGGACG,GGTCTCACACCCTCCAGAGGATGTTTGGCTGCGACCTGGGGCCGGACGGGCGCCTCCTCCGCGGGTATAACCAGTTCGCCTACGACGGCAAGGATTACATCGCCCTGAACCAGGATCTGCGCTCCTGGACCGCCGCGGACACGGCGGCTCAGATCACCCAGCGCAAGTGGGAGGCGGCCCGTGAGGCGGAGCAGCGGAGAGCCTACCTGGAGGGCACGTGCGTGGAGTGGCTCCGCAGATACCTGGAGAACGGGAAGGAGACGCTGCAGCGCGCGG
C*04:51,GCTCCCAGTCCATGAGGTATTTCTCCACATCCGTGTCCTGGCCCGGCCGCGGGGAGCCCCGCTTCATCGCAGTGGGCTACGTGGACGACACGCAGTTCGTGCGGTTCGACAGCGACGCCGCGAGTCCAAGAGGGGAGCCGCGGGAGCCGTGGGTGGAGCAGGAGGGGCCGGAGTATTGGGACCGGGAGACACAGAAGTACAAGCGCCAGGCACAGGCTGACCGAGTGAACCTGCGGAAACTGCGCGGCTACTACAACCAGAGCGAGGACG,GGTCTCACACCCTCCAGAGGATGTTTGGCTGCGACCTGGGGCCGGACGGGCGCCTCCTCCGCGGGTATAACCAGTTCGCCTACGACGGCAAGGATTACATCGCCCTGAACGAGGATCTGCGCTCCTGGACCGCCGCGGACACGGCGGCTCAGATCACCCAGCGCAAGTGGGAGGCGGCCCGTGAGGCGGAGCAGCGGAGAGCCTACCTGGAGGGCACGTGCGTGGAGTGGCTCCGCAGATACCTGGAGAACGGGAAGGAGACGCTGCAGCGCGCGG
C*04:52,GCTCCCACTCCATGAGGTATTTCTCCACATCCGTGTCCTGGCCCGGCCGCGGGGAGCCCCGCTTCATCGCAGTGGGCTACGTGGACGACACGCAGTTCGTGCGGTTCGACAGCGACGCCGCGAGTCCAAGAGGGGAGCCGCGGGAGCCGTGGGTGGAGCAGGAGGGGCCGGAGTATTGGGACCGGGAGACACAGAAGTACAAGCGCCAGGCACAGGCTGACCGAGTGAACCTGCGGAAACTGCGCGGCTACTACAACCAGAGCGAGGACA,GGTCTCACACCCTCCAGAGGATGTTTGGCTGCGACCTGGGGCCGGACGGGCGCCTCCTCCGCGGGTATAACCAGTTCGCCTACGACGGCAAGGATTACATCGCCCTGAACGAGGATCTGCGCTCCTGGACCGCCGCGGACACGGCGGCTCAGATCACCCAGCGCAAGTGGGAGGCGGCCCGTGAGGCGGAGCAGCGGAGAGCCTACCTGGAGGGCACGTGCGTGGAGTGGCTCCGCAGATACCTGGAGAACGGGAAGGAGACGCTGCAGCGCGCGG
C*04:53,GCTCCCACTCCATGAGGTATTTCTCCACATCCGTGTCCTGGCCCGGCCGCGGGGAGCCCCGCTTCATCGCAGTGGGCTACGTGGACGACACGCAGTTCGTGCGGTTCGACAGCGACGCCGCGAGTCCAAGAGGGGAGCCGCGGGAGCCGTGGGTGGAGCAGGAGGGGCCGGAGTATTGGGACCGGGAGACACAGAAGTACAAGCGCCAGGCACAGGCTGACCGAGTGAACCTGCGGAAACTGCGCGGCTACTACAACCAGAGCGAGGACG,GGTCTCACACCCTCCAGAGGATGTTTGGCTGCGACCTGGGGCCGGACGGGCGCCTCCTCCGCGGGTATAACCAGTTCGCCTACGACGGCAAGGATTACATCGCCCTGAACGAGGATCTGCGCTCCTGGACCGCCGCGGACACGGCGGCTCAGATCACCCGGCGCAAGTGGGAGGCGGCCCGTGAGGCGGAGCAGCGGAGAGCCTACCTGGAGGGCACGTGCGTGGAGTGGCTCCGCAGATACCTGGAGAACGGGAAGGAGACGCTGCAGCGCGCGG
C*04:54,GCTCCCACTCCATGAGGTATTTCTCCACATCCGTGTCCTGGCCCGGCCGCGGGGAGCCCCGCTTCATCGCAGTGGGCTACGTGGACGACACGCAGTTCGTGCGGTTCGACAGCGACGCCGCGAGTCCAAGAGGGGAGCCGCGGGAGCCGTGGGTGGAGCAGGAGGGGCCGGAGTATTGGGACCGGGAGACACAGAAGTACAAGCGCCAGGCACAGGCTGACCGAGTGAACCTGCGGAAACTGCGCGGCTACTACAACCAGAGCGAGGACG,GGTCTCACACCCTCCAGAGGATGTTTGGCTGCGACCTGGGGCCGGACGGGCGCCTCCTCCGCGGGTATGACCAGTCCGCCTACGACGGCAAGGATTACATCGCCCTGAACGAGGATCTGCGCTCCTGGACCGCCGCGGACACGGCGGCTCAGATCACCCAGCGCAAGTGGGAGGCGGCCCGTGAGGCGGAGCAGCGGAGAGCCTACCTGGAGGGCACGTGCGTGGAGTGGCTCCGCAGATACCTGGAGAACGGGAAGGAGACGCTGCAGCGCGCGG
C*04:55,GCTCCCACTCCATGAGGTATTTCTCCACATCCGTGTCCTGGCCCGGCCGCGGGGAGCCCCGCTTCATCGCAGTGGGCTACGTGGACGACACGCAGTTCGTGCGGTTCGACAGCGACGCCGCGAGTCCAAGAGGGGAGCCGCGGGAGCCGTGGGTGGAGCAGGAGGGGCCGGAGTATTGGGACCGGGAGACACAGAAGTACAAGCGCCAGGCACAGACTGACCGAGTGAGCCTGCGGAACCTGCGCGGCTACTACAACCAGAGCGAGGCCA,GGTCTCACACCCTCCAGAGGATGTTTGGCTGCGACCTGGGGCCGGACGGGCGCCTCCTCCGCGGGTATAACCAGTTCGCCTACGACGGCAAGGATTACATCGCCCTGAACGAGGATCTGCGCTCCTGGACCGCCGCGGACACGGCGGCTCAGATCACCCAGCGCAAGTGGGAGGCGGCCCGTGAGGCGGAGCAGCGGAGAGCCTACCTGGAGGGCACGTGCGTGGAGTGGCTCCGCAGATACCTGGAGAACGGGAAGGAGACGCTGCAGCGCGCGG
C*04:56,GCTCCCACTCCATGAGGTATTTCTCCACATCCGTGTCCTGGCCCGGCCGCGGGGAGCCCCGCTTCATCGCAGTGGGCTACGTGGACGACACGCAGTTCGTGCGGTTCGACAGCGACGCCGCGAGTCCAAGAGGGGAGCGGCGGGAGCCGTGGGTGGAGCAGGAGGGGCCGGAGTATTGGGACCGGGAGACACAGAAGTACAAGCGCCAGGCACAGGCTGACCGAGTGAACCTGCGGAAACTGCGCGGCTACTACAACCAGAGCGAGGACG,GGTCTCACACCCTCCAGAGGATGTTTGGCTGCGACCTGGGGCCGGACGGGCGCCTCCTCCGCGGGTATAACCAGTTCGCCTACGACGGCAAGGATTACATCGCCCTGAACGAGGATCTGCGCTCCTGGACCGCCGCGGACACGGCGGCTCAGATCACCCAGCGCAAGTGGGAGGCGGCCCGTGAGGCGGAGCAGCGGAGAGCCTACCTGGAGGGCACGTGCGTGGAGTGGCTCCGCAGATACCTGGAGAACGGGAAGGAGACGCTGCAGCGCGCGG
C*04:57,GCTCCCACTCCATGAGGTATTTCTCCACATCCGTGTCCTGGCCCGGCCGCGGGGAGCCCCGCTTCATCGCAGTGGGCTACGTGGACGACACGCAGTTCGTGCGGTTCGACAGCGACGCCGCGAGTCCAAGAGGGGAGCCGCGGGAGCCGTGGGTGGAGCAGGAGGGGCCGGAGTATTGGGACCGGGAGACACAGAAGTACAAGCGCCAGGCACAGGCTGACCGAGTGAACCTGCGGAAACTGCGCGGCTACTACAACCAGAGCGAGGACG,GGTCTCACACCCTCCAGAGGATGTTTGGCTGCGACCTGGCGCCGGACGGGCGCCTCCTCCGCGGGTATAACCAGTTCGCCTACGACGGCAAGGATTACATCGCCCTGAACGAGGATCTGCGCTCCTGGACCGCCGCGGACACGGCGGCTCAGATCACCCAGCGCAAGTGGGAGGCGGCCCGTGAGGCGGAGCAGCGGAGAGCCTACCTGGAGGGCACGTGCGTGGAGTGGCTCCGCAGATACCTGGAGAACGGGAAGGAGACGCTGCAGCGCGCGG
C*04:58,GCTCCCACTCCATGAGGTATTTCTCCACATCCGTGTCCTGGCCCGGCCGCGGGGAGCCCCGCTTCATCGCAGTGGGCTACGTGGACGACACGCAGTTCGTGCGGTTCGACAGCGACGCCGCGAGTCCAAGAGGGGAGCCGCGGGAGCCGTGGGTGGAGCAGGAGGGGCCGGAGTATTGGGACCGGGAGACACAGAAGTACAAGCGCCAGGCACAGGCTGACCGAGTGAACCTGCGGAAACTGCGCGGCTACTACAACCAGAGCGAGGACG,GGTCTCACACCCTCCAGAGGATGTTTGGCTGCGACCTGGGGCCGGACGGGCGCCTCCTCCGCGGGTATAACCAGTTCGCCTACGACGGCAAGGATTACATCGCCCTGAACGAGGATCTGCGCTCCTGGACCGCCGCGGACACGGCGGCTCAGATCACCCAGCGCAAGTTGGAGGCGGCCCGTGCGGCGGAGCAGCTGAGAGCCTACCTGGAGGGCACGTGCGTGGAGTGGCTCCGCAGATACCTGGAGAACGGGAAGGAGACGCTGCAGCGCGCGG
C*04:59Q,GCTCCCACTCCATGAGGTATTTCTCCACATCCGTGTCCTGGCCCGGCCGCGGGGAGCCCCGCTTCATCGCAGTGGGCTACGTGGACGACACGCAGTTCGTGCGGTTCGACAGCGACGCCGCGAGTCCAAGAGGGGAGCCGCGGGAGCCGTGGGTGGAGCAGGAGGGGCCGGAGTATTGGGACCGGGAGACACAGAAGTACAAGCGCCAGGCACAGGCTGACCGAGTGAACCTGCGGAAACTGCGCGGCTACTACAACCAGAGCGAGGACG,GGTCTCACACCCTCCAGAGGATGTTTGGCTGCGACCTGGGGCCGGACGGGCGCCTCCTCCGCGGGTATAACCAGTTCGCCTACGACGGCAAGGATTACATCGCCCTGAACGAGGATCTGCGCTCCTGGACCGCCGCGGACACGGCGGCTCAGATCACCCAGCGCAAGTGGGAGGCGGCCCGTGAGGCGGAGCAGCGGAGAGCCTACCTGGAGGGCACGTACGTGGAGTGGCTCCGCAGATACCTGGAGAACGGGAAGGAGACGCTGCAGCGCGCGG
C*04:60,GCTCCCACTCCATGAGGTATTTCTCCACATCCGTGTCCTGGCCCGGCCGCGGGGAGCCCCGCTTCATCGCAGTGGGCTACGTGGACGACACGCAGTTCGTGCGGTTCGACAGCGACGCCGCGAGTCCAAGAGGGGAGCCGCGGGAGCCGTGGGTGGAGCAGGAGGGGCCGGAGTATTGGGACCGGGAGACACAGAAGTACAAGCGCCAGGCACAGGCTGACCGAGTGAACCTGCGGAAACTGCGCGGCTACTACAACCAGAGCGAGGACG,GGTCTCACACCCTCCAGAGGGTGTTTGGCTGCGACCTGGGGCCGGACGGGCGCCTCCTCCGCGGGTATAACCAGTTCGCCTACGACGGCAAGGATTACATCGCCCTGAACGAGGATCTGCGCTCCTGGACCGCCGCGGACACGGCGGCTCAGATCACCCAGCGCAAGTGGGAGGCGGCCCGTGAGGCGGAGCAGCGGAGAGCCTACCTGGAGGGCACGTGCGTGGAGTGGCTCCGCAGATACCTGGAGAACGGGAAGGAGACGCTGCAGCGCGCGG
C*04:61,GCTCCCACTCCATGAGGTATTTCTCCACATCCGTGTCCTGGCCCGGCCGCGGGGAGCCCCGCTTCATCGCAGTGGGCTACGTGGACGACACGCAGTTCGTGCGGTTCGACAGCGACGCCGCGAGTCCAAGAGGGGAGCCGCGGGAGCCGTGGGTGGAGCAGGAGGGGCCGGAGTATTGGGACCGGGAGACACAGAAGTACAAGCGCCAGGCACAGGCTGACCGAGTGAACCTGCGGAAACTGCGCGGCTACTACAACCAGAGCGAGGACG,GGTCTCACACCCTCCAGAGGATGTTTGGCTGCGACCTGGGGCCGGACGGGCGCCTCCTCCGCGGGTATAACCAGTTCGCCTACGACGGCAAGGATTACATCGCCCTGAACGAGGATCTGCGCTCCTGGACCGCCGCGGACACGGCGGCTCAGATCACCCAGCGCAAGTGGGAGGCGGCCCGTGCGGCGGAGCAGCGGAGAGCCTACCTGGAGGGCACGTGCGTGGAGTGGCTCCGCAGATACCTGGAGAACGGGAAGGAGACGCTGCAGCGCGCGG
C*04:62,GCTCCCACTCCATGAGGTATTTCTCCACATCCGTGTCCTGGCCCGGCCGCGGGGAGCCCCGCTTCATCGCAGTGGGCTACATGGACGACACGCAGTTCGTGCGGTTCGACAGCGACGCCGCGAGTCCAAGAGGGGAGCCGCGGGAGCCGTGGGTGGAGCAGGAGGGGCCGGAGTATTGGGACCGGGAGACACAGAAGTACAAGCGCCAGGCACAGGCTGACCGAGTGAACCTGCGGAAACTGCGCGGCTACTACAACCAGAGCGAGGACG,GGTCTCACACCCTCCAGAGGATGTTTGGCTGCGACCTGGGGCCGGACGGGCGCCTCCTCCGCGGGTATAACCAGTTCGCCTACGACGGCAAGGATTACATCGCCCTGAACGAGGATCTGCGCTCCTGGACCGCCGCGGACACGGCGGCTCAGATCACCCAGCGCAAGTGGGAGGCGGCCCGTGAGGCGGAGCAGCGGAGAGCCTACCTGGAGGGCACGTGCGTGGAGTGGCTCCGCAGATACCTGGAGAACGGGAAGGAGACGCTGCAGCGCGCGG
C*04:63,GCTCCCACTCCATGAGGTATTTCTCCACATCCGTGTCCTGGCCCGGCCGCGGGGAGCCCCGCTTCATCGCAGTGGGCTACGTGGACGACACGCAGTTCGTGCGGTTCGACAGCGACGCCGCGAGTCCAAGAGGGGAGCCGCGGGAGCCGTGGGTGGAGCAGGAGGGGCCGGAGTATTGGGACCGGGAGACACAGAAGTACAAGCGCCAGGCACAGGCTGACCGAGTGAACCTGCGGAAACTGCGCGGCTACTACAACCAGAGCGAGGACG,GGTCTCACACCCTCCAGAGGATGTTTGGCTGCGACCTGGGGCAGGACGGGCGCCTCCTCCGCGGGTATAACCAGTTCGCCTACGACGGCAAGGATTACATCGCCCTGAACGAGGATCTGCGCTCCTGGACCGCCGCGGACACGGCGGCTCAGATCACCCAGCGCAAGTGGGAGGCGGCCCGTGAGGCGGAGCAGCGGAGAGCCTACCTGGAGGGCACGTGCGTGGAGTGGCTCCGCAGATACCTGGAGAACGGGAAGGAGACGCTGCAGCGCGCGG
C*04:64:01,GCTCCCACTCCATGAGGTATTTCTCCACATCCGTGTCCTGGCCCGGCCGCGGGGAGCCCCGCTTCATCGCAGTGGGCTACGTGGACGACACGCAGTTCGTGCGGTTCGACAGCGACGCCGCGAGTCCAAGAGGGGAGCCGCGGGAGCCGTGGGTGGAGCAGGAGGGGCCGGAGTATTGGGACCGGGAGACACAGAAGTACAAGCGCCAGGCACAGGCTGACCGAGTGAACCTGCGGAAACTGCGCGGCTACTACAACCAGAGCGAGGACG,GGTCTCACACCCTCCAGAGGATGTTTGGCTGCGACCTGGGGCCGGACGGGCGCCTCCTCCGCGGGTATAACCAGTTCGCCTACGACGGCAAGGATTACATCGCCCTGAACGAGGATCTGCGCTCCTGGACCGCCGCGGACACGGCGGCTCAGATCACCCAGCGCAAGTGGGAGGCGGCCCGTGAGGCGGAGCAGCGGAGAGCCTACCTGGAGGGCACGTGCGTGGAGTGGCTCCGCAGATACCTGGAGAACAGGAAGGAGACGCTGCAGCGCGCGG
C*04:64:02,GCTCCCACTCCATGAGGTATTTCTCCACATCCGTGTCCTGGCCCGGCCGCGGGGAGCCCCGCTTCATCGCAGTGGGCTACGTGGACGACACGCAGTTCGTGCGGTTCGACAGCGACGCCGCGAGTCCAAGAGGGGAGCCGCGGGAGCCGTGGGTGGAGCAGGAGGGGCCGGAGTATTGGGACCGGGAGACACAGAAGTACAAGCGCCAGGCACAGGCTGACCGAGTGAACCTGCGGAAACTGCGCGGCTACTACAACCAGAGCGAGGACG,GGTCTCACACCCTCCAGAGGATGTTTGGCTGCGACCTGGGGCCGGACGGGCGCCTCCTCCGCGGGTATAACCAGTTCGCCTACGACGGCAAGGATTACATCGCCCTGAACGAGGATCTGCGCTCCTGGACCGCCGCGGACACGGCGGCTCAGATCACCCAGCGCAAGTGGGAGGCGGCCCGTGAGGCGGAGCAGCGGAGAGCCTACCTGGAGGGCACGTGCGTGGAGTGGCTCCGCAGATACCTGGAGAACCGGAAGGAGACGCTGCAGCGCGCGG
C*04:65,GCTCCCACTCCATGAGGTATTTCTCCACATCCGTGTCCTGGCCCGGCCGCGGGGAGCCCCGCTTCATCGCAGTGGGCTACGTGGACGACACGCAGTTCGTGCGGTTCGACAGCGACGCCGCGAGTCCAAGAGGGGAGCCGCGGGAGCCGTGGGTGGAGCAGGAGGGGCCGGAGTATTGGGACCGGGAGACACAGAAGTACAAGCGCCAGGCACAGGCTGACCGAGTGAACCTGCGGAAACTGCGCGGCTACTACAACCAGAGCGAGGACG,GGTCTCACACCCTCCAGAGGATGTTTGGCTGCGACCTGGGGCCGGACGGGCGCCTCCTCCGCGGGTATAACCAGTTCGCCTACGACGGCAAGGATTACATCGCCCTGAACGAGGATCTGCGCTCCTGGACCGCCGCGGACACGGCGGCTCAGATCACCCAGAGCAAGTGGGAGGCGGCCCGTGAGGCGGAGCAGCGGAGAGCCTACCTGGAGGGCACGTGCGTGGAGTGGCTCCGCAGATACCTGGAGAACGGGAAGGAGACGCTGCAGCGCGCGG
C*04:66,GCTCCCACTCCATGAGGTATTTCTCCACATCCGTGTCCTGGCCCGGCCGCTGGGAGCCCCGCTTCATCGCAGTGGGCTACGTGGACGACACGCAGTTCGTGCGGTTCGACAGCGACGCCGCGAGTCCAAGAGGGGAGCCGCGGGAGCCGTGGGTGGAGCAGGAGGGGCCGGAGTATTGGGACCGGGAGACACAGAAGTACAAGCGCCAGGCACAGGCTGACCGAGTGAACCTGCGGAAACTGCGCGGCTACTACAACCAGAGCGAGGACG,GGTCTCACACCCTCCAGAGGATGTTTGGCTGCGACCTGGGGCCGGACGGGCGCCTCCTCCGCGGGTATAACCAGTTCGCCTACGACGGCAAGGATTACATCGCCCTGAACGAGGATCTGCGCTCCTGGACCGCCGCGGACACGGCGGCTCAGATCACCCAGCGCAAGTGGGAGGCGGCCCGTGAGGCGGAGCAGCGGAGAGCCTACCTGGAGGGCACGTGCGTGGAGTGGCTCCGCAGATACCTGGAGAACGGGAAGGAGACGCTGCAGCGCGCGG
C*04:67,GCTCCCACTACATGAGGTATTTCTCCACATCCGTGTCCTGGCCCGGCCGCGGGGAGCCCCGCTTCATCGCAGTGGGCTACGTGGACGACACGCAGTTCGTGCGGTTCGACAGCGACGCCGCGAGTCCAAGAGGGGAGCCGCGGGAGCCGTGGGTGGAGCAGGAGGGGCCGGAGTATTGGGACCGGGAGACACAGAAGTACAAGCGCCAGGCACAGGCTGACCGAGTGAACCTGCGGAAACTGCGCGGCTACTACAACCAGAGCGAGGACG,GGTCTCACACCCTCCAGAGGATGTTTGGCTGCGACCTGGGGCCGGACGGGCGCCTCCTCCGCGGGTATAACCAGTTCGCCTACGACGGCAAGGATTACATCGCCCTGAACGAGGATCTGCGCTCCTGGACCGCCGCGGACACGGCGGCTCAGATCACCCAGCGCAAGTGGGAGGCGGCCCGTGAGGCGGAGCAGCGGAGAGCCTACCTGGAGGGCACGTGCGTGGAGTGGCTCCGCAGATACCTGGAGAACGGGAAGGAGACGCTGCAGCGCGCGG
C*04:68,GCTCCCACTCCATGAGGTATTTCTCCACATCCGTGTCCTGGCCCGGCCGCGGGGAGCCCCGCTTCATCGCAGTGGGCTACGTGGACGACACGCAGTTCGTGCGGTTCGACAGCGACGCCGCGAGTCCAAGAGGGGAGCCGCGGGAGCCGTGGGTGGAGCAGGAGGGGCCGGAGTATTGGGACCGGGAGACACAGAAGTACAAGCGCCAGGCACAGGCTGACCGAGTGAACCTGCGGAAACTGCGCGGCTACTACAACCAGAGCGAGGACG,GGTCTCACACCCTCCAGAGGATGTTTGGCTGCGACCTGGGGCCGGACGGGCGCCTCCTCCGCGGGTATAACCAGTTCGCCTACGACGGCAAGGATTACATCGCCCTGAACGAGGATCTGCGCTCCTGGACCGCCGCGGACACGGCGGCTCAGATCACCCAGCGCAAGTGGGAGGCGGCCCGTGCGGCGGAGCAGCAGAGAGCCTACCTGGAGGGCACGTGCGTGGAGTGGCTCCGCAGATACCTGGAGAACGGGAAGGAGACGCTGCAGCGCGCGG
C*04:69,GCTCCCACTCCATGAGGTATTTCTCCACATCCGTGTCCTGGCCCGGCCGCGGGGAGCCCCGCTTCATCGCAGTGGGCTACGTGGACGACACGCAGTTCGTGCGGTTCGACAGCGACGCCGCGAGTCCAAGAGGGGAGCCGCGGGAGCCGTGGGTGGAGCAGGAGGGGCCGGAGTATTGGGACGGGGAGACACAGAAGTACAAGCGCCAGGCACAGGCTGACCGAGTGAACCTGCGGAAACTGCGCGGCTACTACAACCAGAGCGAGGACG,GGTCTCACACCCTCCAGAGGATGTTTGGCTGCGACCTGGGGCCGGACGGGCGCCTCCTCCGCGGGTATAACCAGTTCGCCTACGACGGCAAGGATTACATCGCCCTGAACGAGGATCTGCGCTCCTGGACCGCCGCGGACACGGCGGCTCAGATCACCCAGCGCAAGTGGGAGGCGGCCCGTGAGGCGGAGCAGCGGAGAGCCTACCTGGAGGGCACGTGCGTGGAGTGGCTCCGCAGATACCTGGAGAACGGGAAGGAGACGCTGCAGCGCGCGG
C*04:70,GCTCCCACTCCATGAGGTATTTCTCCACATCCGTGTCCTGGCCCGGCCGCGGGGAGCCCCGCTTCATCGCAGTGGGCTACGTGGACGACACGCAGTTCGTGCGGTTCGACAGCGACGCCGCGAGTCCAAGAGGGGAGCCGCGGGAGCCGTGGATGGAGCAGGAGGGGCCGGAGTATTGGGACCGGGAGACACAGAAGTACAAGCGCCAGGCACAGGCTGACCGAGTGAACCTGCGGAAACTGCGCGGCTACTACAACCAGAGCGAGGACG,GGTCTCACACCCTCCAGAGGATGTTTGGCTGCGACCTGGGGCCGGACGGGCGCCTCCTCCGCGGGTATAACCAGTTCGCCTACGACGGCAAGGATTACATCGCCCTGAACGAGGATCTGCGCTCCTGGACCGCCGCGGACACGGCGGCTCAGATCACCCAGCGCAAGTGGGAGGCGGCCCGTGAGGCGGAGCAGCGGAGAGCCTACCTGGAGGGCACGTGCGTGGAGTGGCTCCGCAGATACCTGGAGAACGGGAAGGAGACGCTGCAGCGCGCGG
C*04:71,GCTCCCACTCCATGAGGTATTTCTTCACATCCGTGTCCTGGCCCGGCCGCGGGGAGCCCCGCTTCATCGCAGTGGGCTACGTGGACGACACGCAGTTCGTGCGGTTCGACAGCGACGCCGCGAGTCCAAGAGGGGAGCCGCGGGAGCCGTGGGTGGAGCAGGAGGGGCCGGAGTATTGGGACCGGGAGACACAGAAGTACAAGCGCCAGGCACAGGCTGACCGAGTGAACCTGCGGAAACTGCGCGGCTACTACAACCAGAGCGAGGACG,GGTCTCACACCCTCCAGAGGATGTTTGGCTGCGACCTGGGGCCGGACGGGCGCCTCCTCCGCGGGTATAACCAGTTCGCCTACGACGGCAAGGATTACATCGCCCTGAACGAGGATCTGCGCTCCTGGACCGCCGCGGACACGGCGGCTCAGATCACCCAGCGCAAGTGGGAGGCGGCCCGTGAGGCGGAGCAGCGGAGAGCCTACCTGGAGGGCACGTGCGTGGAGTGGCTCCGCAGATACCTGGAGAACGGGAAGGAGACGCTGCAGCGCGCGG
C*04:72,GCTCCCACTCCATGAGGTATTTCTCCACATCCGTGTCCTGGCCCGGCCGCGGGGAGCCCCGCTTCATCGCAGTGGGCTACGTGGACGACACGCAGTTCGTGCGGTTCGACAGCGACGCCGCGAGTCCAAGAGGGGAGCCGCGGGAGCCGTGGGTGGAGCAGGAGGGGCCGGAGTATTGGGACCGGGAGACACAGAAGTACAAGCGCCAGGCACAGGCTGACCGAGTGAACCTGCGGAAACTGCGCGGCTACTACAACCAGAGCGAGGACG,GGTCTCACACCCTCCAGAGGATGTTTGGCTGCGACCTGGGGCCGGACGGGCGCCTCCTCCGCGCGTATAACCAGTTCGCCTACGACGGCAAGGATTACATCGCCCTGAACGAGGATCTGCGCTCCTGGACCGCCGCGGACACGGCGGCTCAGATCACCCAGCGCAAGTGGGAGGCGGCCCGTGAGGCGGAGCAGCGGAGAGCCTACCTGGAGGGCACGTGCGTGGAGTGGCTCCGCAGATACCTGGAGAACGGGAAGGAGACGCTGCAGCGCGCGG
C*04:73,GCTCCCACTCCATGAGGTATTTCTCCACATCCGTGTCCTGGCCCGGCCGCGGGGAGCCCCGCTTCATCGCAGTGGGCTACGTGGACGACACGCAGTTCGTGCGGTTCGACAGCGACGCCGCGAGTCCAAGAGGGGAGCCGCGGGAGCCGTGGGTGGAGCAGGAGGGGCCGGAGTATTGGGACCGGGAGACACAGAAGTACAAGCGCCAGGCACAGGCTGACCGAGTGAACCTGCGGAAACTGCGCGGCTACTACAACCAGAGCGAGGACG,GGTCTCACACCCTCCAGAGGATGTTTGGCTGCGACCTGGGGCCGGACGCGCGCCTCCTCCGCGGGTATAACCAGTTCGCCTACGACGGCAAGGATTACATCGCCCTGAACGAGGATCTGCGCTCCTGGACCGCCGCGGACACGGCGGCTCAGATCACCCAGCGCAAGTGGGAGGCGGCCCGTGAGGCGGAGCAGCGGAGAGCCTACCTGGAGGGCACGTGCGTGGAGTGGCTCCGCAGATACCTGGAGAACGGGAAGGAGACGCTGCAGCGCGCGG
C*04:74,GCTCCCACTCCATGAGGTATTTCTCCACATCCGTGTCCTGGCCCGGCCGCGGGGAGCCCCGCTTCATCGCAGTGGGCTACGTGGACGACACGCAGTTCGTGCGGTTCGACAGCGACGCCGCGAGTCCAAGAGGGGAGCCGCGGGAGCCGTGGGTGGAGCAGGAGGGGCCGGAGTATTGGGACCGGGAGACACAGAAGTACAAGCGCCAGGCACAGGCTGACCGAGTGAACCTGCGGAAACTGCGCGGCTACTACAACCAGAGCGAGGACG,GGTCTCACACCCTCCAGAGGTTGTTTGGCTGCGACCTGGGGCCGGACGGGCGCCTCCTCCGCGGGTATAACCAGTTCGCCTACGACGGCAAGGATTACATCGCCCTGAACGAGGATCTGCGCTCCTGGACCGCCGCGGACACGGCGGCTCAGATCACCCAGCGCAAGTGGGAGGCGGCCCGTGAGGCGGAGCAGCGGAGAGCCTACCTGGAGGGCACGTGCGTGGAGTGGCTCCGCAGATACCTGGAGAACGGGAAGGAGACGCTGCAGCGCGCGG
C*04:75,GCTCCCACTCCATGAGGTATTTCTCCACATCCGTGTCCTGGCCCGGCCGCGGGGAGCCCCGCTTCATCGCAGTGGGCTACGTGGACGACACGCAGTTCGTGCGGTTCGACAGCGACGCCGCGAGTCCAAGAGGGGAGCCGCGGGAGCCGTGGGTGGAGGAGGAGGGGCCGGAGTATTGGGACCGGGAGACACAGAAGTACAAGCGCCAGGCACAGGCTGACCGAGTGAACCTGCGGAAACTGCGCGGCTACTACAACCAGAGCGAGGACG,GGTCTCACACCCTCCAGAGGATGTTTGGCTGCGACCTGGGGCCGGACGGGCGCCTCCTCCGCGGGTATAACCAGTTCGCCTACGACGGCAAGGATTACATCGCCCTGAACGAGGATCTGCGCTCCTGGACCGCCGCGGACACGGCGGCTCAGATCACCCAGCGCAAGTGGGAGGCGGCCCGTGAGGCGGAGCAGCGGAGAGCCTACCTGGAGGGCACGTGCGTGGAGTGGCTCCGCAGATACCTGGAGAACGGGAAGGAGACGCTGCAGCGCGCGG
C*04:76,GCTCCCACTCCATGAGGTATTTCTCCACATCCGTGTCCTGGCCCGGCCGCGGGGAGCCCCGCTTCATCGCAGTGGGCTACGTGGACGACACGCAGTTCGTGCGGTTCGACAGCGACGCCGCGAGTCCAAGAGGGGAGCCGCGGGAGCCGTGGGTGGAGCAGGAGGGGCCGGAGAATTGGGACCGGGAGACACAGAAGTACAAGCGCCAGGCACAGGCTGACCGAGTGAACCTGCGGAAACTGCGCGGCTACTACAACCAGAGCGAGGACG,GGTCTCACACCCTCCAGAGGATGTTTGGCTGCGACCTGGGGCCGGACGGGCGCCTCCTCCGCGGGTATAACCAGTTCGCCTACGACGGCAAGGATTACATCGCCCTGAACGAGGATCTGCGCTCCTGGACCGCCGCGGACACGGCGGCTCAGATCACCCAGCGCAAGTGGGAGGCGGCCCGTGAGGCGGAGCAGCGGAGAGCCTACCTGGAGGGCACGTGCGTGGAGTGGCTCCGCAGATACCTGGAGAACGGGAAGGAGACGCTGCAGCGCGCGG
C*04:77,GCTCCCACTCCATGAGGTATTTCTCCACATCCGTGTCCTGGCCCGGCCGCGGGGAGCCCCGCTTCATCGCAGTGGGCTACGTGGACGACACGCAGTTCGTGCGGTTCGACAGCGACGCCGCGAGTCCAAGAGGGGAGCCGCGGGAGCCGTGGGTGGAGCAGGAGGGGCCGGAGTATTGGGACCGGGAGACACAGAAGTACAAGCGCCAGGCACAGGCTGACCGAGTGAACCTGCGGAAACTGCGCGGCTACTACAACCAGAGCGAGGACG,GGTCTCACACCCTCCAGAGGATGTTTGGCTGCGACCTGGGGCCGGACGGGCGCCTCCTCCGCGGGTATAACCAGTTCGCCTACGACGGCAAGGATTACATCGCCCTGAACGAGGATCTGCGCTCCTGGACCGCCGCGGACACGGCGGCTCAGATCACCCAGCGCAAGTGGGAGGCGGCCCGTGAGGCGGAGCAGCGGAGAGCCTACCTGGAGGGCGAGTGCGTGGAGTGGCTCCGCAGATACCTGGAGAACGGGAAGGACAAGCTGGAGCGCGCTG
C*04:78,GCTCCCACTCCATGAGGTATTTCTCCACATCCGTGTCCTGGCCCGGCCGCGGGGAGCCCCGCTTCATCGCAGTGGGCTACGTGGACGACACGCAGTTCGTGCGGTTCGACAGCGACGCCGCGAGTCCAAGAGGGGAGCCGCGGGAGCCGTGGGTGGAGCAGGAGGGGCCGGAGTATTGGGACCGGGAGACACAGAAGTACAAGCGCCAGGCACAGGCTGACCGAGTGAACCTGCGGAAACTGCGCGGCTACTACAACCAGAGCGAGGACG,GGTCTCACACCCTCCAGAGGATGTTTGGCTGCGACCTGGGGCCGGACGGGCGCCTCCTCCGCGGGTATAACCAGTTCGCCTACGACTGCAAGGATTACATCGCCCTGAACGAGGATCTGCGCTCCTGGACCGCCGCGGACACGGCGGCTCAGATCACCCAGCGCAAGTGGGAGGCGGCCCGTGAGGCGGAGCAGCGGAGAGCCTACCTGGAGGGCACGTGCGTGGAGTGGCTCCGCAGATACCTGGAGAACGGGAAGGAGACGCTGCAGCGCGCGG
C*04:80,GCTCCCACTCCATGAGGTATTTCTACACCGCTGTGTCCCGGCCCAGCCGCGGAGAGCCCCACTTCATCGCAGTGGGCTACGTGGACGACACGCAGTTCGTGCGGTTCGACAGCGACGCCGCGAGTCCAAGAGGGGAGCCGCGGGCGCCGTGGGTGGAGCAGGAGGGGCCGGAGTATTGGGACCGGGAGACACAGAAGTACAAGCGCCAGGCACAGGCTGACCGAGTGAACCTGCGGAAACTGCGCGGCTACTACAACCAGAGCGAGGACG,GGTCTCACATCATCCAGAGGATGTATGGCTGCGACGTGGGGCCCGACGGGCGCCTCCTCCGCGGGTATAACCAGTTCGCCTACGACGGCAAGGATTACATCGCCCTGAACGAGGATCTGCGCTCCTGGACCGCCGCGGACACGGCGGCTCAGATCACCCAGCGCAAGTGGGAGGCGGCCCGTGAGGCGGAGCAGCGGAGAGCCTACCTGGAGGGCACGTGCGTGGAGTGGCTCCGCAGATACCTGGAGAACGGGAAGGAGACGCTGCAGCGCGCGG
C*04:81,GCTCCCACTCCATGAGGTATTTCTCCACATCCGTGTCCTGGCCCGGCCGCGGGGAGCCCCGCTTCATCGCAGTGGGCTACGTGGACGACACGCAGTTCGTGCGGTTCGACAGCGACGCCGCGAGTCCAAGAGGGGAGCCGCGGGAGCCGTGGGTGGAGCAGGAGGAGCCGGAGTATTGGGACCGGGAGACACAGAAGTACAAGCGCCAGGCACAGGCTGACCGAGTGAACCTGCGGAAACTGCGCGGCTACTACAACCAGAGCGAGGACG,GGTCTCACACCCTCCAGAGGATGTTTGGCTGCGACCTGGGGCCGGACGGGCGCCTCCTCCGCGGGTATAACCAGTTCGCCTACGACGGCAAGGATTACATCGCCCTGAACGAGGATCTGCGCTCCTGGACCGCCGCGGACACGGCGGCTCAGATCACCCAGCGCAAGTGGGAGGCGGCCCGTGAGGCGGAGCAGCGGAGAGCCTACCTGGAGGGCACGTGCGTGGAGTGGCTCCGCAGATACCTGGAGAACGGGAAGGAGACGCTGCAGCGCGCGG
C*04:83,GCTCCCACTCCATGAGGTATTTCTCCACATCCGTGTCCTGGCCCGGCCGCGGGGAGCCCCGCTTCATCGCAGTGGGCTACGTGGACGACACGCAGTTCGTGCGGTTCGACAGCGACGCCGCGAGTCCAAGAGGGGAGCCGCGGGAGCCGTGGGTGGAGCAGGAGGGGCCGGAGTATTGGGACCGGGAGACACAGAAGTACAAGCGCCAGGCACAGGCTGACCGAGTGAACCTGCGGAAACTGCGCGGCTACTACAACCAGAGCGAGGACG,GGTCTCACACCCTCCAGAGGATGTTTGGCTGCGACCTGGGGCCGGACGGGCTCCTCCTCCGCGGGTATAACCAGTTCGCCTACGACGGCAAGGATTACATCGCCCTGAACGAGGATCTGCGCTCCTGGACCGCCGCGGACACGGCGGCTCAGATCACCCAGCGCAAGTGGGAGGCGGCCCGTGAGGCGGAGCAGCGGAGAGCCTACCTGGAGGGCACGTGCGTGGAGTGGCTCCGCAGATACCTGGAGAACGGGAAGGAGACGCTGCAGCGCGCGG
C*04:85,GCTCCCACTCCATGAGGTATTTCTCCACATCCGTGTCCTGGCCCGGCCGCGGGGAGCCCCGCTTCATCGCAGTGGGCTACGTGGACGACACGCAGTTCGTGCGGTTCGACAGCGACGCCGCGAGTCCAAGAGGGGAGCCGCGGGAGCCGTGGGTGGAGCAGGAGGGGCCGGAGTATTGGGACCGGGAGACACAGAAGTACAAGCGCCAGGCACAGGCTGACCGAGTGAACCTGCGGAAACTGCGCGGCTACTACAACCAGAGCGAGGACG,GGTCTCACACCCTCCAGAGGATGTTTGGCTGCGACCTGGGGCCGGACGGGCGCCTCCTCCGCGGGTATAACCAGTTCGCCTACGACGGCAAGGATTACATCGCCCTGAACGAGGATCTGCGCTCCTGGACCGCCGCGGACACGGCGGCTCAGATCACCCAGCGCAAGTGGGAGGCGGCCCGTGAGGCGGAGCAGCGGAGAGCCTACCTGGAGGGCATGTGCGTGGAGTGGCTCCGCAGATACCTGGAGAACGGGAAGGAGACGCTGCAGCGCGCGG
C*04:86,GCTCCCACTCCATGAGGTATTTCTCCACATCCGTGTCCTGGCCCGGCCGCGGGGAGCCCCGCTTCATCGCAGTGGGCTACGTGGACGACACGCAGTTCGTGCGGTTCGACAGCGACGCCGCGAGTCCAAGAGGGGAGCCGCGGGAGCCGTGGGTGGAGCAGGAGGGGCCGGAGTATTGGGACCGGGAGACACAGAAGTACAAGAGCCAGGCACAGGCTGACCGAGTGAACCTGCGGAAACTGCGCGGCTACTACAACCAGAGCGAGGACG,GGTCTCACACCCTCCAGAGGATGTTTGGCTGCGACCTGGGGCCGGACGGGCGCCTCCTCCGCGGGTATAACCAGTTCGCCTACGACGGCAAGGATTACATCGCCCTGAACGAGGATCTGCGCTCCTGGACCGCCGCGGACACGGCGGCTCAGATCACCCAGCGCAAGTGGGAGGCGGCCCGTGAGGCGGAGCAGCGGAGAGCCTACCTGGAGGGCACGTGCGTGGAGTGGCTCCGCAGATACCTGGAGAACGGGAAGGAGACGCTGCAGCGCGCGG
C*04:87,GCTCCCACTCCATGAGGTATTTCTCCACATCCGTGTCCTGGCCCGGCCGCGGGGAGCCCCGCTTCATCGCAGTGGGCTACGTGGACGACACGCAGTTCGTGCGGTTCGACAGCGACGCCGCGAGTCCAAGAGGGGAGCCGCGGGGGCCGTGGGTGGAGCAGGAGGGGCCGGAGTATTGGGACCGGGAGACACAGAAGTACAAGCGCCAGGCACAGGCTGACCGAGTGAACCTGCGGAAACTGCGCGGCTACTACAACCAGAGCGAGGACG,GGTCTCACACCCTCCAGAGGATGTTTGGCTGCGACCTGGGGCCGGACGGGCGCCTCCTCCGCGGGTATAACCAGTTCGCCTACGACGGCAAGGATTACATCGCCCTGAACGAGGATCTGCGCTCCTGGACCGCCGCGGACACGGCGGCTCAGATCACCCAGCGCAAGTGGGAGGCGGCCCGTGAGGCGGAGCAGCGGAGAGCCTACCTGGAGGGCACGTGCGTGGAGTGGCTCCGCAGATACCTGGAGAACGGGAAGGAGACGCTGCAGCGCGCGG
C*04:88N,GCTCCCACTCCATGAGGTATTTCTCCACATCCGTGTCCTGGCCCGGCCGCGGGGAGCCCCGCTTCATCGCAGTGGGCTACGTGGACGACACGCAGTTCGTGCGGTTCGACAGCGACGCCGCGAGTCCAAGAGGGGAGCCGCGGGAGCCGTGGGTGGAGCAGGAGGGGCCGGAGTATTGGGACCGGGAGACACAGAAGTACAAGCGCCAGGCACAGGCTGACCGAGTGAACCTGCGGAAACTGCGCGGCTACTACAACTAGAGCGAGGACG,GGTCTCACACCCTCCAGAGGATGTTTGGCTGCGACCTGGGGCCGGACGGGCGCCTCCTCCGCGGGTATAACCAGTTCGCCTACGACGGCAAGGATTACATCGCCCTGAACGAGGATCTGCGCTCCTGGACCGCCGCGGACACGGCGGCTCAGATCACCCAGCGCAAGTGGGAGGCGGCCCGTGAGGCGGAGCAGCGGAGAGCCTACCTGGAGGGCACGTGCGTGGAGTGGCTCCGCAGATACCTGGAGAACGGGAAGGAGACGCTGCAGCGCGCGG
C*04:89,GCTCCCACTCCATGAGGTATTTCTCCACATCCGTGTCCTGGCCCGGCCGCGGGGAGCCCCGCTTCATCGCAGTGGGCTACGTGGACGACACGCAGTTCGTGCGGTTCGACAGCGACGCCGCGAGTCCAAGAGGGGAGCCGCGGGCGCCGTGGGTGGAGCAGGAGGGGCCGGAGTATTGGGACCGGGAGACACAGAAGTACAAGCGCCAGGCACAGGCTGACCGAGTGAACCTGCGGAAACTGCGCGGCTACTACAACCAGAGCGAGGACG,GGTCTCACACCCTCCAGAGGATGTTTGGCTGCGACCTGGGGCCGGACGGGCGCCTCCTCCGCGGGTATAACCAGTACGCCTACGACGGCAAGGATTACATCGCCCTGAACGAGGATCTGCGCTCCTGGACCGCCGCGGACACGGCGGCTCAGATCACCCAGCGCAAGTGGGAGGCGGCCCGTGAGGCGGAGCAGCGGAGAGCCTACCTGGAGGGCACGTGCGTGGAGTGGCTCCGCAGATACCTGGAGAACGGGAAGGAGACGCTGCAGCGCGCGG
C*04:90,GCTCCCACTCCATGAGTTATTTCTCCACATCCGTGTCCTGGCCCGGCCGCGGGGAGCCCCGCTTCATCGCAGTGGGCTACGTGGACGACACGCAGTTCGTGCGGTTCGACAGCGACGCCGCGAGTCCAAGAGGGGAGCCGCGGGAGCCGTGGGTGGAGCAGGAGGGGCCGGAGTATTGGGACCGGGAGACACAGAAGTACAAGCGCCAGGCACAGGCTGACCGAGTGAACCTGCGGAAACTGCGCGGCTACTACAACCAGAGCGAGGACG,GGTCTCACACCCTCCAGAGGATGTTTGGCTGCGACCTGGGGCCGGACGGGCGCCTCCTCCGCGGGTATAACCAGTTCGCCTACGACGGCAAGGATTACATCGCCCTGAACGAGGATCTGCGCTCCTGGACCGCCGCGGACACGGCGGCTCAGATCACCCAGCGCAAGTGGGAGGCGGCCCGTGAGGCGGAGCAGCGGAGAGCCTACCTGGAGGGCACGTGCGTGGAGTGGCTCCGCAGATACCTGGAGAACGGGAAGGAGACGCTGCAGCGCGCGG
C*04:91,GCTCCCACTCCATGAGGTATTTCTCCACATCCGTGTCCTGGCCCGGCCGCGGGGAGCCCCGCTTCATCGCAGTGGGCTACGTGGACGACACGCAGTTCGTGCGGTTCGACAGCGACGCCGCGAGTCCAAGAGGGGAGCCGCGGGAGCCGTGGGTGGAGCAGGAGGGGCCGGAGTATTGGGACCGGGAGCCACAGAAGTACAAGCGCCAGGCACAGGCTGACCGAGTGAACCTGCGGAAACTGCGCGGCTACTACAACCAGAGCGAGGACG,GGTCTCACACCCTCCAGAGGATGTTTGGCTGCGACCTGGGGCCGGACGGGCGCCTCCTCCGCGGGTATAACCAGTTCGCCTACGACGGCAAGGATTACATCGCCCTGAACGAGGATCTGCGCTCCTGGACCGCCGCGGACACGGCGGCTCAGATCACCCAGCGCAAGTGGGAGGCGGCCCGTGAGGCGGAGCAGCGGAGAGCCTACCTGGAGGGCACGTGCGTGGAGTGGCTCCGCAGATACCTGGAGAACGGGAAGGAGACGCTGCAGCGCGCGG
C*04:92,GCTCCCACTCCATGAGGTATTTCTCCACATCCGTGTCCTGGCCCGGCCGCGGGGAGCCCCGCTTCATCGCAGTGGGCTACGTGGACGACACGCAGTTCGTGCGGTTCGACAGCGACGCCGCGAGTCCAAGAGGGGAGCCGCGGGAGCCGTGGGTGGAGCAGGAGGGGCCGGAGTATTGGGACCGGGAGACAGAGAAGTACAAGCGCCAGGCACAGGCTGACCGAGTGAACCTGCGGAAACTGCGCGGCTACTACAACCAGAGCGAGGACG,GGTCTCACACCCTCCAGAGGATGTTTGGCTGCGACCTGGGGCCGGACGGGCGCCTCCTCCGCGGGTATAACCAGTTCGCCTACGACGGCAAGGATTACATCGCCCTGAACGAGGATCTGCGCTCCTGGACCGCCGCGGACACGGCGGCTCAGATCACCCAGCGCAAGTGGGAGGCGGCCCGTGAGGCGGAGCAGCGGAGAGCCTACCTGGAGGGCACGTGCGTGGAGTGGCTCCGCAGATACCTGGAGAACGGGAAGGAGACGCTGCAGCGCGCGG
C*04:93N,GCTCCCACTCCATGAGGTATTTCTCCACATCCGTGTCCTGGCCCGGCCGCGGGGAGCCCCGCTTCATCGCAGTGGGCTACGTGGACGACACGCAGTTCGTGCGGTTCGACAGCGACGCCGCGAGTCCAAGAGGGGAGCCGCGGGAGCCGTGGGTGGAGCAGGAGGGGCCGGAGTATTGGGACCGGGAGACACAGAAGTACAAGCGCCAGGCACAGGCTGACCGAGTGAACCTGCGGAAACTGCGCGGCTACTACAACCAGAGCGAGGACG,GGTCTCACACCCTCCAGAGGATGTTTGGCTGAGACCTGGGGCCGGACGGGCGCCTCCTCCGCGGGTATAACCAGTTCGCCTACGACGGCAAGGATTACATCGCCCTGAACGAGGATCTGCGCTCCTGGACCGCCGCGGACACGGCGGCTCAGATCACCCAGCGCAAGTGGGAGGCGGCCCGTGAGGCGGAGCAGCGGAGAGCCTACCTGGAGGGCACGTGCGTGGAGTGGCTCCGCAGATACCTGGAGAACGGGAAGGAGACGCTGCAGCGCGCGG
C*04:94:01,GCTCCCACTCCATGAGGTATTTCTCCACATCCGTGTCCTGGCCCGGCCGCGGGGAGCCCCGCTTCATCGCAGTGGGCTACGTGGACGACACGCAGTTCGTGCGGTTCGACAGCGACGCCGCGAGTCCAAGAGGGGAGCCGCGGGAGCCGTGGGTGGAGCAGGAGGGGCCGGAGTATTGGGACCGGGAGACACAGAAGTACAAGCGCCAGGCACAGGCTGACCGAGTGAACCTGCGGAAACTGCGCGGCTACTACAACCAGAGCGAGGACG,GGTCTCACACCCTCCAGAGGATGTTTGGCTGCGACCTGGGGCCGGACGGGCGCCTCCTCCGCGGGTATAACCAGTTCGCCTACGACGGCAAGGATTACATCGCCCTGAACGAGGATCTGCGCTCCTGGACCGCCGCGGACACGGCGGCTCAGATCACCCAGCGCAAGTGGGAGGCGGCCCGTGAGGCGGAGCAGTGGAGAGCCTACCTGGAGGGCACGTGCGTGGAGTGGCTCCGCAGATACCTGGAGAACGGGAAGGAGACGCTGCAGCGCGCGG
C*04:94:02,GCTCCCACTCCATGAGGTATTTCTCCACATCCGTGTCCTGGCCCGGCCGCGGGGAGCCCCGCTTCATCGCAGTGGGCTACGTGGACGACACGCAGTTCGTGCGGTTCGACAGCGACGCCGCGAGTCCAAGAGGGGAGCCGCGGGAGCCGTGGGTGGAGCAGGAGGGGCCGGAGTATTGGGACCGGGAGACACAGAAGTACAAGCGCCAGGCACAGGCTGACCGAGTGAACCTGCGGAAACTGCGCGGCTACTACAACCAGAGCGAGGACG,GGTCTCACACCCTCCAGAGGATGTTTGGCTGCGACCTGGGGCCGGACGGGCGCCTCCTCCGCGGGTATAACCAGTTCGCCTACGACGGCAAGGATTACATCGCCCTGAACGAGGACCTGCGCTCCTGGACCGCCGCGGACACGGCGGCTCAGATCACCCAGCGCAAGTGGGAGGCGGCCCGTGAGGCGGAGCAGTGGAGAGCCTACCTGGAGGGCACGTGCGTGGAGTGGCTCCGCAGATACCTGGAGAACGGGAAGGAGACGCTGCAGCGCGCGG
C*04:95N,GCTCCCACTCCATGAGGTATTTCTCCACATCCGTGTCCTGGCCCGGCCGCGGGGAGCCCCGCTTCATCGCAGTGGGCTACGTGGACGACACGCAGTTCGTGCGGTTCGACAGCGACGCCGCGAGTCCAAGAGGGGAGCCGCGGGAGCCGTGGGTGGAGCAGGAGGGGCCGGAGTATTGGGACCGGGAGACACAGAAGTACAAGCGCCAGGCACAGGCTGACCGAGTGAACCTGCGGAAACTGCGCGGCTACTACAACCAGAGCGAGGACG,GGTCTCACACCCTCCAGAGGATGTTTGGCTGCGACCTGGGGCCGGACGGGCGCCTCCTCCGCGGGTATAACCAGTTCGCCTACGACGGCAAGGATTACATCGCCCTGAACGAGGATCTGCGCTCCTGGACCGCCGCGGACACGGCGGCTCAGATCACCCAGCGCAAGTGGGAGGCGGCCCGTGAGGCGGAGCAGCGGAGAGCCTAACTGGAGGGCACGTGCGTGGAGTGGCTCCGCAGATACCTGGAGAACGGGAAGGAGACGCTGCAGCGCGCGG
C*04:96,GCTCCCACTCCATGAGGTATTTCTCCACATCCGTGTCCTGGCCCGGCCGCGGGGAGCCCCGCTTCATCGCAGTGGGCTACGTGGACGACACGCAGTTCGTGCGGTTCGACAGCGACGCCGCGAGTCCAAGAGGGGAGCCGCGGGAGCCGTGGGTGGAGCAGGAGGGGCCGGAGTATTGGGACCGGGAGACACAGAAGTACAAGCGCCAGGCACAGGCTGACCGAGTGAACCTGCGGAAACTGCGCGGCTACTACAACCAGAGCGAGGACG,GGTCTCACACCCTCCAGAGGATGTTTGGCTGCGACCTGGGGCCGGACGGGCGCCTCCTCTGCGGGTATAACCAGTTCGCCTACGACGGCAAGGATTACATCGCCCTGAACGAGGATCTGCGCTCCTGGACCGCCGCGGACACGGCGGCTCAGATCACCCAGCGCAAGTGGGAGGCGGCCCGTGAGGCGGAGCAGCGGAGAGCCTACCTGGAGGGCACGTGCGTGGAGTGGCTCCGCAGATACCTGGAGAACGGGAAGGAGACGCTGCAGCGCGCGG
C*04:97,GCTCCCACTCCATGAGGTATTTCTCCACATCCGTGTCCTGGCCCGGCCGCGGGGAGCCCCGCTTCATCGCAGTGGGCTACGTGGACGACACGCAGTTCGTGCGGTTCGACAGCGACGCCGCGAGTCCAAGAGGGGAGCCGCGGGAGCCGTGGGTGGAGCAGGAGGGGCCGGAGTATTGGGACCGGGAGACACAGAAGTACAAGCGCCAGGCACAGGCTGACCGAGTGAACCTGCGGAAACTGTGCGGCTACTACAACCAGAGCGAGGACG,GGTCTCACACCCTCCAGAGGATGTTTGGCTGCGACCTGGGGCCGGACGGGCGCCTCCTCCGCGGGTATAACCAGTTCGCCTACGACGGCAAGGATTACATCGCCCTGAACGAGGATCTGCGCTCCTGGACCGCCGCGGACACGGCGGCTCAGATCACCCAGCGCAAGTGGGAGGCGGCCCGTGAGGCGGAGCAGCGGAGAGCCTACCTGGAGGGCACGTGCGTGGAGTGGCTCCGCAGATACCTGGAGAACGGGAAGGAGACGCTGCAGCGCGCGG
C*04:98,GCTCCCACTCCATGAGGTATTTCTCCACATCCGTGTCCTGGCCCGGCCGCGGGGAGCCCCGCTTCATCGCAGTGGGCTACGTGGACGACACGCAGTTCGTGCGGTTCGACAGCGACGCCGCGAGTCCAAGAGGGGAGCCGCGGGAGCCGTGGGTGGAGCAGGAGGGGCCGGAGTATTGGGACCGGGAGACACAGAAGTACAAGCGCCAGGCACAGGCTGACCGAGTGAACCTGCGGAAACTGCGCGGCTACTACAACCAGAGGGAGGACG,GGTCTCACACCCTCCAGAGGATGTTTGGCTGCGACCTGGGGCCGGACGGGCGCCTCCTCCGCGGGTATAACCAGTTCGCCTACGACGGCAAGGATTACATCGCCCTGAACGAGGATCTGCGCTCCTGGACCGCCGCGGACACGGCGGCTCAGATCACCCAGCGCAAGTGGGAGGCGGCCCGTGAGGCGGAGCAGCGGAGAGCCTACCTGGAGGGCACGTGCGTGGAGTGGCTCCGCAGATACCTGGAGAACGGGAAGGAGACGCTGCAGCGCGCGG
C*04:99,GCTCCCACTCCATGAGGTATTTCTCCACATCCGTGTCCTGGCCCGGCCGCGGGGAGCCCCGCTTCATCGCAGTGGGCTACGTGGACGACACGCAGTTCGTGCGGTTCGACAGCGACGCCGCGAGTCCAAGAGGGGAGCCGCGGGAGCCGTGGGTGGAGCAGGAGGGGCCGGAGTATTGGGACCGGGAGACACAGAAGTACAAGCGCCAGGCACAGGCTGACCGAGTGAACCTGCGGAAACTGCGCGGCTACTACAACCAGAGCGAGGACG,GGTCTCACACCCTCCAGAGGATGTTTGGCTGCGACCTGGGGCCGGACGGGCGCCTCCTCCGCGGGTATAACCAGTTCGCCTACGACGGCAAGGATTACATCGCCCTGAACGAGAATCTGCGCTCCTGGACCGCCGCGGACACGGCGGCTCAGATCACCCAGCGCAAGTGGGAGGCGGCCCGTGAGGCGGAGCAGCGGAGAGCCTACCTGGAGGGCACGTGCGTGGAGTGGCTCCGCAGATACCTGGAGAACGGGAAGGAGACGCTGCAGCGCGCGG
C*04:100,GCTCCCACTCCATGAGGTATTTCTCCACATCCGTGTCCTGGCCCGGCCGCGGGGAGCCCCGCTTCATCGCAGTGGGCTACGTGGACGACACGCAGTTCGTGCGGTTCGACAGCGACGCCGCGAGTCCAAGAGGGGAGCCGCGGGAGCCGTGGGTGGAGCAGGAGGGGCCGGAGTATTGGGACCGGGAGACACAGAAGTACAAGCGCCAGGCACAGGCTGACCGAGTGAACCTGCGGAAACTGCGCGGCTACTACAACCAGAGCGAGGACG,GGTCTCACATCATCCAGAGGATGTATGGCTGCGACGTGGGGCCCGACGGGCGCCTCCTCCGCGGGTATGACCAGTTCGCCTACGACGGCAAGGATTACATCGCCCTGAACGAGGATCTGCGCTCCTGGACCGCCGCGGACACGGCGGCTCAGATCACCCAGCGCAAGTGGGAGGCGGCCCGTGAGGCGGAGCAGCGGAGAGCCTACCTGGAGGGCACGTGCGTGGAGTGGCTCCGCAGATACCTGGAGAACGGGAAGGAGACGCTGCAGCGCGCGG
C*04:101,GCTCCCACTCCATGAGGTATTTCTCCACATCCGTGTCCTGGCCCGGCCGCGGGGAGCCCCGCTTCATCGCAGTGGGCTACGTGGACGACACGCAGTTCGTGCGGTTCGACAGCGACGCCGCGAGTCCAAGAGGGGAGCCGCGGGAGCCGTGGGTGGAGCAGGAGGGGCCGGAGTATTGGGACCGGGAGACACAGAAGTACAAGCGCCAGGCACAGGCTGACCGAGTGAACCTGCGGAAACTGCGCGGCTACTACAACCAGAGCGAGGACG,GGTCTCACACCCTCCAGAGGATGTTTGGCTGCGACCTGGGGCCGGACGGGCGCCTCCTCCGCGGGTATAACCAGTTCGCCTACGACGGCAAGGATTACATCGCCCTGAACGAGGATCTGCGCTCCTGGACCGCCGCGGACACGGCGGCTCAGATCACCCAGCGCAAGTGGGAGGCGGCCGGTGAGGCGGAGCAGCGGAGAGCCTACCTGGAGGGCACGTGCGTGGAGTGGCTCCGCAGATACCTGGAGAACGGGAAGGAGACGCTGCAGCGCGCGG
C*04:102,GCTCCCACTCCATGAGGTATTTCTCCACATCCGTGTCCTGGCCCGGCCGCGGGGAGCCCCGCTTCATCGCAGTGGGCTACGTGGACGACACGCAGTTCGTGCGGTTCGACAGCGAAGCCGCGAGTCCAAGAGGGGAGCCGCGGGAGCCGTGGGTGGAGCAGGAGGGGCCGGAGTATTGGGACCGGGAGACACAGAAGTACAAGCGCCAGGCACAGGCTGACCGAGTGAACCTGCGGAAACTGCGCGGCTACTACAACCAGAGCGAGGACG,GGTCTCACACCCTCCAGAGGATGTTTGGCTGCGACCTGGGGCCGGACGGGCGCCTCCTCCGCGGGTATAACCAGTTCGCCTACGACGGCAAGGATTACATCGCCCTGAACGAGGATCTGCGCTCCTGGACCGCCGCGGACACGGCGGCTCAGATCACCCAGCGCAAGTGGGAGGCGGCCCGTGAGGCGGAGCAGCGGAGAGCCTACCTGGAGGGCACGTGCGTGGAGTGGCTCCGCAGATACCTGGAGAACGGGAAGGAGACGCTGCAGCGCGCGG
C*04:103,GCTCCCACTCCATGAGGTATTTCTACACCGCCGTGTCCCGGCCCGGCCGCGGGGAGCCCCGCTTCATCGCAGTGGGCTACGTGGACGACACGCAGTTCGTGCGGTTCGACAGCGACGCCGCGAGTCCAAGAGGGGAGCCGCGGGAGCCGTGGGTGGAGCAGGAGGGGCCGGAGTATTGGGACCGGGAGACACAGAAGTACAAGCGCCAGGCACAGGCTGACCGAGTGAACCTGCGGAAACTGCGCGGCTACTACAACCAGAGCGAGGACG,GGTCTCACACCCTCCAGAGGATGTTTGGCTGCGACCTGGGGCCGGACGGGCGCCTCCTCCGCGGGTATAACCAGTTCGCCTACGACGGCAAGGATTACATCGCCCTGAACGAGGATCTGCGCTCCTGGACCGCCGCGGACACGGCGGCTCAGATCACCCAGCGCAAGTGGGAGGCGGCCCGTGAGGCGGAGCAGCGGAGAGCCTACCTGGAGGGCACGTGCGTGGAGTGGCTCCGCAGATACCTGGAGAACGGGAAGGAGACGCTGCAGCGCGCGG
C*04:104,GCTCCCACTCCATGAGGTATTTCTCCACATCCGTGTCCTGGCCCGGCCGCGGGGAGCCCCGCTTCATCGCAGTGGGCTACGTGGACGACACGCAGTTCGTGTGGTTCGACAGCGACGCCGCGAGTCCAAGAGGGGAGCCGCGGGAGCCGTGGGTGGAGCAGGAGGGGCCGGAGTATTGGGACCGGGAGACACAGAAGTACAAGCGCCAGGCACAGGCTGACCGAGTGAACCTGCGGAAACTGCGCGGCTACTACAACCAGAGCGAGGACG,GGTCTCACACCCTCCAGAGGATGTTTGGCTGCGACCTGGGGCCGGACGGGCGCCTCCTCCGCGGGTATAACCAGTTCGCCTACGACGGCAAGGATTACATCGCCCTGAACGAGGATCTGCGCTCCTGGACCGCCGCGGACACGGCGGCTCAGATCACCCAGCGCAAGTGGGAGGCGGCCCGTGAGGCGGAGCAGCGGAGAGCCTACCTGGAGGGCACGTGCGTGGAGTGGCTCCGCAGATACCTGGAGAACGGGAAGGAGACGCTGCAGCGCGCGG
C*04:105N,GCTCCCACTCCATGAGGTATTTCTCCACATCCGTGTCCTGGCCCGGCCGCGGGGAGCCCCGCTTCATCGCAGTGGGCTACGTGGACGACACGCAGTTCGTGCGGTTCGACAGCGACGCCGCGAGTCCAAGAGGGGAGCCGCGGGAGCCGTGGGTGGAGCAGGAGGGGCCGGAGTAGTGGGACCGGGAGACACAGAAGTACAAGCGCCAGGCACAGGCTGACCGAGTGAACCTGCGGAAACTGCGCGGCTACTACAACCAGAGCGAGGACG,GGTCTCACACCCTCCAGAGGATGTTTGGCTGCGACCTGGGGCCGGACGGGCGCCTCCTCCGCGGGTATAACCAGTTCGCCTACGACGGCAAGGATTACATCGCCCTGAACGAGGATCTGCGCTCCTGGACCGCCGCGGACACGGCGGCTCAGATCACCCAGCGCAAGTGGGAGGCGGCCCGTGAGGCGGAGCAGCGGAGAGCCTACCTGGAGGGCACGTGCGTGGAGTGGCTCCGCAGATACCTGGAGAACGGGAAGGAGACGCTGCAGCGCGCGG
C*04:107,GCTCCCACTCCATGAGGTATTTCTACACCGCTGTGTCCCGGCCCAGCCGCGGAGAGCCCCACTTCATCGCAGTGGGCTACGTGGACGACACGCAGTTCGTGCGGTTCGACAGCGACGCCGCGAGTCCAAGAGGGGAGCCGCGGGCGCCGTGGGTGGAGCAGGAGGGGCCGGAGTATTGGGACCGGGAGACACAGAAGTACAAGCGCCAGGCACAGGCTGACCGAGTGAACCTGCGGAAACTGCGCGGCTACTACAACCAGAGCGAGGCCG,GGTCTCACACCCTCCAGAGGATGTTTGGCTGCGACCTGGGGCCGGACGGGCGCCTCCTCCGCGGGTATAACCAGTTCGCCTACGACGGCAAGGATTACATCGCCCTGAACGAGGATCTGCGCTCCTGGACCGCCGCGGACACGGCGGCTCAGATCACCCAGCGCAAGTGGGAGGCGGCCCGTGAGGCGGAGCAGCGGAGAGCCTACCTGGAGGGCACGTGCGTGGAGTGGCTCCGCAGATACCTGGAGAACGGGAAGGAGACGCTGCAGCGCGCGG
C*04:108,GCTCCCACTCCATGAGGTATTTCTCCACATCCGTGTCCTGGCCCGGCCGCGGGGAGCCCCGCTTCATCGCAGTGGGCTACGTGGACGACACGCAGTTCGTGCGGTTCGACAGCGACGCCGCGAGTCCAAGAGGGGAGCCGCGGGAGCCGTGGGTGGAGCAGGAGGGGCCGGAGTATTGGGACCGGGAGACACAGAAGTACAAGCGCCAGGCACAGGCTGACCGAGTGAACCTGCGGAAACTGCGCGGCTACTACAACCAGAGCGAGGACG,GGTCTCACACCCTCCAGAGGATGTTTGGCTGCGACCTGGGGCCGGACGGGCGCCTCCTCCGCGGGCATGACCAGTTCGCCTACGACGGCAAGGATTACATCGCCCTGAACGAGGATCTGCGCTCCTGGACCGCCGCGGACACGGCGGCTCAGATCACCCAGCGCAAGTGGGAGGCGGCCCGTGAGGCGGAGCAGCGGAGAGCCTACCTGGAGGGCACGTGCGTGGAGTGGCTCCGCAGATACCTGGAGAACGGGAAGGAGACGCTGCAGCGCGCGG
C*04:109,GCTCCCACTCCATGAGGTATTTCTCCACATCCGTGTCCTGGCCCGGCCGCGGGGAGCCCCGCTTCATCGCAGTGGGCTACGTGGACGACACGCAGTTCGTGCGGTTCGACAGCGACGCCGCGAGTCCAAGAGGGGAGCCGCGGGAGCCGTGGGTGGAGCAGGAGGGGCCGGAGTATTGGGACCGGGAGACACAGAAGTACAAGCGCCAGGCACAGGCTGACCGAGTGAACCTGCGGAAACTGCGCGGCTACTACAACCAGAGCGAGGACG,GGTCTCACACCCTCCAGAGGATGTTTGGCTGCGACCTGGGGCCGGACGGGCGCCTCTTCCGCGGGTATAACCAGTTCGCCTACGACGGCAAGGATTACATCGCCCTGAACGAGGATCTGCGCTCCTGGACCGCCGCGGACACGGCGGCTCAGATCACCCAGCGCAAGTGGGAGGCGGCCCGTGAGGCGGAGCAGCGGAGAGCCTACCTGGAGGGCACGTGCGTGGAGTGGCTCCGCAGATACCTGGAGAACGGGAAGGAGACGCTGCAGCGCGCGG
C*04:110,GCTCCCACTCCATGAGGTATTTCTCCACATCCGTGTCCTGGCCCGGCCGCGGGGAGCCCCGCTTCATCGCAGTGGGCTACGTGGACGACACGCAGTTCGTGCGGTTCGACAGCGACGCCGCGAGTCCAAGAGGGGAGCCGCGGGAGCCGTGGGTGGAGCAGGAGGGGCCGGAGTATTGGGACCGGGAGACACAGAAGTACAAGCGCCAGGCACAGGCTGACCGAGTGAACCTGCGGAAACTGCGCGGCTACTACAACCAGAGCGAGGACG,GGTCTCACATCATCCAGAGGATGTTTGGCTGCGACCTGGGGCCGGACGGGCGCCTCCTCCGCGGGTATAACCAGTTCGCCTACGACGGCAAGGATTACATCGCCCTGAACGAGGATCTGCGCTCCTGGACCGCCGCGGACACGGCGGCTCAGATCACCCAGCGCAAGTGGGAGGCGGCCCGTGAGGCGGAGCAGCGGAGAGCCTACCTGGAGGGCACGTGCGTGGAGTGGCTCCGCAGATACCTGGAGAACGGGAAGGAGACGCTGCAGCGCGCGG
C*04:111,GCTCCCACTCCATGAGGTATTTCTCCACATCCGTGTCCTGGCCCGGCCGCGGGGAGCCCCGCTTCATCGCAGTGGGCTACGTGGACGACACGCAGTTCGTGCGGTTCGACAGCGACGCCGCGAGTCCAAGAGGGGAGCCGCGGGAGCCGTGGGTGGAGCAGGAGGGGCCGGAGTATTGGGACCGGGAGACACAGAAGTACAAGCGCCAGGCACAGGCTGACCGAGTGAACCTGCGGAAACTGCGCGGCTACTACAACCAGAGCGAGGACG,GGTCTCACACCCTCCAGAGGATGTTTGGCTGCGACCTGGGGCCGGACGGGCGCCTCCTCCGCGGGTATAACCAGTTCGCCTACGACGGCAAGGATTACATCGCCCTGAACGAGGATCTGCGCTCCTGGACCGCCGCGGACACGGCGGCTCAGATCACCCAGCGCAAGTGGGAGGCGGCCCGTGAGGCGGAGCAGCGGACAGCCTACCTGGAGGGCACGTGCGTGGAGTGGCTCCGCAGATACCTGGAGAACGGGAAGGAGACGCTGCAGCGCGCGG
C*04:112,GCTCCCACTCCATGAGGTATTTCTCCACATCCGTGTCCTGGCCCGGCCGCGGGGAGCCCCGCTTCATCGCAGTGGGCTACGTGGACGACACGCAGTTCGTGCGGTTCGACAGCGACGCCGCGAGTCCAAGAGGGGAGCCGCGGGAGCCGTGGGTGGAGCAGGAGGGGCCGGAGTATTGGGACCGGGAGACACAGAACTACAAGCGCCAGGCACAGGCTGACCGAGTGAACCTGCGGAAACTGCGCGGCTACTACAACCAGAGCGAGGACG,GGTCTCACACCCTCCAGAGGATGTTTGGCTGCGACCTGGGGCCGGACGGGCGCCTCCTCCGCGGGTATAACCAGTTCGCCTACGACGGCAAGGATTACATCGCCCTGAACGAGGATCTGCGCTCCTGGACCGCCGCGGACACGGCGGCTCAGATCACCCAGCGCAAGTGGGAGGCGGCCCGTGAGGCGGAGCAGCGGAGAGCCTACCTGGAGGGCACGTGCGTGGAGTGGCTCCGCAGATACCTGGAGAACGGGAAGGAGACGCTGCAGCGCGCGG
C*04:113,GCTCCCACTCCATGAGGTATTTCTCCACATCCGTGTCCTGGCCCGGCCGCGGGGAGCCCCGCTTCATCGCAGTGGGCTACGTGGACGACACGCAGTTCGTGCGGTTCGACAGCGACGCCGCGAGTCCAAGAGGGGAGCCGCGGGAGCCGTGGGTGGAGCAGGAGGGGCCGGAGTATTGGGACCGGGAGACACAGAAGTACAAGCGCCAGGCACAGGCTGACCGAGTGAACCTGCGGAAACTGCGCGGCTACTACAACCAGAGCGAGGACG,GGTCTCACACCCTCCAGAGGATGTTTGGCTGCGACCTGGGGCCGGACGGGCGCCTCCTCCGCGGGTATAACCAGTTCGCCTACGACGGCAAGGATTACATCGCCCTGAACGAGGATCTGCGCTCCTGGACCGCCGCGGACACGGCGGCTCAGATCACCCAGCGCAAGTGGGAGGCGGCCCGTGTGGCGGAGCAGCGGAGAGCCTACCTGGAGGGCACGTGCGTGGAGTGGCTCCGCAGATACCTGGAGAACGGGAAGGAGACGCTGCAGCGCGCGG
C*04:114,GCTCCCACTCCATGAGGTATTTCTCCACATCCGTGTCCTGGCCCGGCCGCGGGGAGCCCCGCTTCATCGCAGTGGGCTACGTGGACGACACGCAGTTCGTGCGGTTCGACAGCGACGCCGCGAGTCCAAGAGGGGAGCCGCGGGAGCCGTGGGTGGAGCAGGAGGGGCCGGAGTATTGGGACCGGGAGACACAGAAGTACAAGCGCCAGGCACAGGCTGACCGAGTGAACCTGCGGAACCTGCGCGGCTACTACAACCAGAGCGAGGACG,GGTCTCACACCCTCCAGAGGATGTTTGGCTGCGACCTGGGGCCGGACGGGCGCCTCCTCCGCGGGTATAACCAGTTCGCCTACGACGGCAAGGATTACATCGCCCTGAACGAGGATCTGCGCTCCTGGACCGCCGCGGACACGGCGGCTCAGATCACCCAGCGCAAGTGGGAGGCGGCCCGTGAGGCGGAGCAGCGGAGAGCCTACCTGGAGGGCACGTGCGTGGAGTGGCTCCGCAGATACCTGGAGAACGGGAAGGAGACGCTGCAGCGCGCGG
C*04:115N,GCTCCCACTCCATGAGGTATTTCTCCACATCCGTGTCCTGGCCCGGCCGCGGGGAGCCCCGCTTCATCGCAGTGGGCTACGTGGACGACACGCAGTTCGTGCGGTTCGACAGCGACGCCGCGAGTCCAAGAGGGGAGCCGCGGTAGCCGTGGGTGGAGCAGGAGGGGCCGGAGTATTGGGACCGGGAGACACAGAAGTACAAGCGCCAGGCACAGGCTGACCGAGTGAACCTGCGGAAACTGCGCGGCTACTACAACCAGAGCGAGGACG,GGTCTCACACCCTCCAGAGGATGTTTGGCTGCGACCTGGGGCCGGACGGGCGCCTCCTCCGCGGGTATAACCAGTTCGCCTACGACGGCAAGGATTACATCGCCCTGAACGAGGATCTGCGCTCCTGGACCGCCGCGGACACGGCGGCTCAGATCACCCAGCGCAAGTGGGAGGCGGCCCGTGAGGCGGAGCAGCGGAGAGCCTACCTGGAGGGCACGTGCGTGGAGTGGCTCCGCAGATACCTGGAGAACGGGAAGGAGACGCTGCAGCGCGCGG
C*04:116,GCTCCCACTCCATGAGGTATTTCTCCACATCCGTGTCCTGGCCCGGCCGCGGGGAGCCCCGCTTCATCGCAGTGGGCTACGTGGACGACACGCAGTTCGTGCGGTTCGACAGCGACGCCGCGAGTCCAAGAGGGGAGCCGCGGGAGCCGTGGGTGGAGCAGGAGGGGCCGGAGTATTGGGACCGGGAGACACAGAAGTACAAGCGCCAGGCACAGGCTGACCGAGTGAACCTGCGGAAACTGCGCGGCTACTACAACCAGAGCGAGGAAG,GGTCTCACACCCTCCAGAGGATGTTTGGCTGCGACCTGGGGCCGGACGGGCGCCTCCTCCGCGGGTATAACCAGTTCGCCTACGACGGCAAGGATTACATCGCCCTGAACGAGGATCTGCGCTCCTGGACCGCCGCGGACACGGCGGCTCAGATCACCCAGCGCAAGTGGGAGGCGGCCCGTGAGGCGGAGCAGCGGAGAGCCTACCTGGAGGGCACGTGCGTGGAGTGGCTCCGCAGATACCTGGAGAACGGGAAGGAGACGCTGCAGCGCGCGG
C*04:117,GCTCCCACTCCATGAGGTATTTCTCCACATCCGTGTCCTGGCCCGGCCGCGGGGAGCCCCGCTTCATCGCAGTGGGCTACGTGGACGACACGCAGTTCGTGCGGTTCGACAGCGACGCCGCGAGTCCAAGAGGGGAGCCGCGGGAGCCGTGGGTGGAGCAGGAGGGGCCGGAGTATTGGGACCGGGAGACACAGAAGTACAAGCGCCAGGCACAGGCTGACCGAGTGAACCTGCGGAAACTGCGCGGCTACTACAACCAGAGCGAGGACG,GGTCTCTCACCCTCCAGAGGATGTTTGGCTGCGACCTGGGGCCGGACGGGCGCCTCCTCCGCGGGTATAACCAGTTCGCCTACGACGGCAAGGATTACATCGCCCTGAACGAGGATCTGCGCTCCTGGACCGCCGCGGACACGGCGGCTCAGATCACCCAGCGCAAGTGGGAGGCGGCCCGTGAGGCGGAGCAGCGGAGAGCCTACCTGGAGGGCACGTGCGTGGAGTGGCTCCGCAGATACCTGGAGAACGGGAAGGAGACGCTGCAGCGCGCGG
C*04:118,GCTCCCACTCCATGAGGTATTTCTCCACATCCGTGTCCTGGCCCGGCCGCGGGGAGCCCCGCTTCATCGCAGTGGGCTACGTGGACGACACGCAGTTCGTGCGGTTCGACAGCGACGCCGCGAGTCCAAGAGGGGAGCCGCGGGAGCCGTGGGTGGAGCAGGAGGGGCCGGAGTATTGGGACCGGGAGACACAGAAGTACAAGCGCCAGGCACAGGCTGACCGAGTGAACCTGCGGAAACTGCGCGGCTACTACAACCAGAGCGAGGACG,GGTCTCACACCCTCCAGAGGATGTTTGGCTGCGACCTGGGGCCGGACGGGAGCCTCCTCCGCGGGTATAACCAGTTCGCCTACGACGGCAAGGATTACATCGCCCTGAACGAGGATCTGCGCTCCTGGACCGCCGCGGACACGGCGGCTCAGATCACCCAGCGCAAGTGGGAGGCGGCCCGTGAGGCGGAGCAGCGGAGAGCCTACCTGGAGGGCACGTGCGTGGAGTGGCTCCGCAGATACCTGGAGAACGGGAAGGAGACGCTGCAGCGCGCGG
C*04:119,GCTCCCACTCCATGAGGTATTTCTCCACATCCGTGTCCTGGCCCGGCCGCGGGGAGCCCCGCTTCATCGCAGTGGGCTACGTGGACGACACGCAGTTCGTGCGGTTCGACAGCGACGCCGGGAGTCCAAGAGGGGAGCCGCGGGAGCCGTGGGTGGAGCAGGAGGGGCCGGAGTATTGGGACCGGGAGACACAGAAGTACAAGCGCCAGGCACAGGCTGACCGAGTGAACCTGCGGAAACTGCGCGGCTACTACAACCAGAGCGAGGACG,GGTCTCACACCCTCCAGAGGATGTTTGGCTGCGACCTGGGGCCGGACGGGCGCCTCCTCCGCGGGTATAACCAGTTCGCCTACGACGGCAAGGATTACATCGCCCTGAACGAGGATCTGCGCTCCTGGACCGCCGCGGACACGGCGGCTCAGATCACCCAGCGCAAGTGGGAGGCGGCCCGTGAGGCGGAGCAGCGGAGAGCCTACCTGGAGGGCACGTGCGTGGAGTGGCTCCGCAGATACCTGGAGAACGGGAAGGAGACGCTGCAGCGCGCGG
C*04:120,GCTCCCACTCCATGAGGTATTTCTCCACATCCGTGTCCTGGCCCGGCCGCGGGGAGCCCCGCTTCATCGCAGTGGGCTACGTGGACGACACGCAGTTCGTGCGGTTCGACAGCGACGCCGCGAGTCCAAGAGGGGAGCCGCGGGAGCCGTGGGTGGAGCAGGAGGGGCCGGAGTATTGGGACCGGGAGACACAGAAGTACAAGCGCCAGGCACAGGCTGACCGAGTGAACCTGCGGAAACTGCGCGGCTACTACAACCAGAGCGAGGACG,GGTCTCACACCCTCCAGAGGATGTTTGGCTGCGACCTGGGGCCGGACGGGCGCCTCCTCCGCGGGTATAACCAGTTCGCCTACGACGGCAAGGATTACATCGCCCTGAACGAGGATCTGCGCTCCTGGACCGCCGCGGACACGGCGGCTCAGATCACCCAGCGCAAGTGGGAGGCGGCCCGTGAGGCGGAGCAGCGGAGAGCCTACCTGGAGGGCACGTGCGTGGAGTGGCTCCGCAGATACCTGGAGAACGGGAAGAAGACGCTGCAGCGCGCGG
C*04:121,GCTCCCACTCCATGAGGTATTTCTCCACATCCGTGTCCTGGCCCGGCCGCGGGGAGCCCCGCTTCATCGCAGTGGGCTACGTGGACGACACGCAGTTCGTGCGGTTCGACAGCGACGCCGCGAGTCCAAGAGGGGAGCCGCGGGAGCCGTGGGTGGAGCAGGAGGGGCCGGAGTATTGGGACCGGGAGACACAGAAGTACAAGCGCCAGGCACAGGCTGACCGAGTGAACCTGCGGAAACTGCGCGGCTACTACAACCAGAGCGAGGACG,GGTCTCACACCCTCCAGAGGATGTTTGGCTGCGACCTGGGGCCGGACGGGCGCCTCCTCCGCGGGTATAACCAGTTCGCCTACGACGGCAAGGATTACATCGCCCTGAACGAGGATCTGCGCTCCTGGACCGCCGCGGACACGGCGGCTCAGATCACCCAGCGCAAGTGGGAGGCGGCCCGTGAGGCGGAGCAGCGGAGAGCCTACCTGGAGGGCACGTGCGTGGTGTGGCTCCGCAGATACCTGGAGAACGGGAAGGAGACGCTGCAGCGCGCGG
C*04:122,GCTCCCACTCCATGAGGTATTTCTCCACATCCGTGTCCTGGCCCGGCCGCGGGGAGCCCCGCTTCATCGCAGTGGGCTACGTGGACGACACGCAGTTCGTGCGGTTCGACAGCGACGCCGCGAGTCCAAGAGGGGAGCCGCGGGAGCCGTGGGTGGAGCAGGAGGGGCCGGAGTATTGGGACCGGGAGACACAGAAGTACAAGCGCCAGGCACAGGCTGACCGAGTGAACCTGCGGAAACTGCGCGGCTACTACAACCAGAGCGAGGACG,GGTCTCACACCCTCCAGAGGATGTTTGGCTGCGACCTGGGGCCGGACGGGCGCCTCCTCCGCGGGTATAACCAGTTCGCCTACGACGGCAAGGATTACATCGCCCTGAACGAGGATCTGCGCTCCTGGACCGCCGCGGACACGGCGGCTCAGATCACCCAGCGCAAGTGGGAGGCGGCCCGTGTGGCGGAGCAGCTGAGAGCCTACCTGGAGGGCACGTGCGTGGAGTGGCTCCGCAGATACCTGGAGAACGGGAAGGAGACGCTGCAGCGCGCGG
C*04:123N,GCTCCCACTCCATGAGGTATTTCTCCACATCCGTGTCCTGGCCCGGCCGCGGGGAGCCCCGCTTCATCGCAGTGGGCTACGTGGACGACACGCAGTTCGTGCGGTTCGACAGCGACGCCGCGAGTCCAAGAGGGGAGCCGCGGGAGCCGTGGGTGGAGCAGGAGGGGCCGGAGTATTGGGACCGGGAGACACAGAAGTACAAGCGCCAGGCACAGGCTGACCGAGTGAACCTGCGGAAACTGCGCGGCTACTACAACCAGAGCGAGGACG,GGTCTCACACCCTCCAGAGGATGTTTGGCTGCGACCTGGGGCCGGACGGGCGCCTCCTCCGCGGGTATAACTAGTTCGCCTACGACGGCAAGGATTACATCGCCCTGAACGAGGATCTGCGCTCCTGGACCGCCGCGGACACGGCGGCTCAGATCACCCAGCGCAAGTGGGAGGCGGCCCGTGAGGCGGAGCAGCGGAGAGCCTACCTGGAGGGCACGTGCGTGGAGTGGCTCCGCAGATACCTGGAGAACGGGAAGGAGACGCTGCAGCGCGCGG
C*04:124,GCTCCCACTCCATGAGGTATTTCTCCACATCCGTGTCCTGGCCCGGCCGCGGGGAGCCCCGCTTCATCGCAGTGGGCTACGTGGACGACACGCAGTTCGTGCGGTTCGACAGCGACGCCGCGAGTCCAAGAGGGGAGCCGCGGGAGCCGTGGGTGGAGCAGGAGGGGCCGGAGTATTGGGACCGGCAGACACAGAAGTACAAGCGCCAGGCACAGGCTGACCGAGTGAACCTGCGGAAACTGCGCGGCTACTACAACCAGAGCGAGGACG,GGTCTCACACCCTCCAGAGGATGTTTGGCTGCGACCTGGGGCCGGACGGGCGCCTCCTCCGCGGGTATAACCAGTTCGCCTACGACGGCAAGGATTACATCGCCCTGAACGAGGATCTGCGCTCCTGGACCGCCGCGGACACGGCGGCTCAGATCACCCAGCGCAAGTGGGAGGCGGCCCGTGAGGCGGAGCAGCGGAGAGCCTACCTGGAGGGCACGTGCGTGGAGTGGCTCCGCAGATACCTGGAGAACGGGAAGGAGACGCTGCAGCGCGCGG
C*04:125,GCTCCCACTCCATGAGGTATTTCTCCACATCCGTGTCCTGGCCCGGCCGCGGGGAGCCCCGCTTCATCGCAGTGGGCTACGTGGACGACACGCAGTTCGTGCGGTTCGACAGCGACGCCGCGAGTCCAAGAGGGGAGCCGCGGGAGCCGTGGGTGGAGCAGGAGGGGCCGGAGTATTGGGACCGGGAGACACAGAAGTACAAGCGCCAGGCACAGGCTGACCGAGTGAACCTGCGGAAACTGCGCGGCTACTACAACCAGAGCGAGGACG,GGTCTCACACCCTCCAGAGGATGTTTGACTGCGACCTGGGGCCGGACGGGCGCCTCCTCCGCGGGTATAACCAGTTCGCCTACGACGGCAAGGATTACATCGCCCTGAACGAGGATCTGCGCTCCTGGACCGCCGCGGACACGGCGGCTCAGATCACCCAGCGCAAGTGGGAGGCGGCCCGTGAGGCGGAGCAGCGGAGAGCCTACCTGGAGGGCACGTGCGTGGAGTGGCTCCGCAGATACCTGGAGAACGGGAAGGAGACGCTGCAGCGCGCGG
C*04:126,GCTCCCACTCCATGAGGTATTTCTCCACATCCGTGTCCTGGCCCGGCCGCGGGGAGCCCCGCTTCATCGCAGTGGGCTACGTGGACGACACGCAGTTCGTGCGGTTCGACAGCGACGCCGCGAGTCCAAGAGGGGAGCCGCGGGAGCCGTGGGTGGAGCAGGAGGGGCCGGAGTATTGGGACCGGGAGACACAGAAGTACAAGCGCCAGGCACAGGCTGACCGAGTGAACCTGCGGAAACTGCGCGGCTACTACAACCAGAGCGAGGACG,GGTCTCACACCCTCCAGAGGATGTTTGGCTGCGACCTGGGGCCGGACGGGCGCCTCCTCCGCGGGTATAACCAGTTCGCCTACGACGGCAAGGATTACATCGCCCTGAACGAGGATCTGCGCTCCTGGACCGCCGCGGACACGGCGGCTCAGATCATCCAGCGCAAGTGGGAGGCGGCCCGTGAGGCGGAGCAGCGGAGAGCCTACCTGGAGGGCACGTGCGTGGAGTGGCTCCGCAGATACCTGGAGAACGGGAAGGAGACGCTGCAGCGCGCGG
C*04:127,GCTCCCACTCCATGAGGTATTTCTCCACATCCGTGTCCTGGCCCGGCCGCGGGGAGCCCCGCTTCATCGCAGTGGGCTACGTGGACGACACGCAGTTCGTGCGGTTCGACAGCGACGCCGCGAGTCCAAGAGGGGAGCCGCGGGAGCCGTGGGTGGAGCAGGAGGGGCCGGAGTATTGGGACCGGGAGACACAGAAGTACAAGCGCCAGGCACAGGCTGACCGAGTGAACCTGCGGAAACTGCGCGGCTACTACAACCAGAGCGAGGACG,GGTCTCACACCCTCCAGAGGATGTTTGGCTGCGACCTGGGGCCGGACGGGCGCCTCCTCCGCGGGTATAACCAGTTCGTCTACGACGGCAAGGATTACATCGCCCTGAACGAGGATCTGCGCTCCTGGACCGCCGCGGACACGGCGGCTCAGATCACCCAGCGCAAGTGGGAGGCGGCCCGTGAGGCGGAGCAGCGGAGAGCCTACCTGGAGGGCACGTGCGTGGAGTGGCTCCGCAGATACCTGGAGAACGGGAAGGAGACGCTGCAGCGCGCGG
C*04:128,GCTCCCACTCCATGAGGTATTTCTCCACATCCGTGTCCTGGCCCGGCCGCGGGGAGCCCCGCTTCATCGCAGTGGGCTACGTGGACGACACGCAGTTCGTGCGGTTCGACAGCGACGCCGCGAGTCCAAGAGGGGAGCCGCGGGAGCCGTGGGTGGAGCAGGAGGGGCCGGAGTGTTGGGACCGGGAGACACAGAAGTACAAGCGCCAGGCACAGGCTGACCGAGTGAACCTGCGGAAACTGCGCGGCTACTACAACCAGAGCGAGGACG,GGTCTCACACCCTCCAGAGGATGTTTGGCTGCGACCTGGGGCCGGACGGGCGCCTCCTCCGCGGGTATAACCAGTTCGCCTACGACGGCAAGGATTACATCGCCCTGAACGAGGATCTGCGCTCCTGGACCGCCGCGGACACGGCGGCTCAGATCACCCAGCGCAAGTGGGAGGCGGCCCGTGAGGCGGAGCAGCGGAGAGCCTACCTGGAGGGCACGTGCGTGGAGTGGCTCCGCAGATACCTGGAGAACGGGAAGGAGACGCTGCAGCGCGCGG
C*04:129,GCTCCCACTCCATGAGGTATTTCTCCACATCCGTGTCCTGGCCCGGCCGCGGGGAGCCCCGCTTCATCGCAGTGGGCTACGTGGACGACACGCAGTTCGTGCAGTTCGACAGCGACGCCGCGAGTCCAAGAGGGGAGCCGCGGGAGCCGTGGGTGGAGCAGGAGGGGCCGGAGTATTGGGACCGGGAGACACAGAAGTACAAGCGCCAGGCACAGGCTGACCGAGTGAACCTGCGGAAACTGCGCGGCTACTACAACCAGAGCGAGGACG,GGTCTCACACCCTCCAGAGGATGTTTGGCTGCGACCTGGGGCCGGACGGGCGCCTCCTCCGCGGGTATAACCAGTTCGCCTACGACGGCAAGGATTACATCGCCCTGAACGAGGATCTGCGCTCCTGGACCGCCGCGGACACGGCGGCTCAGATCACCCAGCGCAAGTGGGAGGCGGCCCGTGAGGCGGAGCAGCGGAGAGCCTACCTGGAGGGCACGTGCGTGGAGTGGCTCCGCAGATACCTGGAGAACGGGAAGGAGACGCTGCAGCGCGCGG
C*04:130,GCTCCCACTCCATGAGGTATTTCTCCACATCCGTGTCCTGGCCCGGCCGCGGGGAGCCCCGCTTCATCGCAGTGGGCTACGTGGACGACACGCAGTTCGTGCGGTTCGACAGCGACGCCGCGAGTACAAGAGGGGAGCCGCGGGAGCCGTGGGTGGAGCAGGAGGGGCCGGAGTATTGGGACCGGGAGACACAGAAGTACAAGCGCCAGGCACAGGCTGACCGAGTGAACCTGCGGAAACTGCGCGGCTACTACAACCAGAGCGAGGACG,GGTCTCACACCCTCCAGAGGATGTTTGGCTGCGACCTGGGGCCGGACGGGCGCCTCCTCCGCGGGTATAACCAGTTCGCCTACGACGGCAAGGATTACATCGCCCTGAACGAGGATCTGCGCTCCTGGACCGCCGCGGACACGGCGGCTCAGATCACCCAGCGCAAGTGGGAGGCGGCCCGTGAGGCGGAGCAGCGGAGAGCCTACCTGGAGGGCACGTGCGTGGAGTGGCTCCGCAGATACCTGGAGAACGGGAAGGAGACGCTGCAGCGCGCGG
C*04:131,GCTCCCACTCCATGAGGTATTTCTCCACATCCGTGTCCTGGCCCGGCCGCGGGGAGCCCCGCTTCATCGCAGTGGGCTACGTGGACGACACGCAGTTCGTGCGGTTCGACAGCGACGCCGCGAGTCCAAGAGGGGAGCCGCAGGAGCCGTGGGTGGAGCAGGAGGGGCCGGAGTATTGGGACCGGGAGACACAGAAGTACAAGCGCCAGGCACAGGCTGACCGAGTGAACCTGCGGAAACTGCGCGGCTACTACAACCAGAGCGAGGACG,GGTCTCACACCCTCCAGAGGATGTTTGGCTGCGACCTGGGGCCGGACGGGCGCCTCCTCCGCGGGTATAACCAGTTCGCCTACGACGGCAAGGATTACATCGCCCTGAACGAGGATCTGCGCTCCTGGACCGCCGCGGACACGGCGGCTCAGATCACCCAGCGCAAGTGGGAGGCGGCCCGTGAGGCGGAGCAGCGGAGAGCCTACCTGGAGGGCACGTGCGTGGAGTGGCTCCGCAGATACCTGGAGAACGGGAAGGAGACGCTGCAGCGCGCGG
C*04:132,GCTCCCACTCCATGAGGTATTTCTCCACATCCGTGTCCTGGCCCGGCCGCGGGGAGCCCCGCTTCATCGCAGTGGGCTACGTGGACGACACGCAGTTCGTGCGGTTCGACAGCGACGCCGCGAGTCCAAGAGGGGAGCCGCGGGAGCCGTGGGTGGAGCAGGAGGGGCCGGAGTATTGGGACCGGGAGACACAGAAGTACAAGCTCCAGGCACAGGCTGACCGAGTGAACCTGCGGAAACTGCGCGGCTACTACAACCAGAGCGAGGACG,GGTCTCACACCCTCCAGAGGATGTTTGGCTGCGACCTGGGGCCGGACGGGCGCCTCCTCCGCGGGTATAACCAGTTCGCCTACGACGGCAAGGATTACATCGCCCTGAACGAGGATCTGCGCTCCTGGACCGCCGCGGACACGGCGGCTCAGATCACCCAGCGCAAGTGGGAGGCGGCCCGTGAGGCGGAGCAGCGGAGAGCCTACCTGGAGGGCACGTGCGTGGAGTGGCTCCGCAGATACCTGGAGAACGGGAAGGAGACGCTGCAGCGCGCGG
C*05:01:01G,GCTCCCACTCCATGAGGTATTTCTACACCGCCGTGTCCCGGCCCGGCCGCGGAGAGCCCCGCTTCATCGCAGTGGGCTACGTGGACGACACGCAGTTCGTGCAGTTCGACAGCGACGCCGCGAGTCCAAGAGGGGAGCCGCGGGCGCCGTGGGTGGAGCAGGAGGGGCCGGAGTATTGGGACCGGGAGACACAGAAGTACAAGCGCCAGGCACAGACTGACCGAGTGAACCTGCGGAAACTGCGCGGCTACTACAACCAGAGCGAGGCCG,GGTCTCACACCCTCCAGAGGATGTATGGCTGCGACCTGGGGCCCGACGGGCGCCTCCTCCGCGGGTATAACCAGTTCGCCTACGACGGCAAGGATTACATCGCCCTGAATGAGGACCTGCGCTCCTGGACCGCCGCGGACAAGGCGGCTCAGATCACCCAGCGCAAGTGGGAGGCGGCCCGTGAGGCGGAGCAGCGGAGAGCCTACCTGGAGGGCACGTGCGTGGAGTGGCTCCGCAGATACCTGGAGAACGGGAAGAAGACGCTGCAGCGCGCGG
C*05:01:02,GCTCCCACTCCATGAGGTATTTCTACACCGCCGTGTCCCGGCCCGGCCGCGGAGAGCCCCGCTTCATCGCAGTGGGCTACGTGGACGACACGCAGTTCGTGCAGTTCGACAGCGACGCCGCGAGTCCAAGAGGGGAGCCGCGGGCGCCGTGGGTGGAGCAGGAGGGGCCGGAGTATTGGGACCGGGAGACACAGAAGTACAAGCGCCAGGCACAGACTGACCGAGTGAACCTGCGGAAACTGCGCGGCTACTACAACCAGAGCGAGGCCG,GGTCTCACACCCTCCAGAGGATGTATGGCTGCGACCTGGGGCCCGACGGGCGCCTCCTCCGCGGGTATAACCAGTTCGCCTACGACGGCAAGGATTACATCGCCCTGAACGAGGACCTGCGCTCCTGGACCGCCGCGGACAAGGCGGCTCAGATCACCCAGCGCAAGTGGGAGGCGGCCCGTGAGGCGGAGCAGCGGAGAGCCTACCTGGAGGGCACGTGCGTGGAGTGGCTCCGCAGATACCTGGAGAACGGGAAGAAGACGCTGCAGCGCGCGG
C*05:01:03,GCTCCCACTCCATGAGGTATTTCTACACCGCCGTGTCCCGGCCCGGCCGCGGAGAGCCCCGCTTCATCGCAGTGGGCTACGTGGACGACACGCAGTTCGTGCAGTTCGACAGCGACGCCGCGAGTCCAAGAGGGGAGCCGCGGGCGCCGTGGGTGGAGCAGGAGGGGCCGGAGTATTGGGACCGGGAGACACAGAAGTACAAGCGCCAGGCACAGACTGACCGAGTGAACCTGCGGAAACTGCGCGGCTACTACAACCAGAGCGAGGCCG,GGTCTCACACCCTCCAGAGGATGTACGGCTGCGACCTGGGGCCCGACGGGCGCCTCCTCCGCGGGTATAACCAGTTCGCCTACGACGGCAAGGATTACATCGCCCTGAATGAGGACCTGCGCTCCTGGACCGCCGCGGACAAGGCGGCTCAGATCACCCAGCGCAAGTGGGAGGCGGCCCGTGAGGCGGAGCAGCGGAGAGCCTACCTGGAGGGCACGTGCGTGGAGTGGCTCCGCAGATACCTGGAGAACGGGAAGAAGACGCTGCAGCGCGCGG
C*05:01:06,GCTCCCACTCCATGAGGTATTTCTACACCGCCGTGTCCCGGCCCGGCCGCGGAGAGCCCCGCTTCATCGCAGTGGGCTACGTGGACGACACGCAGTTCGTGCAGTTCGACAGCGACGCCGCGAGTCCAAGAGGGGAGCCGCGGGCGCCGTGGGTGGAGCAGGAGGGGCCGGAATATTGGGACCGGGAGACACAGAAGTACAAGCGCCAGGCACAGACTGACCGAGTGAACCTGCGGAAACTGCGCGGCTACTACAACCAGAGCGAGGCCG,GGTCTCACACCCTCCAGAGGATGTATGGCTGCGACCTGGGGCCCGACGGGCGCCTCCTCCGCGGGTATAACCAGTTCGCCTACGACGGCAAGGATTACATCGCCCTGAATGAGGACCTGCGCTCCTGGACCGCCGCGGACAAGGCGGCTCAGATCACCCAGCGCAAGTGGGAGGCGGCCCGTGAGGCGGAGCAGCGGAGAGCCTACCTGGAGGGCACGTGCGTGGAGTGGCTCCGCAGATACCTGGAGAACGGGAAGAAGACGCTGCAGCGCGCGG
C*05:01:07,GCTCCCACTCCATGAGGTATTTCTACACCGCCGTGTCCCGGCCCGGCCGCGGAGAGCCCCGCTTCATCGCAGTGGGCTACGTGGACGACACGCAGTTCGTGCAGTTCGACAGCGACGCCGCGAGTCCAAGAGGGGAGCCGCGGGCGCCGTGGGTGGAGCAGGAGGGGCCGGAGTATTGGGACCGGGAGACACAGAAGTACAAGCGCCAGGCACAGACTGACCGAGTGAACCTGCGGAAACTGCGCGGCTACTACAACCAGAGCGAGGCCG,GGTCTCACACCCTCCAGAGGATGTATGGTTGCGACCTGGGGCCCGACGGGCGCCTCCTCCGCGGGTATAACCAGTTCGCCTACGACGGCAAGGATTACATCGCCCTGAATGAGGACCTGCGCTCCTGGACCGCCGCGGACAAGGCGGCTCAGATCACCCAGCGCAAGTGGGAGGCGGCCCGTGAGGCGGAGCAGCGGAGAGCCTACCTGGAGGGCACGTGCGTGGAGTGGCTCCGCAGATACCTGGAGAACGGGAAGAAGACGCTGCAGCGCGCGG
C*05:01:08,GCTCCCACTCCATGAGGTATTTCTACACCGCCGTGTCCCGGCCCGGCCGCGGAGAGCCCCGCTTCATCGCAGTGGGCTACGTGGACGACACGCAGTTCGTGCAGTTCGACAGCGACGCCGCGAGTCCAAGAGGGGAGCCGCGGGCGCCGTGGGTGGAGCAGGAGGGGCCGGAGTATTGGGACCGGGAGACACAGAAGTACAAGCGCCAGGCACAGACTGACCGAGTGAACCTGCGGAAACTGCGCGGCTACTACAACCAGAGCGAGGCCG,GGTCTCACACCCTCCAGAGGATGTATGGCTGCGACCTGGGGCCCGACGGGCGCCTCCTCCGCGGGTATAACCAGTTCGCCTACGACGGCAAGGATTACATCGCCCTGAATGAGGACCTGCGCTCCTGGACCGCCGCGGACAAGGCGGCTCAGATCACCCAGCGCAAGTGGGAGGCGGCCCGTGAGGCGGAGCAGCGGAGAGCCTACCTGGAGGGCACGTGCGTGGAGTGGCTTCGCAGATACCTGGAGAACGGGAAGAAGACGCTGCAGCGCGCGG
C*05:01:09,GCTCCCACTCCATGAGGTATTTCTACACCGCCGTGTCCCGGCCCGGCCGCGGAGAGCCCCGCTTCATCGCAGTGGGCTACGTGGACGACACGCAGTTCGTGCAGTTCGACAGCGACGCCGCGAGTCCAAGAGGGGAGCCGCGGGCGCCGTGGGTGGAGCAGGAGGGGCCGGAGTATTGGGACCGGGAGACACAGAAGTACAAGCGCCAGGCACAGACTGACCGAGTGAACCTGCGGAAACTGCGCGGCTACTACAACCAGAGCGAGGCCG,GGTCTCACACCCTCCAGAGGATGTATGGCTGCGACCTGGGGCCCGACGGGCGCCTCCTCCGCGGGTATAACCAGTTCGCCTACGACGGCAAGGATTACATCGCCCTGAATGAGGACCTGCGCTCCTGGACCGCCGCGGACAAGGCGGCTCAGATTACCCAGCGCAAGTGGGAGGCGGCCCGTGAGGCGGAGCAGCGGAGAGCCTACCTGGAGGGCACGTGCGTGGAGTGGCTCCGCAGATACCTGGAGAACGGGAAGAAGACGCTGCAGCGCGCGG
C*05:01:10,GCTCCCACTCCATGAGGTATTTCTACACCGCCGTGTCCCGGCCCGGCCGCGGAGAGCCCCGCTTCATCGCAGTGGGCTACGTGGACGACACGCAGTTCGTGCAGTTCGACAGCGACGCCGCGAGTCCAAGAGGGGAGCCGCGGGCGCCGTGGGTGGAGCAGGAGGGGCCGGAGTATTGGGACCGGGAGACACAGAAGTACAAGCGCCAGGCACAGACTGACCGAGTGAACCTGCGGAAACTGCGCGGCTACTACAACCAGAGCGAGGCCG,GGTCTCACACCCTCCAGAGGATGTATGGCTGCGACCTGGGGCCCGACGGGCGCCTCCTCCGCGGGTATAACCAGTTCGCCTACGACGGCAAGGATTACATCGCCCTGAATGAGGACCTGCGCTCTTGGACCGCCGCGGACAAGGCGGCTCAGATCACCCAGCGCAAGTGGGAGGCGGCCCGTGAGGCGGAGCAGCGGAGAGCCTACCTGGAGGGCACGTGCGTGGAGTGGCTCCGCAGATACCTGGAGAACGGGAAGAAGACGCTGCAGCGCGCGG
C*05:01:11,GCTCCCACTCCATGAGGTATTTCTACACCGCCGTGTCCCGGCCCGGCCGCGGAGAGCCCCGCTTCATCGCAGTGGGCTACGTGGACGACACGCAGTTCGTGCAGTTCGACAGCGACGCAGCGAGTCCAAGAGGGGAGCCGCGGGCGCCGTGGGTGGAGCAGGAGGGGCCGGAGTATTGGGACCGGGAGACACAGAAGTACAAGCGCCAGGCACAGACTGACCGAGTGAACCTGCGGAAACTGCGCGGCTACTACAACCAGAGCGAGGCCG,GGTCTCACACCCTCCAGAGGATGTATGGCTGCGACCTGGGGCCCGACGGGCGCCTCCTCCGCGGGTATAACCAGTTCGCCTACGACGGCAAGGATTACATCGCCCTGAATGAGGACCTGCGCTCCTGGACCGCCGCGGACAAGGCGGCTCAGATCACCCAGCGCAAGTGGGAGGCGGCCCGTGAGGCGGAGCAGCGGAGAGCCTACCTGGAGGGCACGTGCGTGGAGTGGCTCCGCAGATACCTGGAGAACGGGAAGAAGACGCTGCAGCGCGCGG
C*05:01:12,GCTCCCACTCCATGAGGTATTTCTACACCGCCGTGTCCCGGCCCGGCCGCGGAGAGCCCCGCTTCATCGCAGTGGGCTACGTGGACGACACGCAGTTCGTGCAGTTCGACAGCGACGCCGCGAGTCCGAGAGGGGAGCCGCGGGCGCCGTGGGTGGAGCAGGAGGGGCCGGAGTATTGGGACCGGGAGACACAGAAGTACAAGCGCCAGGCACAGACTGACCGAGTGAACCTGCGGAAACTGCGCGGCTACTACAACCAGAGCGAGGCCG,GGTCTCACACCCTCCAGAGGATGTATGGCTGCGACCTGGGGCCCGACGGGCGCCTCCTCCGCGGGTATAACCAGTTCGCCTACGACGGCAAGGATTACATCGCCCTGAATGAGGACCTGCGCTCCTGGACCGCCGCGGACAAGGCGGCTCAGATCACCCAGCGCAAGTGGGAGGCGGCCCGTGAGGCGGAGCAGCGGAGAGCCTACCTGGAGGGCACGTGCGTGGAGTGGCTCCGCAGATACCTGGAGAACGGGAAGAAGACGCTGCAGCGCGCGG
C*05:01:13,GCTCCCACTCCATGAGGTATTTCTACACCGCCGTGTCCCGGCCCGGCCGCGGAGAGCCCCGCTTCATCGCAGTGGGCTACGTGGACGACACGCAGTTCGTGCAGTTCGACAGCGACGCCGCGAGTCCAAGAGGGGAGCCGCGGGCGCCGTGGGTGGAGCAGGAGGGGCCGGAGTATTGGGACCGGGAGACACAGAAGTACAAGCGCCAGGCACAGACTGACCGAGTGAACCTGCGGAAACTGCGCGGCTACTACAACCAGAGCGAGGCCG,GGTCTCACACCCTCCAGAGGATGTATGGCTGCGACCTGGGGCCAGACGGGCGCCTCCTCCGCGGGTATAACCAGTTCGCCTACGACGGCAAGGATTACATCGCCCTGAATGAGGACCTGCGCTCCTGGACCGCCGCGGACAAGGCGGCTCAGATCACCCAGCGCAAGTGGGAGGCGGCCCGTGAGGCGGAGCAGCGGAGAGCCTACCTGGAGGGCACGTGCGTGGAGTGGCTCCGCAGATACCTGGAGAACGGGAAGAAGACGCTGCAGCGCGCGG
C*05:01:14,GCTCCCACTCCATGAGGTATTTCTACACCGCCGTGTCCCGGCCCGGCCGCGGAGAGCCCCGCTTCATCGCAGTGGGCTACGTGGACGACACGCAGTTCGTGCAGTTCGACAGCGACGCCGCGAGTCCAAGAGGGGAGCCGCGGGCGCCGTGGGTGGAGCAGGAGGGGCCGGAGTATTGGGACCGGGAGACACAGAAGTACAAGCGCCAGGCACAGACTGACCGAGTGAACCTGCGGAAACTGCGCGGCTACTACAACCAGAGCGAGGCCG,GGTCTCACACCCTCCAGAGGATGTATGGCTGCGACCTTGGGCCCGACGGGCGCCTCCTCCGCGGGTATAACCAGTTCGCCTACGACGGCAAGGATTACATCGCCCTGAATGAGGACCTGCGCTCCTGGACCGCCGCGGACAAGGCGGCTCAGATCACCCAGCGCAAGTGGGAGGCGGCCCGTGAGGCGGAGCAGCGGAGAGCCTACCTGGAGGGCACGTGCGTGGAGTGGCTCCGCAGATACCTGGAGAACGGGAAGAAGACGCTGCAGCGCGCGG
C*05:01:16,GCTCCCACTCCATGAGGTATTTCTACACCGCCGTGTCCCGGCCCGGCCGCGGAGAGCCCCGCTTCATCGCAGTGGGCTACGTGGACGACACGCAGTTCGTGCAGTTCGACAGCGACGCCGCGAGTCCAAGAGGGGAGCCGCGGGCGCCGTGGGTGGAGCAGGAGGGGCCGGAGTATTGGGACCGGGAGACACAGAAGTACAAGCGCCAGGCACAGACTGACCGAGTGAACCTGCGGAAACTGCGCGGCTACTACAACCAGAGCGAGGCCG,GGTCTCACACCCTCCAGAGGATGTATGGCTGCGACCTGGGGCCCGACGGGCGCCTCCTCCGCGGGTATAACCAGTTCGCCTACGACGGCAAGGATTACATCGCCCTGAATGAGGACCTGCGCTCCTGGACCGCGGCGGACAAGGCGGCTCAGATCACCCAGCGCAAGTGGGAGGCGGCCCGTGAGGCGGAGCAGCGGAGAGCCTACCTGGAGGGCACGTGCGTGGAGTGGCTCCGCAGATACCTGGAGAACGGGAAGAAGACGCTGCAGCGCGCGG
C*05:01:17,GCTCCCACTCCATGAGGTATTTCTACACCGCCGTGTCCCGGCCCGGCCGCGGAGAGCCCCGCTTCATCGCAGTGGGCTACGTGGACGACACGCAGTTCGTGCAGTTCGACAGCGACGCCGCGAGTCCAAGAGGGGAGCCGCGGGCGCCGTGGGTGGAGCAGGAGGGGCCGGAGTATTGGGACCGGGAGACACAGAAGTACAAGCGCCAGGCACAGACTGACCGAGTGAACCTGCGGAAACTGCGCGGCTACTACAACCAGAGCGAGGCCG,GGTCTCACACCCTCCAGAGGATGTATGGCTGCGACCTGGGGCCCGACGGGCGCCTCCTCCGCGGGTATAACCAGTTCGCCTACGACGGCAAGGATTACATCGCCCTGAATGAGGACCTGCGCTCCTGGACCGCCGCGGACAAGGCGGCTCAGATCACCCAGCGCAAGTGGGAGGCGGCCCGTGAGGCGGAGCAGCGGAGAGCCTACCTGGAGGGCACGTGCGTGGAGTGGCTCCGCAGATACCTGGAGAACGGGAAGAAGACGCTGCAGCGCGCAG
C*05:01:18,GCTCCCACTCCATGAGGTATTTCTACACCGCCGTGTCCCGGCCCGGCCGCGGAGAGCCCCGCTTCATCGCAGTGGGCTACGTGGACGACACGCAGTTCGTGCAGTTCGACAGCGACGCCGCGAGTCCAAGAGGGGAGCCGCGGGCGCCGTGGGTGGAGCAGGAGGGGCCGGAGTATTGGGACCGGGAGACACAGAAGTACAAGCGCCAGGCACAGACTGACCGAGTGAACCTGCGGAAACTGCGCGGCTACTACAACCAGAGCGAGGCCG,GGTCTCACACCCTCCAGAGGATGTATGGCTGCGACCTGGGGCCCGACGGGCGCCTCCTCCGCGGGTATAACCAGTTCGCCTACGACGGCAAGGATTACATCGCCCTGAACGAGGACCTGCGCTCCTGGACCGCGGCGGACAAGGCGGCTCAGATCACCCAGCGCAAGTGGGAGGCGGCCCGTGAGGCGGAGCAGCGGAGAGCCTACCTGGAGGGCACGTGCGTGGAGTGGCTCCGCAGATACCTGGAGAACGGGAAGAAGACGCTGCAGCGCGCGG
C*05:01:19,GCTCCCACTCCATGAGGTATTTCTACACCGCCGTGTCCCGGCCCGGCCGCGGAGAGCCCCGCTTCATCGCAGTGGGCTACGTGGACGACACGCAGTTCGTGCAGTTCGACAGCGACGCCGCGAGTCCAAGAGGGGAGCCGCGGGCGCCGTGGGTGGAGCAGGAGGGGCCGGAGTATTGGGACCGCGAGACACAGAAGTACAAGCGCCAGGCACAGACTGACCGAGTGAACCTGCGGAAACTGCGCGGCTACTACAACCAGAGCGAGGCCG,GGTCTCACACCCTCCAGAGGATGTATGGCTGCGACCTGGGGCCCGACGGGCGCCTCCTCCGCGGGTATAACCAGTTCGCCTACGACGGCAAGGATTACATCGCCCTGAATGAGGACCTGCGCTCCTGGACCGCCGCGGACAAGGCGGCTCAGATCACCCAGCGCAAGTGGGAGGCGGCCCGTGAGGCGGAGCAGCGGAGAGCCTACCTGGAGGGCACGTGCGTGGAGTGGCTCCGCAGATACCTGGAGAACGGGAAGAAGACGCTGCAGCGCGCGG
C*05:01:20,GCTCCCACTCCATGAGGTATTTCTACACCGCCGTGTCCCGGCCCGGCCGCGGAGAGCCCCGCTTCATCGCAGTGGGCTACGTGGACGACACGCAGTTCGTGCAGTTCGACAGCGACGCCGCGAGTCCAAGAGGGGAGCCGCGGGCGCCGTGGGTGGAGCAGGAGGGGCCGGAGTATTGGGACCGGGAGACACAGAAGTACAAGCGCCAGGCACAGACTGACCGAGTGAACCTGCGGAAACTGCGCGGCTACTACAACCAGAGCGAGGCCG,GGTCTCACACCCTCCAGAGGATGTATGGCTGCGACCTGGGGCCGGACGGGCGCCTCCTCCGCGGGTATAACCAGTTCGCCTACGACGGCAAGGATTACATCGCCCTGAACGAGGACCTGCGCTCCTGGACCGCCGCGGACAAGGCGGCTCAGATCACCCAGCGCAAGTGGGAGGCGGCCCGTGAGGCGGAGCAGCGGAGAGCCTACCTGGAGGGCACGTGCGTGGAGTGGCTCCGCAGATACCTGGAGAACGGGAAGAAGACGCTGCAGCGCGCGG
C*05:01:21,GCTCCCACTCCATGAGGTATTTCTACACCGCCGTGTCCCGGCCCGGCCGCGGAGAGCCCCGCTTCATCGCAGTGGGCTACGTGGACGACACGCAGTTCGTGCAGTTCGACAGCGACGCCGCGAGTCCAAGAGGGGAGCCGCGGGCGCCGTGGGTGGAGCAGGAGGGGCCGGAGTATTGGGACCGGGAGACACAGAAGTACAAGCGCCAGGCACAGACTGACCGAGTGAACCTGCGGAAACTGCGCGGCTACTACAACCAGAGCGAGGCCG,GGTCTCACACCCTTCAGAGGATGTATGGCTGCGACCTGGGGCCCGACGGGCGCCTCCTCCGCGGGTATAACCAGTTCGCCTACGACGGCAAGGATTACATCGCCCTGAATGAGGACCTGCGCTCCTGGACCGCCGCGGACAAGGCGGCTCAGATCACCCAGCGCAAGTGGGAGGCGGCCCGTGAGGCGGAGCAGCGGAGAGCCTACCTGGAGGGCACGTGCGTGGAGTGGCTCCGCAGATACCTGGAGAACGGGAAGAAGACGCTGCAGCGCGCGG
C*05:01:22,GCTCCCACTCCATGAGGTATTTCTACACCGCCGTGTCCCGGCCCGGCCGCGGAGAGCCCCGCTTCATCGCCGTGGGCTACGTGGACGACACGCAGTTCGTGCAGTTCGACAGCGACGCCGCGAGTCCAAGAGGGGAGCCGCGGGCGCCGTGGGTGGAGCAGGAGGGGCCGGAGTATTGGGACCGGGAGACACAGAAGTACAAGCGCCAGGCACAGACTGACCGAGTGAACCTGCGGAAACTGCGCGGCTACTACAACCAGAGCGAGGCCG,GGTCTCACACCCTCCAGAGGATGTATGGCTGCGACCTGGGGCCCGACGGGCGCCTCCTCCGCGGGTATAACCAGTTCGCCTACGACGGCAAGGATTACATCGCCCTGAATGAGGACCTGCGCTCCTGGACCGCCGCGGACAAGGCGGCTCAGATCACCCAGCGCAAGTGGGAGGCGGCCCGTGAGGCGGAGCAGCGGAGAGCCTACCTGGAGGGCACGTGCGTGGAGTGGCTCCGCAGATACCTGGAGAACGGGAAGAAGACGCTGCAGCGCGCGG
C*05:01:23,GCTCCCACTCCATGAGGTATTTCTACACCGCCGTGTCCCGGCCCGGCCGCGGGGAGCCCCGCTTCATCGCAGTGGGCTACGTGGACGACACGCAGTTCGTGCAGTTCGACAGCGACGCCGCGAGTCCAAGAGGGGAGCCGCGGGCGCCGTGGGTGGAGCAGGAGGGGCCGGAGTATTGGGACCGGGAGACACAGAAGTACAAGCGCCAGGCACAGACTGACCGAGTGAACCTGCGGAAACTGCGCGGCTACTACAACCAGAGCGAGGCCG,GGTCTCACACCCTCCAGAGGATGTATGGCTGCGACCTGGGGCCCGACGGGCGCCTCCTCCGCGGGTATAACCAGTTCGCCTACGACGGCAAGGATTACATCGCCCTGAATGAGGACCTGCGCTCCTGGACCGCCGCGGACAAGGCGGCTCAGATCACCCAGCGCAAGTGGGAGGCGGCCCGTGAGGCGGAGCAGCGGAGAGCCTACCTGGAGGGCACGTGCGTGGAGTGGCTCCGCAGATACCTGGAGAACGGGAAGAAGACGCTGCAGCGCGCGG
C*05:01:24,GCTCCCACTCCATGAGGTATTTCTACACCGCCGTGTCCCGGCCCGGCCGCGGAGAGCCCCGCTTCATCGCAGTGGGCTACGTGGACGACACGCAGTTCGTGCAGTTCGACAGCGACGCCGCAAGTCCAAGAGGGGAGCCGCGGGCGCCGTGGGTGGAGCAGGAGGGGCCGGAGTATTGGGACCGGGAGACACAGAAGTACAAGCGCCAGGCACAGACTGACCGAGTGAACCTGCGGAAACTGCGCGGCTACTACAACCAGAGCGAGGCCG,GGTCTCACACCCTCCAGAGGATGTATGGCTGCGACCTGGGGCCCGACGGGCGCCTCCTCCGCGGGTATAACCAGTTCGCCTACGACGGCAAGGATTACATCGCCCTGAATGAGGACCTGCGCTCCTGGACCGCCGCGGACAAGGCGGCTCAGATCACCCAGCGCAAGTGGGAGGCGGCCCGTGAGGCGGAGCAGCGGAGAGCCTACCTGGAGGGCACGTGCGTGGAGTGGCTCCGCAGATACCTGGAGAACGGGAAGAAGACGCTGCAGCGCGCGG
C*05:01:25,GCTCCCACTCCATGAGGTATTTCTACACCGCCGTGTCCCGGCCCGGCCGCGGAGAGCCCCGCTTCATCGCAGTGGGCTACGTGGACGACACGCAGTTCGTGCAGTTCGACAGCGACGCCGCGAGTCCAAGAGGGGAGCCGCGGGCGCCGTGGGTGGAGCAGGAGGGGCCGGAGTATTGGGACCGGGAGACACAGAAGTACAAGCGCCAGGCACAGACTGACCGAGTGAACCTGCGGAAACTGCGCGGCTACTACAACCAGAGCGAGGCCG,GATCTCACACCCTCCAGAGGATGTATGGCTGCGACCTGGGGCCCGACGGGCGCCTCCTCCGCGGGTATAACCAGTTCGCCTACGACGGCAAGGATTACATCGCCCTGAATGAGGACCTGCGCTCCTGGACCGCCGCGGACAAGGCGGCTCAGATCACCCAGCGCAAGTGGGAGGCGGCCCGTGAGGCGGAGCAGCGGAGAGCCTACCTGGAGGGCACGTGCGTGGAGTGGCTCCGCAGATACCTGGAGAACGGGAAGAAGACGCTGCAGCGCGCGG
C*05:04:01,GCTCCCACTCCATGAGGTATTTCTACACCGCCGTGTCCCGGCCCGGCCGCGGAGAGCCCCGCTTCATCGCAGTGGGCTACGTGGACGACACGCAGTTCGTGCAGTTCGACAGCGACGCCGCGAGTCCAAGAGGGGAGCCGCGGGCGCCGTGGGTGGAGCAGGAGGGGCCGGAGTATTGGGACCGGGAGACACAGAAGTACAAGCGCCAGGCACAGACTGACCGAGTGAACCTGCGGAAACTGCGCGGCTACTACAACCAGAGCGAGGCCG,GGTCTCACACCCTCCAGAGGATGTATGGCTGCGACCTGGGGCCCGACGGGCGCCTCCTCCGCGGGTATGACCAGTCCGCCTACGACGGCAAGGATTACATCGCCCTGAATGAGGACCTGCGCTCCTGGACCGCCGCGGACAAGGCGGCTCAGATCACCCAGCGCAAGTGGGAGGCGGCCCGTGAGGCGGAGCAGCGGAGAGCCTACCTGGAGGGCACGTGCGTGGAGTGGCTCCGCAGATACCTGGAGAACGGGAAGAAGACGCTGCAGCGCGCGG
C*05:04:02,GCTCCCACTCCATGAGGTATTTCTACACCGCCGTGTCCCGGCCCGGCCGCGGAGAGCCCCGCTTCATCGCAGTGGGCTACGTGGACGACACGCAGTTCGTGCAGTTCGACAGCGACGCCGCGAGTCCAAGAGGGGAGCCGCGGGCGCCGTGGGTGGAGCAGGAGGGGCCGGAGTATTGGGACCGGGAGACACAGAAGTACAAGCGCCAGGCACAGACTGACCGAGTGAACCTGCGGAAACTGCGCGGCTACTACAACCAGAGCGAGGCCG,GGTCTCACACCCTCCAGAGGATGTATGGCTGCGACCTGGGGCCCGACGGGCGCCTCCTCCGCGGGTATGACCAGTCCGCCTACGACGGCAAGGATTACATCGCCCTGAACGAGGACCTGCGCTCCTGGACCGCCGCGGACAAGGCGGCTCAGATCACCCAGCGCAAGTGGGAGGCGGCCCGTGAGGCGGAGCAGCGGAGAGCCTACCTGGAGGGCACGTGCGTGGAGTGGCTCCGCAGATACCTGGAGAACGGGAAGAAGACGCTGCAGCGCGCGG
C*05:05,GCTCCCACTCCATGAGGTATTTCTACACCGCCGTGTCCCGGCCCGGCCGCGGAGAGCCCCGCTTCATCGCAGTGGGCTACGTGGACGACACGCAGTTCGTGCAGTTCGACAGCGACGCCGCGAGTCCAAGAGGGGAGCCGCGGGCGCCGTGGGTGGAGCAGGAGGGGCCGGAGTATTGGGACCGGGAGACACAGAAGTACAAGCGCCAGGCACAGACTGACCGAGTGAACCTGCGGAAACTGCGCGGCTACTACAACCAGAGCGAGGCCG,GGTCTCACACCCTCCAGAGGATGTATGGCTGCGACGTGGGGCCCGACGGGCGCCTCCTCCGCGGGTATAACCAGTTCGCCTACGACGGCAAGGATTACATCGCCCTGAATGAGGACCTGCGCTCCTGGACCGCCGCGGACAAGGCGGCTCAGATCACCCAGCGCAAGTGGGAGGCGGCCCGTGAGGCGGAGCAGCGGAGAGCCTACCTGGAGGGCACGTGCGTGGAGTGGCTCCGCAGATACCTGGAGAACGGGAAGAAGACGCTGCAGCGCGCGG
C*05:06,GCTCCCACTCCATGAGGTATTTCTACACCGCCGTGTCCCGGCCCGGCCGCGGAGAGCCCCGCTTCATCGCAGTGGGCTACGTGGACGACACGCAGTTCGTGCAGTTCGACAGCGACGCCGCGAGTCCAAGAGGGGAGCCGCGGGCGCGGTGGGTGGAGCAGGAGGGGCCGGAGTATTGGGACCGGGAGACACAGAAGTACAAGCGCCAGGCACAGACTGACCGAGTGAACCTGCGGAAACTGCGCGGCTACTACAACCAGAGCGAGGCCG,GGTCTCACACCCTCCAGAGGATGTATGGCTGCGACCTGGGGCCCGACGGGCGCCTCCTCCGCGGGTATAACCAGTTCGCCTACGACGGCAAGGATTACATCGCCCTGAATGAGGACCTGCGCTCCTGGACCGCCGCGGACAAGGCGGCTCAGATCACCCAGCGCAAGTGGGAGGCGGCCCGTGAGGCGGAGCAGCGGAGAGCCTACCTGGAGGGCACGTGCGTGGAGTGGCTCCGCAGATACCTGGAGAACGGGAAGAAGACGCTGCAGCGCGCGG
C*05:07N,GCTCCCACTCCATGAGGTATTTCTACACCGCCGTGTCCCGGCCCGGCCGCGGAGAGCCCCGCTTCATCGCAGTGGGCTACGTGGACGACACGCAGTTCGTGCAGTTCGACAGCGACGCCGCGAGTCCAAGAGGGGAGCCGCGGGCGCCGTGGGTGGAGCAGGAGGGGCCGGAGTATTGGGACCGGGAGACACAGAAGTACAAGCGCCAGGCACAGACTGACCGAGTGAACCTGCGGAAACTGCGCGGCTACTACAACCAGAGCGAGGCCG,CGGGTCTCACCCTCCAGAGGATGTATGGCTGCGACCTGGGGCCCGACGGGCGCCTCCTCCGCGGGTATAACCAGTTCGCCTACGACGGCAAGGATTACATCGCCCTGAATGAGGACCTGCGCTCCTGGACCGCCGCGGACAAGGCGGCTCAGATCACCCAGCGCAAGTGGGAGGCGGCCCGTGAGGCGGAGCAGCGGAGAGCCTACCTGGAGGGCACGTGCGTGGAGTGGCTCCGCAGATACCTGGAGAACGGGAAGAAGACGCTGCAGCGCGCGG
C*05:08,GCTCCCACTCCATGAGGTATTTCTACACCGCCGTGTCCCGGCCCGGCCGCGGAGAGCCCCGCTTCATCGCAGTGGGCTACGTGGACGACACGCAGTTCGTGCAGTTCGACAGCGACGCCGCGAGTCCAAGAGGGGAGCCGCGGGCGCCGTGGGTGGAGCAGGAGGGGCCGGAGTATTGGGACCGGGAGACACAGAAGTACAAGCGCCAGGCACAGACTGACCGAGTGAACCTGCGGAAACTGCGCGGCTACTACAACCAGAGCGAGGCCG,GGTCTCACACCCTCCAGAGGATGTATGGCTGCGACCTGGGGCCCGACGGGCGCCTCCTCCGCGGGTATAACCAGTTCGCCTACGACGGCAAGGATTACATCGCCCTGAATGAGGACCTGCGCTCCTGGACCGCCGCGGACAAGGCGGCTCAGATCACCCAGCGCAAGTGGGAGGCGGCCCGTGAGGCGGAGCAGTGGAGAGCCTACCTGGAGGGCACGTGCGTGGAGTGGCTCCGCAGATACCTGGAGAACGGGAAGAAGACGCTGCAGCGCGCGG
C*05:09:01,GCTCCCACTCCATGAGGTATTTCTACACCGCCGTGTCCCGGCCCGGCCGCGGAGAGCCCCGCTTCATCGCAGTGGGCTACGTGGACGACACGCAGTTCGTGCAGTTCGACAGCGACGCCGCGAGTCCAAGAGGGGAGCCGCGGGCGCCGTGGGTGGAGCAGGAGGGGCCGGAGTATTGGGACCGGGAGACACAGAAGTACAAGCGCCAGGCACAGACTGACCGAGTGAACCTGCGGAAACTGCGCGGCTACTACAACCAGAGCGAGGCCG,GGTCTCACACCCTCCAGAGGATGTATGGCTGCGACCTGGGGCCCGACGGGCGCCTCCTCCGCGGGTATAACCAGTTCGCCTACGACGGCAAGGATTACATCGCCCTGAATGAGGACCTGCGCTCCTGGACCGCCGCGGACAAGGCGGCTCAGATCACCCAGCGCAAGTGGGAGGCGGCCCGTGAGGCGGAGCAGCGGAGAGCCTACCTGGAGGGCACGTGCGTGGAGTGGCTCCGCAGATACCTGGAGAACGGGAAGGAGACGCTGCAGCGCGCGG
C*05:09:02,GCTCCCACTCCATGAGGTATTTCTACACCGCCGTGTCCCGGCCCGGCCGCGGAGAGCCCCGCTTCATCGCAGTGGGCTACGTGGACGACACGCAGTTCGTGCAGTTCGACAGCGACGCCGCGAGTCCAAGAGGGGAGCCGCGGGCGCCGTGGGTGGAGCAGGAGGGGCCGGAGTATTGGGACCGGGAGACACAGAAGTACAAGCGCCAGGCACAGACTGACCGAGTGAACCTGCGGAAACTGCGCGGCTACTACAACCAGAGCGAGGCCG,GGTCTCACACCCTCCAGAGGATGTATGGCTGCGACCTGGGGCCCGACGGGCGCCTCCTCCGCGGGTATAACCAGTTCGCCTACGACGGCAAGGATTACATCGCCCTGAATGAGGACCTGCGCTCCTGGACCGCCGCGGACAAGGCGGCTCAGATCACCCAGCGCAAGTGGGAGGCGGCCCGTGAGGCGGAGCAGCGGAGAGCCTACCTGGAGGGCACGTGCGTGGAGTGGCTCCGCAGATACCTGGAGAACGGGAAGGAGACGCTGCAGCGCGCAG
C*05:10,GCTCCCACTCCATGAGGTATTTCTACACCGCCGTGTCCCGGCCCGGCCGCGGAGAGCCCCGCTTCATCGCAGTGGGCTACGTGGACGACACGCAGTTCGTGCAGTTCGACAGCGACGCCGCGAGTCCAAGAGGGGAGCCGCGGGCGCCGTGGGTGGAGCAGGAGGGGCCGGAGTATTGGGACCGGGAGACACAGAAGTACAAGCGCCAGGCACAGACTGACCGAGTGAACCTGCGGAAACTGCGCGGCTACTACAACCAGAGCGAGGCCG,GGTCTCACATCATCCAGAGGATGTATGGCTGCGACCTGGGGCCCGACGGGCGCCTCCTCCGCGGGTATAACCAGTTCGCCTACGACGGCAAGGATTACATCGCCCTGAATGAGGACCTGCGCTCCTGGACCGCCGCGGACAAGGCGGCTCAGATCACCCAGCGCAAGTGGGAGGCGGCCCGTGAGGCGGAGCAGCGGAGAGCCTACCTGGAGGGCACGTGCGTGGAGTGGCTCCGCAGATACCTGGAGAACGGGAAGAAGACGCTGCAGCGCGCGG
C*05:11,GCTCCCACTCCATGAGGTATTTCTACACCGCCGTGTCCCGGCCCGGCCGCGGAGAGCCCCGCTTCATCGCAGTGGGCTACGTGGACGACACGCAGTTCGTGCAGTTCGACAGCGACGCCGCGAGTCCAAGAGGGGAGCCGCGGGCGCCGTGGGTGGAGCAGGAGGGGCCGGAGTATTGGGACCGGGAGACACAGAAGTACAAGCGCCAGGCACAGACTGACCGAGTGAACCTGCGGAAACTGCGCGGCTACTACAACCAGAGCGAGGCCG,GGTCTCACACCCTCCAGAGGATGTATGGCTGCGACCTGGGGCCCGACGGGCGCCTCCTCCGCGGGTATAACCAGTTCGCCTACGACGGCAAGGATTACATCGCCCTGAATGAGGACCTGCGCTCCTGGACCGCCGCGGACAAGGCGGCTCAGATCACCCAGCGCAAGTGGGAGGCGGCCCGTGAGGCGGAGCAGCTGAGAGCCTACCTGGAGGGCACGTGCGTGGAGTGGCTCCGCAGATACCTGGAGAACGGGAAGAAGACGCTGCAGCGCGCGG
C*05:12,GCTCCCACTCCATGAGGTATTTCTACACCGCCGTGTCCCGGCCCGGCCGCGGAGAGCCCCGCTTCATCGCAGTGGGCTACGTGGACGACACGCAGTTCGTGCAGTTCGACAGCGACGCCGCGAGTCCAAGAGGGGAGCCGCGGGCGCCGTGGGTGGAGCAGGAGGGGCCGGAGTATTGGGACCGGGAGACACAGAAGTACAAGCGCCAGGCACAGACTGACCGAGTGAACCTGCGGAAACTGCGCGGCTACTACAACCAGAGCGAGGCCG,GGTCTCACACCCTCCAGAGGATGTATGGCTGCGACCTGGGGCCCGACGGGCGCCTCCTCCGCGGGTATAACCAGTTCGCCTACGACGGCAAGGATTACATCGCCCTGAATGAGGACCTGCGCTCCTGGACCGCCGCGGACACGGCGGCTCAGATCACCCAGCGCAAGTGGGAGGCGGCCCGTGTGGCGGAGCAGCGGAGAGCCTACCTGGAGGGCACGTGCGTGGAGTGGCTCCGCAGATACCTGGAGAACGGGAAGAAGACGCTGCAGCGCGCGG
C*05:13,GCTCCCACTCCATGAGGTATTTCTACACCGCCGTGTCCCGGACCGGCCGCGGAGAGCCCCGCTTCATCGCAGTGGGCTACGTGGACGACACGCAGTTCGTGCAGTTCGACAGCGACGCCGCGAGTCCAAGAGGGGAGCCGCGGGCGCCGTGGGTGGAGCAGGAGGGGCCGGAGTATTGGGACCGGGAGACACAGAAGTACAAGCGCCAGGCACAGACTGACCGAGTGAACCTGCGGAAACTGCGCGGCTACTACAACCAGAGCGAGGCCG,GGTCTCACACCCTCCAGAGGATGTATGGCTGCGACCTGGGGCCCGACGGGCGCCTCCTCCGCGGGTATAACCAGTTCGCCTACGACGGCAAGGATTACATCGCCCTGAATGAGGACCTGCGCTCCTGGACCGCCGCGGACAAGGCGGCTCAGATCACCCAGCGCAAGTGGGAGGCGGCCCGTGAGGCGGAGCAGCGGAGAGCCTACCTGGAGGGCACGTGCGTGGAGTGGCTCCGCAGATACCTGGAGAACGGGAAGAAGACGCTGCAGCGCGCGG
C*05:14,GCTCCCACTCCATGAGGTATTTCTACACCGCCGTGTCCCGGCCCGGCCGCGGAGAGCCCCGCTTCATCGCAGTGGGCTACGTGGACGACACGCAGTTCGTGCAGTTCGACAGCGACGCCGCGAGTCCAAGAGGGGAGCCGCGGGCGCCGTGGGTGGAGCAGGAGGGGCCGGAGTATTGGGACCGGGAGACACAGAAGTACAAGCGCCAGGCACAGACTGACCGAGTGAACCTGCGGAAACTGCGCGGCTACTACAACCAGAGCGAGGCCG,GGTCTCACACCCTCCAGAGGATGTATGGCTGCGACCTGGGGCCCGACGGGCGCCTCCTCCGCGGGTATAACCAGTTCGCCTACGACGGCAAGGATTACATCGTCCTGAATGAGGACCTGCGCTCCTGGACCGCCGCGGACAAGGCGGCTCAGATCACCCAGCGCAAGTGGGAGGCGGCCCGTGAGGCGGAGCAGCGGAGAGCCTACCTGGAGGGCACGTGCGTGGAGTGGCTCCGCAGATACCTGGAGAACGGGAAGAAGACGCTGCAGCGCGCGG
C*05:15,GCTCCCACTCCATGAGGTATTTCTACACCGCCGTGTCCCGGCCCGGCCGCGGAGAGCCCCGCTTCATCGCAGTGGGCTACGTGGACGACACGCAGTTCGTGCAGTTCGACAGCGACGCCGCGAGTCCAAGAGGGGAGCCGCGGGCGCCGTGGGTGGAGCAGGAGGGGCCGGAGTATTGGGACTGGGAGACACAGAAGTACAAGCGCCAGGCACAGACTGACCGAGTGAACCTGCGGAAACTGCGCGGCTACTACAACCAGAGCGAGGCCG,GGTCTCACACCCTCCAGAGGATGTATGGCTGCGACCTGGGGCCCGACGGGCGCCTCCTCCGCGGGTATAACCAGTTCGCCTACGACGGCAAGGATTACATCGCCCTGAATGAGGACCTGCGCTCCTGGACCGCCGCGGACAAGGCGGCTCAGATCACCCAGCGCAAGTGGGAGGCGGCCCGTGAGGCGGAGCAGCGGAGAGCCTACCTGGAGGGCACGTGCGTGGAGTGGCTCCGCAGATACCTGGAGAACGGGAAGAAGACGCTGCAGCGCGCGG
C*05:16,GCTCCCACTCCATGAGGTATTTCTACACCGCCGTGTCCCGGCCCGGCCGCGGAGAGCCCCGCTTCATCGCAGTGGGCTACGTGGACGACACGCAGTTCGTGCAGTTCGACAGCGACGCCGCGAGTCCAAGAGGGGAGCCGCGGGCGCCGTGGGTGGAGCAGGAGGGGCCGGAGTATTGGGACCGGGAGACACAGAAGTACAAGCGCCAGGCACAGACTGACCGAGTGAACCTGCGGAAACTGCGCGGCTACTACAACCAGAGCGAGGCCG,GGTCTCACACCCTCCAGTGGATGTATGGCTGCGACCTGGGGCCCGACGGGCGCCTCCTCCGCGGGTATAACCAGTTCGCCTACGACGGCAAGGATTACATCGCCCTGAATGAGGACCTGCGCTCCTGGACCGCCGCGGACAAGGCGGCTCAGATCACCCAGCGCAAGTGGGAGGCGGCCCGTGAGGCGGAGCAGCGGAGAGCCTACCTGGAGGGCACGTGCGTGGAGTGGCTCCGCAGATACCTGGAGAACGGGAAGAAGACGCTGCAGCGCGCGG
C*05:17,GCTCCCACTCCATGAGGTATTTCTACACCGCCGTGTCCCGGCCCGGCCGCGGAGAGCCCCGCTTCATCGCAGTGGGCTACGTGGACGACACGCAGTTCGTGCAGTTCGACAGCGACGCCGCGAGTCCAAGAGGGGAGCCGCGGGCGCCGTGGGTGGAGCAGGAGGGGCCGGAGTATTGGGACCGGGAGACACAGAAGTACAAGCGCCAGGCACAGACTGACCGAGTGAACCTGCGGAAACTGCGCGGCTACTACAACCAGAGCGAGGCCG,GGTCTCACACCCTCCAGAGGATGTATGGCTGCGACCTGGGGCCCGACGGGCGCCTCCTCCGCGGGTATAACCAGTTCGCCTACGACGGCAAGGATTACATCGCCCTGAATGAGGACCTGCGCTCCTGGACCGCCGCGGACAAGGCGGCTCAGATCACCCAGCGCAAGTGGGAGGCGGCCCGTGCGGCGGAGCAGCTGAGAGCCTACCTGGAGGGCACGTGCGTGGAGTGGCTCCGCAGATACCTGGAGAACGGGAAGGAGACGCTGCAGCGCGCAG
C*05:18:01,GCTCCCACTCCATGAGGTATTTCTACACCGCCGTGTCCCGGCCCGGCCGCGGAGAGCCCCGCTTCATCGCAGTGGGCTACGTGGACGACACGCAGTTCGTGCAGTTCGACAGCGACGCCGCGAGTCCAAGAGGGGAGCCGCGGGCGCCGTGGGTGGAGCAGGAGGGGCCGGAGTATTGGGACCGGGAGACACAGAAGTACAAGCGCCAGGCACAGACTGACCGAGTGAACCTGCGGAAACTGCGCGGCTACTACAACCAGAGCGAGGCCG,GGTCTCACACCCTCCAGAGGATGTATGGCTGCGACCTGGGGCCCGACGGGCGCCTCCTCCGCGGGTATAACCAGTTCGCCTACGACGGCAAGGATTACATCGCCCTGAATGAGGACCTGCGCTCCTGGACCGCCGCGGACACGGCGGCTCAGATCACCCAGCGCAAGTGGGAGGCGGCCCGTGAGGCGGAGCAGCGGAGAGCCTACCTGGAGGGCACGTGCGTGGAGTGGCTCCGCAGATACCTGGAGAACGGGAAGAAGACGCTGCAGCGCGCGG
C*05:18:02,GCTCCCACTCCATGAGGTATTTCTACACCGCCGTGTCCCGGCCCGGCCGCGGAGAGCCCCGCTTCATCGCAGTGGGCTACGTGGACGACACGCAGTTCGTGCAGTTCGACAGCGACGCCGCGAGTCCAAGAGGGGAGCCGCGGGCGCCGTGGGTGGAGCAGGAGGGGCCGGAGTATTGGGACCGGGAGACACAGAAGTACAAGCGCCAGGCACAGACTGACCGAGTGAACCTGCGGAAACTGCGCGGCTACTACAACCAGAGCGAGGCCG,GGTCTCACACCCTCCAGAGGATGTATGGCTGCGACCTGGGGCCCGACGGGCGCCTCCTCCGCGGGTATAACCAGTTCGCCTACGACGGCAAGGATTACATCGCCCTGAACGAGGACCTGCGCTCCTGGACCGCCGCGGACACCGCGGCTCAGATCACCCAGCGCAAGTGGGAGGCGGCCCGTGAGGCGGAGCAGCGGAGAGCCTACCTGGAGGGCACGTGCGTGGAGTGGCTCCGCAGATACCTGGAGAACGGGAAGAAGACGCTGCAGCGCGCGG
C*05:18:03,GCTCCCACTCCATGAGGTATTTCTACACCGCCGTGTCCCGGCCCGGCCGCGGAGAGCCCCGCTTCATCGCAGTGGGCTACGTGGACGACACGCAGTTCGTGCAGTTCGACAGCGACGCCGCGAGTCCAAGAGGGGAGCCGCGGGCGCCGTGGGTGGAGCAGGAGGGGCCGGAGTATTGGGACCGGGAGACACAGAAGTACAAGCGCCAGGCACAGACTGACCGAGTGAACCTGCGGAAACTGCGCGGCTACTACAACCAGAGCGAGGCCG,GGTCTCACACCCTCCAGAGGATGTATGGCTGCGACCTGGGGCCCGACGGGCGCCTCCTCCGCGGGTATAACCAGTTCGCCTACGACGGCAAGGATTACATCGCCCTGAATGAGGACCTGCGCTCCTGGACCGCCGCGGACACCGCGGCTCAGATCACCCAGCGCAAGTGGGAGGCGGCCCGTGAGGCGGAGCAGCGGAGAGCCTACCTGGAGGGCACGTGCGTGGAGTGGCTCCGCAGATACCTGGAGAACGGGAAGAAGACGCTGCAGCGCGCGG
C*05:19,GCTCCCACTCCATGAGGTATTTCTACACCGCCGTGTCCCGGCCCGGCCGCGGAGAGCCCCGCTTCATCGCAGTGGGCTACGTGGACGACACGCAGTTCGTGCAGTTCGACAGCGACGCCGCGAGTCCAAGAGGGGAGCCGCGGGCGCCGTGGGTGGAGCAGGAGGGGCCGGAGTATTGGGACCGGGAGACACAGAAGTACAAGCGCCAGGCACAGACTGACCGAGTGAACCTGCGGAAACTGCGCGGCTACTACAACCAGAGCGAGGCCG,GGTCTCACACCCTCCAGAGGATGTATGGCTGCGACCTGGGGCCCGACGGGCGCCTCCTCCGCCGGTATAACCAGTTCGCCTACGACGGCAAGGATTACATCGCCCTGAATGAGGACCTGCGCTCCTGGACCGCCGCGGACAAGGCGGCTCAGATCACCCAGCGCAAGTGGGAGGCGGCCCGTGAGGCGGAGCAGCGGAGAGCCTACCTGGAGGGCACGTGCGTGGAGTGGCTCCGCAGATACCTGGAGAACGGGAAGAAGACGCTGCAGCGCGCGG
C*05:20,GCTCCCACTCCATGAGGTATTTCTACACCGCCGTGTCCCGGCCCGGCCGCGGAGAGCCCCGCTTCATCGCAGTGGGCTACGTGGACGACACGCAGTTCGTGCAGTTCGACAGCGACGCCGCGAGTCCAAGAGGGGAGCCGCGGGCGCCGTGGGTGGAGCAGGAGGGGCCGGAGTATTGGGACCGGGAGACACAGAAGTACAAGCGCCAGGCACAGACTGACCGAGTGAACCTGCGGAACCTGCGCGGCTACTACAACCAGAGCGAGGCCG,GGTCTCACACCCTCCAGAGGATGTATGGCTGCGACCTGGGGCCCGACGGGCGCCTCCTCCGCGGGTATAACCAGTTCGCCTACGACGGCAAGGATTACATCGCCCTGAATGAGGACCTGCGCTCCTGGACCGCCGCGGACAAGGCGGCTCAGATCACCCAGCGCAAGTGGGAGGCGGCCCGTGAGGCGGAGCAGCGGAGAGCCTACCTGGAGGGCACGTGCGTGGAGTGGCTCCGCAGATACCTGGAGAACGGGAAGAAGACGCTGCAGCGCGCGG
C*05:21,GCTCCCACTCCATGAGGTATTTCTACACCGCCGTGTCCCGGCCCGGCCGCGGAGAGCCCCGCTTCATCGCAGTGGGCTACGTGGACGACACGCAGTTCGTGCAGTTCGACAGCGACGCCGCGAGTCCAAGAGGGGAGCCGCGGGCGCCGTGGGTGGAGCAGGAGGGGCCGGAGTATTGGGACCGGGAGACACAGAAGTACAAGCGCCAGGCACAGACTGACCGAGTGAACCTGCGGAAACTGCGCGGCCACTACAACCAGAGCGAGGCCG,GGTCTCACACCCTCCAGAGGATGTATGGCTGCGACCTGGGGCCCGACGGGCGCCTCCTCCGCGGGTATAACCAGTTCGCCTACGACGGCAAGGATTACATCGCCCTGAATGAGGACCTGCGCTCCTGGACCGCCGCGGACAAGGCGGCTCAGATCACCCAGCGCAAGTGGGAGGCGGCCCGTGAGGCGGAGCAGCGGAGAGCCTACCTGGAGGGCACGTGCGTGGAGTGGCTCCGCAGATACCTGGAGAACGGGAAGAAGACGCTGCAGCGCGCGG
C*05:22:01,GCTCCCACTCCATGAGGTATTTCTACACCGCCGTGTCCCGGCCCGGCCGCGGAGAGCCCCGCTTCATCGCAGTGGGCTACGTGGACGACACGCAGTTCGTGCAGTTCGACAGCGACGCCGCGAGTCCAAGAGGGGAGCCGCGGGCGCCGTGGGTGGAGCAGGAGGGGCCGGAGTATTGGGACCGGGAGACACAGAAGTACAAGCGCCAGGCACAGACTGACCGAGTGAACCTGCGGAAACTGCGCGGCTACTACAACCAGAGCGAGGCCG,GGTCTCACACCCTCCAGAGGATGTATGGCTGCGACCTGGGGCCCGACGGGCGCCTCCTCCGCGGGTATGACCAGTTCGCCTACGACGGCAAGGATTACATCGCCCTGAATGAGGACCTGCGCTCCTGGACCGCCGCGGACAAGGCGGCTCAGATCACCCAGCGCAAGTGGGAGGCGGCCCGTGAGGCGGAGCAGCGGAGAGCCTACCTGGAGGGCACGTGCGTGGAGTGGCTCCGCAGATACCTGGAGAACGGGAAGAAGACGCTGCAGCGCGCGG
C*05:22:02,GCTCCCACTCCATGAGGTATTTCTACACCGCCGTGTCCCGGCCCGGCCGCGGAGAGCCCCGCTTCATCGCAGTGGGCTACGTGGACGACACGCAGTTCGTGCAGTTCGACAGCGACGCCGCGAGTCCAAGAGGGGAGCCGCGGGCGCCGTGGGTGGAGCAGGAGGGGCCGGAGTATTGGGACCGGGAGACACAGAAGTACAAGCGCCAGGCACAGACTGACCGAGTGAACCTGCGGAAACTGCGCGGCTACTACAACCAGAGCGAGGCCG,GGTCTCACACCCTCCAGAGGATGTACGGCTGCGACCTGGGGCCCGACGGGCGCCTCCTCCGCGGGTATGACCAGTTCGCCTACGACGGCAAGGATTACATCGCCCTGAATGAGGACCTGCGCTCCTGGACCGCCGCGGACAAGGCGGCTCAGATCACCCAGCGCAAGTGGGAGGCGGCCCGTGAGGCGGAGCAGCGGAGAGCCTACCTGGAGGGCACGTGCGTGGAGTGGCTCCGCAGATACCTGGAGAACGGGAAGAAGACGCTGCAGCGCGCGG
C*05:23,GCTCCCACTCCATGAGGTATTTCTACACCGCCGTGTCCCGGCCCGGCCGCGGAGAGCCCCGCTTCATCGCAGTGGGCTACGTGGACGACACGCAGTTCGTGCAGTTCGACAGCGACGCCGCGAGTCCAAGAGGGGAGCCGCGGGCGCCGTGGGTGGAGCAGGAGGGGCCGGAGTATTGGGACCGGGAGACACAGAAGTACAAGCGCCAGGCACAGACTGACCGAGTGAACCTGCGGAAACTGCGCGGCTACTACAACCAGAGCGAGGCCG,GGTCTCACACCCTCCAGAGGATGTATGGCTGCGACCTGGGGCCCGACGGGCGCCTCCTCCGCGGGTATAACCAGTTCGCCTACGACGGCAAGGATTACATCGCCCTGAATGAGGACCTGCGCTCCTGGACCGCCGCGGACAAGGCGGCTCAGATCACCCAGCGCAAGTTGGAGGCGGCCCGTGAGGCGGAGCAGCGGAGAGCCTACCTGGAGGGCACGTGCGTGGAGTGGCTCCGCAGATACCTGGAGAACGGGAAGAAGACGCTGCAGCGCGCGG
C*05:24,GCTCCCACTCCATGAGGTATTTCTACACCGCCGTGTCCCGGCCCGGCCGCGGAGAGCCCCGCTTCATCGCAGTGGGCTACGTGGACGACACGCAGTTCGTGCAGTTCGACAGCGACGCCGCGAGTCCAAGAGGGGAGCCGCGGGGGCCGTGGGTGGAGCAGGAGGGGCCGGAGTATTGGGACCGGGAGACACAGAAGTACAAGCGCCAGGCACAGACTGACCGAGTGAACCTGCGGAAACTGCGCGGCTACTACAACCAGAGCGAGGCCG,GGTCTCACACCCTCCAGAGGATGTATGGCTGCGACCTGGGGCCCGACGGGCGCCTCCTCCGCGGGTATAACCAGTTCGCCTACGACGGCAAGGATTACATCGCCCTGAATGAGGACCTGCGCTCCTGGACCGCCGCGGACAAGGCGGCTCAGATCACCCAGCGCAAGTGGGAGGCGGCCCGTGAGGCGGAGCAGCGGAGAGCCTACCTGGAGGGCACGTGCGTGGAGTGGCTCCGCAGATACCTGGAGAACGGGAAGAAGACGCTGCAGCGCGCGG
C*05:25,GCTCCCACTCCATGAGGTATTTCTACACCGCCGTGTCCCGGCCCGGCCGCGGAGAGCCCCGCTTCATCGCAGTGGGCTACGTGGACGACACGCAGTTCGTGCAGTTCGACAGCGACGCCGCGAGTCCAAGAGGGGAGCCGCGGGCGCCGTGGGTGGAGCAGGAGGGGCCGGAGTATTGGGACCGGGAGACACAGAAGTACAAGCGCCAGGCACAGACTGACCGAGTGAACCTGCGGAAACTGCGCGGCTACTACAACCAGAGCGAGGACG,GGTCTCACACCCTCCAGAGGATGTATGGCTGCGACCTGGGGCCCGACGGGCGCCTCCTCCGCGGGTATAACCAGTTCGCCTACGACGGCAAGGATTACATCGCCCTGAATGAGGACCTGCGCTCCTGGACCGCCGCGGACAAGGCGGCTCAGATCACCCAGCGCAAGTGGGAGGCGGCCCGTGAGGCGGAGCAGCGGAGAGCCTACCTGGAGGGCACGTGCGTGGAGTGGCTCCGCAGATACCTGGAGAACGGGAAGAAGACGCTGCAGCGCGCGG
C*05:26,GCTCCCACTCCATGAGGTATTTCTACACCGCCGTGTCCCGGCCCAGCCGCGGAGAGCCCCGCTTCATCGCAGTGGGCTACGTGGACGACACGCAGTTCGTGCAGTTCGACAGCGACGCCGCGAGTCCAAGAGGGGAGCCGCGGGCGCCGTGGGTGGAGCAGGAGGGGCCGGAGTATTGGGACCGGGAGACACAGAAGTACAAGCGCCAGGCACAGACTGACCGAGTGAACCTGCGGAAACTGCGCGGCTACTACAACCAGAGCGAGGCCG,GGTCTCACACCCTCCAGAGGATGTATGGCTGCGACCTGGGGCCCGACGGGCGCCTCCTCCGCGGGTATAACCAGTTCGCCTACGACGGCAAGGATTACATCGCCCTGAATGAGGACCTGCGCTCCTGGACCGCCGCGGACAAGGCGGCTCAGATCACCCAGCGCAAGTGGGAGGCGGCCCGTGAGGCGGAGCAGCGGAGAGCCTACCTGGAGGGCACGTGCGTGGAGTGGCTCCGCAGATACCTGGAGAACGGGAAGAAGACGCTGCAGCGCGCGG
C*05:27,GCTCCCACTCCATGAGGTATTTCTACACCGCCGTGTCCCGGCCCGGCCGCGGAGAGCCCCGCTTCATCGCAGTGGGCTACGTGGACGACACGCAGTTCGTGCAGTTCGACAGCGACGCCGCGAGTCCAAGAGGGGAGCCGCGGGCGCCGTGGGTGGAGCAGGAGGGGCCGGAGTATTGGGACCGGGAGACACAGAAGTACAAGCGCCAGGCACAGACTGACCGAGTGAACCTGCGGAAACTGCGCGGCTACTACAACCAGAGCGAGGCCG,GGTCTCACACCCTCCAGAGGATGTATGGCTGCGACCTGGGGCCCGACGGGCGCCTCCTCCGCGGGTATAACCAGTTCGCCTACGACGGCAAGGATTACATCGCCCTGAATGAGGACCTGCGCTCCTGGACCGCCGCGGACAAGGCGGCTCAGATCACCCAGCGCAAGTGGGAGGCGGCCCGTGAGGCGGAGCAGCTGAGAGCCTACCTGGAGGGCCTGTGCGTGGAGTGGCTCCGCAGATACCTGGAGAACGGGAAGAAGACGCTGCAGCGCGCGG
C*05:28,GCTCCCACTCCATGAGGTATTTCTACACCGCCGTGTCCCGGCCCGGCCGCGGAGAGCCCCGCTTCATCGCAGTGGGCTACGTGGGCGACACGCAGTTCGTGCAGTTCGACAGCGACGCCGCGAGTCCAAGAGGGGAGCCGCGGGCGCCGTGGGTGGAGCAGGAGGGGCCGGAGTATTGGGACCGGGAGACACAGAAGTACAAGCGCCAGGCACAGACTGACCGAGTGAACCTGCGGAAACTGCGCGGCTACTACAACCAGAGCGAGGCCG,GGTCTCACACCCTCCAGAGGATGTATGGCTGCGACCTGGGGCCCGACGGGCGCCTCCTCCGCGGGTATAACCAGTTCGCCTACGACGGCAAGGATTACATCGCCCTGAATGAGGACCTGCGCTCCTGGACCGCCGCGGACAAGGCGGCTCAGATCACCCAGCGCAAGTGGGAGGCGGCCCGTGAGGCGGAGCAGCGGAGAGCCTACCTGGAGGGCACGTGCGTGGAGTGGCTCCGCAGATACCTGGAGAACGGGAAGAAGACGCTGCAGCGCGCGG
C*05:29:01,GCTCCCACTCCATGAGGTATTTCTACACCGCCGTGTCCCGGCCCGGCCGCGGAGAGCCCCGCTTCATCGCAGTGGGCTACGTGGACGACACGCAGTTCGTGCGGTTCGACAGCGACGCCGCGAGTCCAAGAGGGGAGCCGCGGGCGCCGTGGGTGGAGCAGGAGGGGCCGGAGTATTGGGACCGGGAGACACAGAAGTACAAGCGCCAGGCACAGACTGACCGAGTGAACCTGCGGAAACTGCGCGGCTACTACAACCAGAGCGAGGCCG,GGTCTCACACCCTCCAGAGGATGTATGGCTGCGACCTGGGGCCCGACGGGCGCCTCCTCCGCGGGTATAACCAGTTCGCCTACGACGGCAAGGATTACATCGCCCTGAATGAGGACCTGCGCTCCTGGACCGCCGCGGACAAGGCGGCTCAGATCACCCAGCGCAAGTGGGAGGCGGCCCGTGAGGCGGAGCAGCGGAGAGCCTACCTGGAGGGCACGTGCGTGGAGTGGCTCCGCAGATACCTGGAGAACGGGAAGAAGACGCTGCAGCGCGCGG
C*05:29:02,GCTCCCACTCCATGAGGTATTTCTACACCGCCGTGTCCCGGCCCGGCCGCGGAGAGCCCCGCTTCATCGCAGTGGGCTACGTGGACGACACGCAGTTCGTGCGGTTCGACAGCGACGCCGCGAGTCCGAGAGGGGAGCCGCGGGCGCCGTGGGTGGAGCAGGAGGGGCCGGAGTATTGGGACCGGGAGACACAGAAGTACAAGCGCCAGGCACAGACTGACCGAGTGAACCTGCGGAAACTGCGCGGCTACTACAACCAGAGCGAGGCCG,GGTCTCACACCCTCCAGAGGATGTATGGCTGCGACCTGGGGCCCGACGGGCGCCTCCTCCGCGGGTATAACCAGTTCGCCTACGACGGCAAGGATTACATCGCCCTGAATGAGGACCTGCGCTCCTGGACCGCCGCGGACAAGGCGGCTCAGATCACCCAGCGCAAGTGGGAGGCGGCCCGTGAGGCGGAGCAGCGGAGAGCCTACCTGGAGGGCACGTGCGTGGAGTGGCTCCGCAGATACCTGGAGAACGGGAAGAAGACGCTGCAGCGCGCGG
C*05:30,GCTCCCACTCCATGAGGTATTTCTACACCGCCATGTCCCGGCCCGGCCGCGGAGAGCCCCGCTTCATCGCAGTGGGCTACGTGGACGACACGCAGTTCGTGCAGTTCGACAGCGACGCCGCGAGTCCAAGAGGGGAGCCGCGGGCGCCGTGGGTGGAGCAGGAGGGGCCGGAGTATTGGGACCGGGAGACACAGAAGTACAAGCGCCAGGCACAGACTGACCGAGTGAACCTGCGGAAACTGCGCGGCTACTACAACCAGAGCGAGGCCG,GGTCTCACACCCTCCAGAGGATGTATGGCTGCGACCTGGGGCCCGACGGGCGCCTCCTCCGCGGGTATAACCAGTTCGCCTACGACGGCAAGGATTACATCGCCCTGAATGAGGACCTGCGCTCCTGGACCGCCGCGGACAAGGCGGCTCAGATCACCCAGCGCAAGTGGGAGGCGGCCCGTGAGGCGGAGCAGCGGAGAGCCTACCTGGAGGGCACGTGCGTGGAGTGGCTCCGCAGATACCTGGAGAACGGGAAGAAGACGCTGCAGCGCGCGG
C*05:31,GCTCCCACTCCATGAGGTATTTCTACACCGCCGTGTCCCGGCCCGGCCGCGGAGAGCCCCGCTTCATCGCAGTGGGCTACGTGGACGACACGCAGTTCGTGCAGTTCGACAGCGACGCCGCGAGTCCAAGAGGGGAGCCGCGGGCGCCGTGGGTGGAGCAGGAGGGGCCGGAGTATTGGGACCGGGAGACACAGAAGTACAAGCGCCAGGCACAGACTGACCGAGTGAACCTGCGGAAACTGCGCGGCTACTACAACCAGAGCGAGGCCG,GGTCTCACATCCTCCAGAGGATGTATGGCTGCGACCTGGGGCCCGACGGGCGCCTCCTCCGCGGGTATAACCAGTTCGCCTACGACGGCAAGGATTACATCGCCCTGAATGAGGACCTGCGCTCCTGGACCGCCGCGGACAAGGCGGCTCAGATCACCCAGCGCAAGTGGGAGGCGGCCCGTGAGGCGGAGCAGCGGAGAGCCTACCTGGAGGGCACGTGCGTGGAGTGGCTCCGCAGATACCTGGAGAACGGGAAGAAGACGCTGCAGCGCGCGG
C*05:32,GCTCCCACTCCATGAGGTATTTCTACACCGCCGTGTCCCGGCCCGGCCGCGGAGAGCCCCGCTTCATCGCAGTGGGCTACGTGGACGACACGCAGTTCGTGCAGTTCGACAGCGACGCCGCGAGTCCAAGAGGGGAGCCGCGGGCGCCGTGGGTGGAGCAGGAGGGGCCGGAGTATTGGGACCGGGAGACACAGAAGTACAAGCGCCAGGCACAGACTGACCGAGTGAACCTGCGGAGACTGCGCGGCTACTACAACCAGAGCGAGGCCG,GGTCTCACACCCTCCAGAGGATGTATGGCTGCGACCTGGGGCCCGACGGGCGCCTCCTCCGCGGGTATAACCAGTTCGCCTACGACGGCAAGGATTACATCGCCCTGAATGAGGACCTGCGCTCCTGGACCGCCGCGGACAAGGCGGCTCAGATCACCCAGCGCAAGTGGGAGGCGGCCCGTGAGGCGGAGCAGCGGAGAGCCTACCTGGAGGGCACGTGCGTGGAGTGGCTCCGCAGATACCTGGAGAACGGGAAGAAGACGCTGCAGCGCGCGG
C*05:33,GCTCCCACTCCATGAGGTATTTCTACACCGCCGTGTCCCGGCCCGGCCGCGGAGAGCCCCGCTTCATCGCAGTGGGCTACGTGGACGACACGCAGTTCGTGCAGTTCGACAGCGACGCCGCGAGTCCAAGAGGGGAGCCGCGGGCGCCGTGGGTGGAGCAGGAGGGGCCGGAGTGTTGGGACCGGGAGACACAGAAGTACAAGCGCCAGGCACAGACTGACCGAGTGAACCTGCGGAAACTGCGCGGCTACTACAACCAGAGCGAGGCCG,GGTCTCACACCCTCCAGAGGATGTATGGCTGCGACCTGGGGCCCGACGGGCGCCTCCTCCGCGGGTATAACCAGTTCGCCTACGACGGCAAGGATTACATCGCCCTGAATGAGGACCTGCGCTCCTGGACCGCCGCGGACAAGGCGGCTCAGATCACCCAGCGCAAGTGGGAGGCGGCCCGTGAGGCGGAGCAGCGGAGAGCCTACCTGGAGGGCACGTGCGTGGAGTGGCTCCGCAGATACCTGGAGAACGGGAAGAAGACGCTGCAGCGCGCGG
C*05:34,GCTCCCACTCCATGAGGTATTTCTACACCGCCGTGTCCCGGCCCGGCCGCGGAGAGCCCCGCTTCATCGCAGTGGGCTACGTGGACGACACGCAGTTCGTGCAGTTCGACAGCGACGCCGCGAGTCCAAGAGGGGAGCCGCGGGCGCCGTGGGTGGAGCAGGAGGGGCCGGAGTATTGGGACCGGGAGACACAGAAGTACAAGCGCCAGGCACAGACTGACCGAGTGAACCTGCGGAAACTGCGCGGCTACTACAACCAGAGCGAGGCCG,GGTCTCACACCCTCCAGAGGATGTATGGCTGCGACCTGGGGCCCGACGGGCGCCTCCTCCGCGGGTATAACCAGTTCGCCTACGACGGCAAGGATTACATCGCCCTGAATGAGGACCTGCGCTCCTGGACCACCGCGGACAAGGCGGCTCAGATCACCCAGCGCAAGTGGGAGGCGGCCCGTGAGGCGGAGCAGCGGAGAGCCTACCTGGAGGGCACGTGCGTGGAGTGGCTCCGCAGATACCTGGAGAACGGGAAGAAGACGCTGCAGCGCGCGG
C*05:35,GCTCCCACTCCATGAGGTATTTCTACACCGCCGTGTCCCGGCCCGGCCGCGGAGAGCCCCGCTTCATCGCAGTGGGCTACGTGGACGACACGCAGTTCGTGCAGTTCGACAGCGACGCCGCGAGTCCAAGAGGGGAGCCGCGGGCGCCGTGGGTGGAGCAGGAGGGGCCGGAGTATTGGGACCGGGAGACACAGAAGTACAAGCGCCAGGCACAGACTGACCGAGTGAACCTGCGGAAACTGCGCGGCTACTACAACCAGAGCGAGGTCG,GGTCTCACACCCTCCAGAGGATGTATGGCTGCGACCTGGGGCCCGACGGGCGCCTCCTCCGCGGGTATAACCAGTTCGCCTACGACGGCAAGGATTACATCGCCCTGAATGAGGACCTGCGCTCCTGGACCGCCGCGGACAAGGCGGCTCAGATCACCCAGCGCAAGTGGGAGGCGGCCCGTGAGGCGGAGCAGCGGAGAGCCTACCTGGAGGGCACGTGCGTGGAGTGGCTCCGCAGATACCTGGAGAACGGGAAGAAGACGCTGCAGCGCGCGG
C*05:36,GCTCCCACTCCATGAGGTATTTCTACACCGCCGTGTCCCGGCCCGGCCGCGGAGAGCCCCGCTTCATCGCAGTGGGCTACGTGGACGACACGCAGTTCGTGCAGTTCGACAGCGACGCCGCGAGTCCAAGAGGGGAGCCGCGGGCGCCGTGGGTGGAGCAGGAGGGGCCGGAGTATTGGGACCGGGAGACACAGAACTACAAGCGCCAGGCACAGACTGACCGAGTGAACCTGCGGAAACTGCGCGGCTACTACAACCAGAGCGAGGCCG,GGTCTCACACCCTCCAGAGGATGTATGGCTGCGACCTGGGGCCCGACGGGCGCCTCCTCCGCGGGTATAACCAGTTCGCCTACGACGGCAAGGATTACATCGCCCTGAATGAGGACCTGCGCTCCTGGACCGCCGCGGACAAGGCGGCTCAGATCACCCAGCGCAAGTGGGAGGCGGCCCGTGAGGCGGAGCAGCGGAGAGCCTACCTGGAGGGCACGTGCGTGGAGTGGCTCCGCAGATACCTGGAGAACGGGAAGAAGACGCTGCAGCGCGCGG
C*05:38,GCTCCCACTCCATGAGGTATTTCTACACCGCCGTGTCCCGGCCCGGCCGCGGAGAGCCCCGCTTCATCGCAGTGGGCTACGTGGACGACACGCAGTTCGTGCAGTTCGACAGCGACGCCGCGAGTCCAAGAGGGGAGCCGCGGGCGCCGTGGGTGGAGCAGGAGGGGCCGGAGTATTGGGACCGGGAGACACAGAAGTACAAGCGCCAGGCACAGACTGACCGAGTGAACCTGCGGAAACTGCGCGGCTACTACAACCAGAGCGAGGCCG,GGTCTCACACCCTCCAGAGGATGTATGGCTGCGACCTGGGGCCCGACGGGCGCCTCCTCCGCGGGTATAACCGGTTCGCCTACGACGGCAAGGATTACATCGCCCTGAATGAGGACCTGCGCTCCTGGACCGCCGCGGACAAGGCGGCTCAGATCACCCAGCGCAAGTGGGAGGCGGCCCGTGAGGCGGAGCAGCGGAGAGCCTACCTGGAGGGCACGTGCGTGGAGTGGCTCCGCAGATACCTGGAGAACGGGAAGAAGACGCTGCAGCGCGCGG
C*05:39,GCTCCCACTCCATGAGGTATTTCTACACCGCCGTGTCCCGGCCCGGCCGCGGAGAGCCCCGCTTCATCGCAGTGGGCTACGTGGACGACACGCAGTTCGTGCAGTTCGACAGCGACGCCGCGAGTCCAAGAGGGGAGCCGCGGGCGCCGTGGGTGGAGCAGGAGGGGCCGGAGTATTGGGACCGGGAGACACAGAAGTACAAGCGCCAGGCACAGACTGACCGAGTGAACCTGCGGAAACTGCGCGGCTACTACAACCAGAGCGAGGCCG,GGTCTCACACCCTCCAGAGGATGTATGGCTGCGACCTGGGGCCCGACGGGCGCCTCCTCCGCGGGTATAACCAGTTCGCCTACGACGGCAAGGATTACATCGCCCTGAATGAGGACCTGCGCTCCTGGACCGCCGCGGACAAGGCGGCTCAGATCACCCAGCGCAAGTGGGAGGCGGCCCGTGAGGCGGAGCAGCGGAGAGCCTACCTGGAGGGCCTGTGCGTGGAGTGGCTCCGCAGATACCTGGAGAACGGGAAGAAGACGCTGCAGCGCGCGG
C*05:40,GCTCCCACTCCATGAGGTATTTCTACACCGCCGTGTCCCGGCCCGGCCGCGGAGAGCCCCGCTTCATCGCAGTGGGCTACGTGGACGACACGCAGTTCGTGCAGTTCGACAGCGACGCCGCGAGTCCAAGAGGGGAGCCGCGGGCGCCGTGGGTGGAGCAGGAGGGGTCGGAGTATTGGGACCGGGAGACACAGAAGTACAAGCGCCAGGCACAGACTGACCGAGTGAACCTGCGGAAACTGCGCGGCTACTACAACCAGAGCGAGGCCG,GGTCTCACACCCTCCAGAGGATGTATGGCTGCGACCTGGGGCCCGACGGGCGCCTCCTCCGCGGGTATAACCAGTTCGCCTACGACGGCAAGGATTACATCGCCCTGAATGAGGACCTGCGCTCCTGGACCGCCGCGGACAAGGCGGCTCAGATCACCCAGCGCAAGTGGGAGGCGGCCCGTGAGGCGGAGCAGCGGAGAGCCTACCTGGAGGGCACGTGCGTGGAGTGGCTCCGCAGATACCTGGAGAACGGGAAGAAGACGCTGCAGCGCGCGG
C*05:41,GCTCCCACTCCATGAGGTATTTCTACACCGCCGTGTCCCGGCCCGGCCGCGGAGAGCCCCGCTTCATCGCAGTGGGCTACGTGGACGACACGCAGTTCGTGCAGTTCGACAGCGACGCCGCGAGTCCAAGAGGGGAGCCGCGGGCGCCGTGGGTGGAGCAGGAGGGGCCGGAGTATTGGGACCGGGAGACACAGAAGTACAAGCGCCAGGCACAGACTGACCGAGTGAACCTGCGGAAACTGCGCGGCTACTACAACCAGAGCGAGGCCG,GGTCTCACACCCTCCAGAGGATGTATGGCTGCGACCTGGGGCCCGACGGGCGCCTCCTCCGCGGGTATAACCAGTTCGCCTACGACTGCAAGGATTACATCGCCCTGAATGAGGACCTGCGCTCCTGGACCGCCGCGGACAAGGCGGCTCAGATCACCCAGCGCAAGTGGGAGGCGGCCCGTGAGGCGGAGCAGCGGAGAGCCTACCTGGAGGGCACGTGCGTGGAGTGGCTCCGCAGATACCTGGAGAACGGGAAGAAGACGCTGCAGCGCGCGG
C*05:42,GCTCCCACTCCATGAGGTATTTCTACACCGCCGTGTCCCGGCCCGGCCGCGGAGAGCCCCGCTTCATCGCAGTGGGCTACGTGGACGACACGCAGTTCGTGCAGTTCGACAGCGACGCCGCGAGTCCAAGAGGGGAGCCGCGGGCGCCGTGGGTGGAGCAGGAGGGGCCGGAGTATTGGGACCGGGAGACACAGAAGTACAAGCGCCAGGCACAGGCTGACCGAGTGAACCTGCGGAAACTGCGCGGCTACTACAACCAGAGCGAGGACG,GGTCTCACACCCTCCAGAGGATGTATGGCTGCGACCTGGGGCCCGACGGGCGCCTCCTCCGCGGGTATAACCAGTTCGCCTACGACGGCAAGGATTACATCGCCCTGAATGAGGACCTGCGCTCCTGGACCGCCGCGGACAAGGCGGCTCAGATCACCCAGCGCAAGTGGGAGGCGGCCCGTGAGGCGGAGCAGCGGAGAGCCTACCTGGAGGGCACGTGCGTGGAGTGGCTCCGCAGATACCTGGAGAACGGGAAGAAGACGCTGCAGCGCGCGG
C*05:43,GCTCCCACTCCATGAGGTATTTCGACACCGCCGTGTCCCGGCCCGGCCGCGGAGAGCCCCGCTTCATCGCAGTGGGCTACGTGGACGACACGCAGTTCGTGCAGTTCGACAGCGACGCCGCGAGTCCAAGAGGGGAGCCGCGGGCGCCGTGGGTGGAGCAGGAGGGGCCGGAGTATTGGGACCGGGAGACACAGAAGTACAAGCGCCAGGCACAGACTGACCGAGTGAACCTGCGGAAACTGCGCGGCTACTACAACCAGAGCGAGGCCG,GGTCTCACACCCTCCAGAGGATGTATGGCTGCGACCTGGGGCCCGACGGGCGCCTCCTCCGCGGGTATAACCAGTTCGCCTACGACGGCAAGGATTACATCGCCCTGAATGAGGACCTGCGCTCCTGGACCGCCGCGGACAAGGCGGCTCAGATCACCCAGCGCAAGTGGGAGGCGGCCCGTGAGGCGGAGCAGCGGAGAGCCTACCTGGAGGGCACGTGCGTGGAGTGGCTCCGCAGATACCTGGAGAACGGGAAGAAGACGCTGCAGCGCGCGG
C*05:44:01,GCTCCCACTCCATGAGGTATTTCTACACCGCCGTGTCCCGGCCCGGCCGCGGAGAGCCCCGCTTCATCGCAGTGGGCTACGTGGACGACACGCAGTTCGTGCAGTTCGACAGCGACGCCGCGAGTCCAAGAGGGGAGCCGCGGGCGCCGTGGGTGGAGCAGGAGGGGCCGGAGTATTGGGACCGGGAGACACAGAAGTACAAGCGCCAGGCACAGACTGACCGAGTGAACCTGCGGAAACTGCGCGGCTACTACAACCAGAGCGAGGCCG,GGTCTCACACCCTCCAGAGGATGTATGGCTGCGACCTGGGGCCCGACGGGCGCCTCCTCCGCGGGTATAACCAGTTCGCCTACGACGGCAAGGATTACATCGCCCTGAATGAGGACCTGCGCTCCTGGACCGCCGCGGACAAGGCGGCTCAGATCACCCAGCGCAAGTGGGAGGCGGCCCGTGAGGCGGAGCAGCGGAGAGCCTACCTGGAGGGCACGTGCGTGGAGTGGCTCCGCAGATACCTGGAGAACAGGAAGAAGACGCTGCAGCGCGCGG
C*05:44:02,GCTCCCACTCCATGAGGTATTTCTACACCGCCGTGTCCCGGCCCGGCCGCGGAGAGCCCCGCTTCATCGCAGTGGGCTACGTGGACGACACGCAGTTCGTGCAGTTCGACAGCGACGCCGCGAGTCCAAGAGGGGAGCCGCGGGCGCCGTGGGTGGAGCAGGAGGGGCCGGAGTATTGGGACCGGGAGACACAGAAGTACAAGCGCCAGGCACAGACTGACCGAGTGAACCTGCGGAAACTGCGCGGCTACTACAACCAGAGCGAGGCCG,GGTCTCACACCCTCCAGAGGATGTATGGCTGCGACCTGGGGCCCGACGGGCGCCTCCTCCGCGGGTATAACCAGTTCGCCTACGACGGCAAGGATTACATCGCCCTGAATGAGGACCTGCGCTCCTGGACCGCCGCGGACAAGGCGGCTCAGATCACCCAGCGCAAGTGGGAGGCGGCCCGTGAGGCGGAGCAGCGGAGAGCCTACCTGGAGGGCACGTGCGTGGAGTGGCTCCGCAGATACCTGGAGAACCGGAAGAAGACGCTGCAGCGCGCGG
C*05:45,GCTCCCACTCCATGAGGTATTTCTACACCGCCGTGTCCCGGCCCGGCCGCGGAGAGCCCCGCTTCATCGCAGTGGGCTACGTGGACGACACGCAGTTCGTGCAGTTCGACAGCGACGCCGCGAGTCCAAGAGGGGAGCCGCGGGCGCCGTGGGTGGAGCAGGAGGGGCCGGAGTATTGGGACCGGGAGACACAGAAGTACAAGCGCCAGGCACAGACTGACCGAGTGAACCTGCGGAAACTGCGCGGCTACTACAACCAGAGCGAGGCCG,GGTCTCACACCCTCCAGAGGATGTATGGCTGCGACCTGGGGCCCGACGGGCGCCTCCTCCGCGGGTATAACCAGTTCGCCTACGACGGCAAGGATTACATCGCCCTGAATGAGGACCTGCGCTCCTGGACCGCCGCGGACAAGGAGGCTCAGATCACCCAGCGCAAGTGGGAGGCGGCCCGTGAGGCGGAGCAGCGGAGAGCCTACCTGGAGGGCACGTGCGTGGAGTGGCTCCGCAGATACCTGGAGAACGGGAAGAAGACGCTGCAGCGCGCGG
C*05:46,GCTCCCACTCCATGAGGTATTTCTACACCGCCGTGTCCCGGCCCGGCCGCGGAGAGCCCCGCTTCATCGCAGTGGGCTACGTGGACGACACGCAGTTCGTGCAGTTCGACAGCGACGCCGCGAGTCCAAGAGGGGAGCCGCGGGCGCCGTGGGTGGAGCAGGAGGGGCCGGAGTATTGGGACCGGGAGACACAGAAGTACAAGCGCCAGGCACAGGCTGACCGAGTGAACCTGCGGAAACTGCGCGGCTACTACAACCAGAGCGAGGCCG,GGTCTCACACCCTCCAGAGGATGTATGGCTGCGACCTGGGGCCCGACGGGCGCCTCCTCCGCGGGTATAACCAGTTCGCCTACGACGGCAAGGATTACATCGCCCTGAATGAGGACCTGCGCTCCTGGACCGCCGCGGACAAGGCGGCTCAGATCACCCAGCGCAAGTGGGAGGCGGCCCGTGAGGCGGAGCAGCGGAGAGCCTACCTGGAGGGCACGTGCGTGGAGTGGCTCCGCAGATACCTGGAGAACGGGAAGAAGACGCTGCAGCGCGCGG
C*05:47,GCTCCCACTCCATGAGGTATTTCTACACCGCCGTGTCCCGGCCCGGCCGCGGAGAGCCCCGCTTCATCGCAGTGGGCTACGTGGACGACACGCAGTTCGTGCAGTTCGACAGCGACGCCGCGAGTCCAAGAGGGGAGCCGCGGGCGCCGTGGGTGGAGCAGGAGGGGCCGGAGTATTGGGACCGGGAGACACAGAAGTACAAGCGCCAGGCACAGACTGACCGAGTGAACCTGCGGAAACTGCGCGGCTACTACAACCAGAGCGAGGCCG,GGTCTCACACCCTCCAGAGGATGTATGGCTGCGACCTGGGGCCCGACGGGCGCCTCCTCCGCGGGTATAACCAGTACGCCTACGACGGCAAGGATTACATCGCCCTGAATGAGGACCTGCGCTCCTGGACCGCCGCGGACAAGGCGGCTCAGATCACCCAGCGCAAGTGGGAGGCGGCCCGTGAGGCGGAGCAGCGGAGAGCCTACCTGGAGGGCACGTGCGTGGAGTGGCTCCGCAGATACCTGGAGAACGGGAAGAAGACGCTGCAGCGCGCGG
C*05:48N,GCTCCCACTCCATGAGGTATTTCTACACCGCCGTGTCCCGGCCCGGCCGCGGAGAGCCCCGCTTCATCGCAGTGGGCTACGTGGACGACACGTAGTTCGTGCAGTTCGACAGCGACGCCGCGAGTCCAAGAGGGGAGCCGCGGGCGCCGTGGGTGGAGCAGGAGGGGCCGGAGTATTGGGACCGGGAGACACAGAAGTACAAGCGCCAGGCACAGACTGACCGAGTGAACCTGCGGAAACTGCGCGGCTACTACAACCAGAGCGAGGCCG,GGTCTCACACCCTCCAGAGGATGTATGGCTGCGACCTGGGGCCCGACGGGCGCCTCCTCCGCGGGTATAACCAGTTCGCCTACGACGGCAAGGATTACATCGCCCTGAATGAGGACCTGCGCTCCTGGACCGCCGCGGACAAGGCGGCTCAGATCACCCAGCGCAAGTGGGAGGCGGCCCGTGAGGCGGAGCAGCGGAGAGCCTACCTGGAGGGCACGTGCGTGGAGTGGCTCCGCAGATACCTGGAGAACGGGAAGAAGACGCTGCAGCGCGCGG
C*05:49,GCTCCCACTCCATGAGGTATTTCTACACCGCCGTGTCCCGGCCCGGCCGCGGAGAGCCCCGCTTCATCGCAGTGGGCTACGTGGACGACACGCAGTTCGTGCAGTTCGACAGCGACGCCGCGAGTCCAAGAGGGGAGCCGCGGGCGCCGTGGGTGGAGCAGGAGGGGCCGGAGTATTGGGACCGGGAGACACAGAAGTACAAGCGCCAGGCACAGACTGACCGAGTGAACCTGCGGAAACTGCGCGGCTACTACAACCAGAGCGAGGCCG,GGTCTCACACCCTCCAGAGGATGTATGGCTGCGACCTGGGGCCCGACGGGCGCCTCCTCCGCGGGTATAACCAGTTCGCCTACGACGGCAAGGATTACATCGCCCTGAATGAGGACCTGCGCTCCTGGACCGCCGCGGACAAGGCGGCTCAGATCACCCGGCGCAAGTGGGAGGCGGCCCGTGAGGCGGAGCAGCGGAGAGCCTACCTGGAGGGCACGTGCGTGGAGTGGCTCCGCAGATACCTGGAGAACGGGAAGAAGACGCTGCAGCGCGCGG
C*05:50,GCTCCCACTCCATGAGGTATTTCTACACCGCCGTGTCCCGGCCCGGCCGCGGAGAGCCCCGCTTCATCGCAGTGGGCTACGTGGACGACACGCAGTTCGTGCAGTTCGACAGCGACGCCGCGAGTCCAAGAGGGGAGCCGCGGGCGCCGTGGGTGGAGCAGGAGGGGCCGGAGTATTGGGACCGGGAGACACAGAAGTACAAGCGCCAGGCACAGACTGACCGAGTGAACCTGCGGAAACTGCGCGGCTACTACAACCAGAGCGAGGCCG,GGTCTCACACCCTCCAGAGGATGTATGGCTGCGACCTGGGGCCCGACGGGCGCCTCCTCCGCGGGTATAACCAGTTCGCCTACGACGGCAAGGATTACATCGCCCTGAATGAGGACCTGCGCTCCTGGACCGCCGCGGACAAGGCGGCTCAGATCACCCAGCGCAAGTGGGAGGCGGCCCGTGAGGCGGAGCAGCGGAGAGCCTACCTGGAGGGCACGTGCGTGGAGTGGCTCCGCAGATACCTGGAGAACGGGAAGAAGACGGTGCAGCGCGCGG
C*05:52,GCTCCCACTCCATGAGGTATTTCTACACCGCCGTGTCCCGGCCCGGCCGCGGAGAGCCCCGCTTCATCGCAGTGGGCTACGTGGACGACACGCAGTTCGTGCAGTTCGACAGCGACGCCGCGAGTCCAAGAGGGGAGCCGCGGGCGCCGTGGGTGGAGCAGGAGGGGCCGGAGTATTGGGACCGGGAGACACAGAAGTACAAGCGCCAGGCACAGACTGACCGAGTGAACCTGCGGAAACTGCGCGGCTACTACAACCAGAGCGAGGCCG,GGTCTCACACCCTCCAGAGGATGTATGGCTGCGACCTGGGGCCCGACGGGCGCCTCCTCCGCGGGTATAACCAGTTCGCCTACGACGGCAAGGATTACATCGCCCTGAATGAGGACCTGCGCTCCTGGACCGCCGCGGACAAGGCGGCTCAGATCACCCAGCGCAAGTGGGAGGCGGCCCGTGAGGCGGAGCAGTGGAGAGCCTACCTGGAGGGCACGTGCGTGGAGTGGCTCCGCAGATACCTGGAGAACGGGAAGGAGACGCTGCAGCGCGCGG
C*05:54,GCTCCCACTCCATGAGGTATTTCTACACCGCCGTGTCCCGGCCCGGCCGCGGAGAGCCCCGCTTCATCGCAGTGGGCTACGTGGACGACACGCAGTTCGTGCAGTTCGACAGCGACGCCGCGAGTCCAAGAGGGGAGCCGCGGGCGCCGTGGGTGGAGCAGGAGGGGCCGGAGTATTGGCACCGGGAGACACAGAAGTACAAGCGCCAGGCACAGACTGACCGAGTGAACCTGCGGAAACTGCGCGGCTACTACAACCAGAGCGAGGCCG,GGTCTCACACCCTCCAGAGGATGTATGGCTGCGACCTGGGGCCCGACGGGCGCCTCCTCCGCGGGTATAACCAGTTCGCCTACGACGGCAAGGATTACATCGCCCTGAATGAGGACCTGCGCTCCTGGACCGCCGCGGACAAGGCGGCTCAGATCACCCAGCGCAAGTGGGAGGCGGCCCGTGAGGCGGAGCAGCGGAGAGCCTACCTGGAGGGCACGTGCGTGGAGTGGCTCCGCAGATACCTGGAGAACGGGAAGAAGACGCTGCAGCGCGCGG
C*05:55,GCTCCCACTCCATGAGGTATTTCTACACCGCCGTGTCCCGGCCCGGCCGCGGAGAGCCCCGCTTCATCGCAGTGGGCTACGTGGACGACACGCAGTTCGTGCAGTTCGACAGCGACGCCGCGAGTCCAAGAGGGGAGCCGCGGGCGCCGTGGGTGGAGCAGGAGGGGCCGGAGTATTGGGACCGGGAGACACAGAAGTACAAGCGCCAGGCACAGACTGACCGAGTGAACCTGCGGAAACTGCGCGGCTACTACAACCAGAGCGAGGCCA,GGTCTCACACCCTCCAGAGGATGTATGGCTGCGACCTGGGGCCCGACGGGCGCCTCCTCCGCGGGTATAACCAGTTCGCCTACGACGGCAAGGATTACATCGCCCTGAATGAGGACCTGCGCTCCTGGACCGCCGCGGACAAGGCGGCTCAGATCACCCAGCGCAAGTGGGAGGCGGCCCGTGAGGCGGAGCAGCGGAGAGCCTACCTGGAGGGCACGTGCGTGGAGTGGCTCCGCAGATACCTGGAGAACGGGAAGAAGACGCTGCAGCGCGCGG
C*05:56,GCTCCCACTCCATGAGGTATTTCTACACCGCCGTGTCCCGGCCCGGCCGCGGAGAGCCCCGCTTCATCGCAGTGGGCTACGTGGACGACACGCAGTTCGTGCAGTTCGACAGCGACGCCGCGAGTCCAAGAGGGGAGCCGCGGGCGCCGTGGGTGGAGCAGGAGGGGCCGGAGTATTGGGACCAGGAGACACAGAAGTACAAGCGCCAGGCACAGACTGACCGAGTGAACCTGCGGAAACTGCGCGGCTACTACAACCAGAGCGAGGCCG,GGTCTCACACCCTCCAGAGGATGTATGGCTGCGACCTGGGGCCCGACGGGCGCCTCCTCCGCGGGTATAACCAGTTCGCCTACGACGGCAAGGATTACATCGCCCTGAATGAGGACCTGCGCTCCTGGACCGCCGCGGACAAGGCGGCTCAGATCACCCAGCGCAAGTGGGAGGCGGCCCGTGAGGCGGAGCAGCGGAGAGCCTACCTGGAGGGCACGTGCGTGGAGTGGCTCCGCAGATACCTGGAGAACGGGAAGAAGACGCTGCAGCGCGCGG
C*05:57,GCTCCCACTCCATGAGGTATTTCTACACCGCCGTGTCCCGGCCCGGCCGCGGAGAGCCCCGCTTCATCGCAGTGGGCTACGTGGACGACACGCAGTTCGTGCAGTTCGACAGCGACGCCGCGAGTCCAAGAGGGGAGCCGCGGGCGCCGTGGATGGAGCAGGAGGGGCCGGAGTATTGGGACCGGGAGACACAGAAGTACAAGCGCCAGGCACAGACTGACCGAGTGAACCTGCGGAAACTGCGCGGCTACTACAACCAGAGCGAGGCCG,GGTCTCACACCCTCCAGAGGATGTATGGCTGCGACCTGGGGCCCGACGGGCGCCTCCTCCGCGGGTATAACCAGTTCGCCTACGACGGCAAGGATTACATCGCCCTGAATGAGGACCTGCGCTCCTGGACCGCCGCGGACAAGGCGGCTCAGATCACCCAGCGCAAGTGGGAGGCGGCCCGTGAGGCGGAGCAGCGGAGAGCCTACCTGGAGGGCACGTGCGTGGAGTGGCTCCGCAGATACCTGGAGAACGGGAAGAAGACGCTGCAGCGCGCGG
C*05:58:01,GCTCCCACTCCATGAGGTATTTCTACACCGCTGTGTCCCGGCCCGGCCGCGGGGAGCCCCACTTCATCGCAGTGGGCTACGTGGACGACACGCAGTTCGTGCAGTTCGACAGCGACGCCGCGAGTCCAAGAGGGGAGCCGCGGGCGCCGTGGGTGGAGCAGGAGGGGCCGGAGTATTGGGACCGGGAGACACAGAAGTACAAGCGCCAGGCACAGACTGACCGAGTGAACCTGCGGAAACTGCGCGGCTACTACAACCAGAGCGAGGCCG,GGTCTCACACCCTCCAGAGGATGTATGGCTGCGACCTGGGGCCCGACGGGCGCCTCCTCCGCGGGTATAACCAGTTCGCCTACGACGGCAAGGATTACATCGCCCTGAATGAGGACCTGCGCTCCTGGACCGCCGCGGACAAGGCGGCTCAGATCACCCAGCGCAAGTGGGAGGCGGCCCGTGAGGCGGAGCAGCGGAGAGCCTACCTGGAGGGCACGTGCGTGGAGTGGCTCCGCAGATACCTGGAGAACGGGAAGAAGACGCTGCAGCGCGCGG
C*05:58:02,GCTCCCACTCCATGAGGTATTTCTACACCGCCGTGTCCCGGCCCGGCCGCGGAGAGCCCCACTTCATCGCAGTGGGCTACGTGGACGACACGCAGTTCGTGCAGTTCGACAGCGACGCCGCGAGTCCAAGAGGGGAGCCGCGGGCGCCGTGGGTGGAGCAGGAGGGGCCGGAGTATTGGGACCGGGAGACACAGAAGTACAAGCGCCAGGCACAGACTGACCGAGTGAACCTGCGGAAACTGCGCGGCTACTACAACCAGAGCGAGGCCG,GGTCTCACACCCTCCAGAGGATGTATGGCTGCGACCTGGGGCCCGACGGGCGCCTCCTCCGCGGGTATAACCAGTTCGCCTACGACGGCAAGGATTACATCGCCCTGAATGAGGACCTGCGCTCCTGGACCGCCGCGGACAAGGCGGCTCAGATCACCCAGCGCAAGTGGGAGGCGGCCCGTGAGGCGGAGCAGCGGAGAGCCTACCTGGAGGGCACGTGCGTGGAGTGGCTCCGCAGATACCTGGAGAACGGGAAGAAGACGCTGCAGCGCGCGG
C*05:59,GCTCCCACTCCATGAGGTATTTCTACACCGCCGTGTCCCGGCCCGGCCGCGGAGAGCCCCGCTTCATCGCAGTGGGCTACGTGGACGACACGCAGTTCGTGCAGTTCGACAGCGACGCCGCGAGTCCAAGAGGGGAGCCGCGGGCGCCGTGGGTGGAGCAGGAGGGGCCGGAGTATTGGGACCGGGAGACACAGAAGTACAAGCGCCAGGCACAGACTGACCGAGTGAACCTGCGGAAACTGCGCGGCTACTACAACCAGAGCGAGGCCG,GGTCTCACACCCTCCAGAGGATGTGTGGCTGCGACCTGGGGCCCGACGGGCGCCTCCTCCGCGGGTATAACCAGTTCGCCTACGACGGCAAGGATTACATCGCCCTGAATGAGGACCTGCGCTCCTGGACCGCCGCGGACAAGGCGGCTCAGATCACCCAGCGCAAGTGGGAGGCGGCCCGTGAGGCGGAGCAGCGGAGAGCCTACCTGGAGGGCACGTGCGTGGAGTGGCTCCGCAGATACCTGGAGAACGGGAAGAAGACGCTGCAGCGCGCGG
C*05:60,GCTCCCACTCCATGAGGTATTTCTACACCGCCGTGTCCCGGCCCGGCCGCGGAGAGCCCCGCTTCATCGCAGTGGGCTACGTGGACGACACGCAGTTCGTGCAGTTCGACAGCGACGCCGCGAGTCCAAGAGGGGAGCCGCGGGCGCCGTGGGTGGAGCAGGAGGGGCCGGAGTATTGGGACCGGGAGACACAGAAGTACAAGCGCCAGGCACAGACTGACCGAGTGAACCTGCGGAAACTGCGCGGCTACTACAACCAGAGCGAGGCCG,GGTCTCACACCCTCCAGAGGATGTATGGCTGCGACCTGGGGCCCGACGGGCGCCTCCTCCGCGGGTATAACCAGTTCGCCTACGACGGCAAGGATTACATCGCCCTGAATGAGGACCTGCGCTCCTGGACCGCCGCGGACAAGGCGGCTCAGATCACCCAGCGCAAGTGGGAGGCGGCCCGTGAGGCGGAGCAGCGGAGAGCCTACCTGGAGGGCACGTGCGTGGAGTGGCTCCGCAGATACCTGGAGAACGGGAAGAAGACGCTGCAGTGCGCGG
C*05:61,GCTCCCACTCCATGAGGTATTTCTACACCGCCGTGTCCCGGCCCGGCCGCGGAGAGCCCCGCTTCATCGCAGTGGGCTACGTGGACGACACGCAGTTCGTGCAGTTCGACAGCGACGCCGCGAGTCCAAGAGGGGAGCCGCGGGCGCCGTGGGTGGAGCAGGAGGGGCCGGAGTATTGGGACCGGGAGACACAGAAGTACAAGCGCCAGGCACAGACTGACCGAGTGAACCTGCGGAAACTGCGCGGCTACTACAACCAGAGCGAGGCCG,GGTCTCACACCCTCCAGAGGATGTATGGCTGCAACCTGGGGCCCGACGGGCGCCTCCTCCGCGGGTATAACCAGTTCGCCTACGACGGCAAGGATTACATCGCCCTGAATGAGGACCTGCGCTCCTGGACCGCCGCGGACAAGGCGGCTCAGATCACCCAGCGCAAGTGGGAGGCGGCCCGTGAGGCGGAGCAGCGGAGAGCCTACCTGGAGGGCACGTGCGTGGAGTGGCTCCGCAGATACCTGGAGAACGGGAAGAAGACGCTGCAGCGCGCGG
C*05:62,GCTCCCACTCCATGAGGTATTTCTACACCGCCGTGTCCCGGCCCGGCCGCGGAGAGCCCCGCTTCATCGCAGTGGGCTACGTGGACGACACGCAGTTCGTGCAGTTCGACAGCGACGCCGCGAGTCCAAGAGGGGAGCCGCGGGCGCCGTGGGTGGAGCAGGAGGGGCCGGAGTATTGGGACCGGGAGACACAGAAGTACAAGCGCCAGGCACAGACTGACCGAGTGAACCTGCGGAAACTGCGCGGCTACTACAACCAGAGCGAGGCCG,GGTCTCACACCCTCCAGAGGATGTATGGCTGCGACCTGGGGCCCGACGGGCGCCTCCTCCGCGGGTATAACCAGTTCGCCTACGACGGCAAGGATTACATCGCCCTGAATGAGGACCTGCGCTCCTGGACCGCCGCGGACAAGGCGGCTCAGATCACCCAGCGCAAGTTGGAGGCGGCCCGTGCGGCGGAGCAGGACAGAGCCTACCTGGAGGGCACGTGCGTGGAGTGGCTCCGCAGATACCTGGAGAACGGGAAGAAGACGCTGCAGCGCGCGG
C*05:63,GCTCCCACTCCATGAGGTATTTCTACACCGCCGTGTCCCGGCCCGGCCGCGGAGAGCCCCGCTTCATCGCAGTGGGCTACGTGGACGACACGCAGTTCGTGCAGTTCGACAGCGACGCCGCGAGTCCAAGAGGGGAGCCGCGGGCGCCGTGGGTGGAGCAGGAGGGGCCGGAGTATTGGGACCGGGAGACACAGAAGTACAAGCGCCAGGCACAGACTGACCGAGTGAACCTGCGGAAACTGCGCGGCTACTACAACCAGAGCGAGGCCG,GGTCTCACACCCTCCAGAGGATGTATGGCTGCGACCTGGGGACCGACGGGCGCCTCCTCCGCGGGTATAACCAGTTCGCCTACGACGGCAAGGATTACATCGCCCTGAATGAGGACCTGCGCTCCTGGACCGCCGCGGACAAGGCGGCTCAGATCACCCAGCGCAAGTGGGAGGCGGCCCGTGAGGCGGAGCAGCGGAGAGCCTACCTGGAGGGCACGTGCGTGGAGTGGCTCCGCAGATACCTGGAGAACGGGAAGAAGACGCTGCAGCGCGCGG
C*05:64,GCTCCCACTCCATGAGGTATTTCTACACCGCCGTGTCCCGGCCCGGCCGCGGAGAGCCCCGCTTCATCGCAGTGGGCTACGTGGACGACACGCAGTTCGTGCAGTTCGACAGCGACGCCGCGAGTCCAAGAGGGGAGCCGCGGGCGCCGTGGGTGGAGCAGGAGGGGCCGGAGTATTGGGACCGGGAGACACAGAAGTACAAGCGCCAGGCACAGACTGACCGAGTGAACCTGCGGAAACTGCGCGGCTACTACAACCAGAGCGAGGCCG,GGTCTCACACCCTCCAGAGGATGTTTGGCTGCGACCTGGGGCCGGACGGGCGCCTCCTCCGCGGGTATAACCAGTTCGCCTACGACGGCAAGGATTACATCGCCCTGAATGAGGACCTGCGCTCCTGGACCGCCGCGGACAAGGCGGCTCAGATCACCCAGCGCAAGTGGGAGGCGGCCCGTGAGGCGGAGCAGCGGAGAGCCTACCTGGAGGGCACGTGCGTGGAGTGGCTCCGCAGATACCTGGAGAACGGGAAGAAGACGCTGCAGCGCGCGG
C*05:65,GCTCCCACTCCATGAGGTATTTCTACACCGCCGTGTCCCGGCCCGGCCGCGGAGAGCCCCGCTTCATCGCAGTGGGCTACGTGGACGACACGCAGTTCGTGCAGTTCGACAGCGACGCCGCGAGTCCAAGAGGGGAGCCGCGGGCGCCGTGGGTGGAGCAGGAGGGGCCGGAGTATTGGGACCGGGAGACACAGAAGTACAAGCGCCAGGCACAGACTGACCGAGTGAACCTGCGGAAACTGCGCGGCTACTACAACCAGAGCGAGGCCG,GGTCTCACACCCTCCAGAGGATGTATGGCTGCGACCTGGGGCCCGACGGGCGCCTCCTCTGCGGGTATAACCAGTTCGCCTACGACGGCAAGGATTACATCGCCCTGAATGAGGACCTGCGCTCCTGGACCGCCGCGGACAAGGCGGCTCAGATCACCCAGCGCAAGTGGGAGGCGGCCCGTGAGGCGGAGCAGCGGAGAGCCTACCTGGAGGGCACGTGCGTGGAGTGGCTCCGCAGATACCTGGAGAACGGGAAGAAGACGCTGCAGCGCGCGG
C*05:66,GCTCCCACTCCATGAGGTATTTCTACACCGCCGTGTCCCGGCCCGGCCGCGGAGAGCCCCGCTTCATCGCAGTGGGCTACGTGGACGACACGCAGTTCGTGCAGTTCGACAGCGACGCCGCGAGTCCAAGAGGGGAGCCGCGGGCGCCGTGGGTGGAGCAGGAGGGGCCGGAGTATTGGGGCCGGGAGACACAGAAGTACAAGCGCCAGGCACAGACTGACCGAGTGAACCTGCGGAAACTGCGCGGCTACTACAACCAGAGCGAGGCCG,GGTCTCACACCCTCCAGAGGATGTATGGCTGCGACCTGGGGCCCGACGGGCGCCTCCTCCGCGGGTATAACCAGTTCGCCTACGACGGCAAGGATTACATCGCCCTGAATGAGGACCTGCGCTCCTGGACCGCCGCGGACAAGGCGGCTCAGATCACCCAGCGCAAGTGGGAGGCGGCCCGTGAGGCGGAGCAGCGGAGAGCCTACCTGGAGGGCACGTGCGTGGAGTGGCTCCGCAGATACCTGGAGAACGGGAAGAAGACGCTGCAGCGCGCGG
C*05:67,GCTCCCACTCCATGAGGTATTTCTACACCGCCGTGTCCCGGCCCGGCCGCGGAGAGCCCCGCTTCATCGCAGTGGGCTACATGGACGACACGCAGTTCGTGCAGTTCGACAGCGACGCCGCGAGTCCAAGAGGGGAGCCGCGGGCGCCGTGGGTGGAGCAGGAGGGGCCGGAGTATTGGGACCGGGAGACACAGAAGTACAAGCGCCAGGCACAGACTGACCGAGTGAACCTGCGGAAACTGCGCGGCTACTACAACCAGAGCGAGGCCG,GGTCTCACACCCTCCAGAGGATGTATGGCTGCGACCTGGGGCCCGACGGGCGCCTCCTCCGCGGGTATAACCAGTTCGCCTACGACGGCAAGGATTACATCGCCCTGAATGAGGACCTGCGCTCCTGGACCGCCGCGGACAAGGCGGCTCAGATCACCCAGCGCAAGTGGGAGGCGGCCCGTGAGGCGGAGCAGCGGAGAGCCTACCTGGAGGGCACGTGCGTGGAGTGGCTCCGCAGATACCTGGAGAACGGGAAGAAGACGCTGCAGCGCGCGG
C*05:68,GCTCCCACTCCATGAGGTATTTCTACACCGCCGTGTCCCGGCCCGGCCGCGGAGAGCCCCGCTTCATCGCAGTGGGCTACGTGGACGACACGCAGTTCGTGCAGTTCGACAGCGACGCCGCGAGTCCAAGAGGGGAGCCGCGGGCGCCGTGGGTGGAGCAGGAGGGGCCGGAGTATTGGGACCGGGAGACACAGAAGTACAAGCGCCAGGCACAGACTGACCGAGTGAACCTGCGGAAACTGCGCGGCTACTACAACCAGAGCGAGGCCG,GGTCTCACACCCTCCAGAGGATGTATGGCTGCGACCTGGGGCCCGACGGGCGCCTCCTCCGCGGGTATAACCAGTTCGCCTACGACGGCAAGGATTACATCGCCCTGAATGAGGACCTGCGCTCCTGGACCGCCGCGGACAAGGCGGCTCAGATCACCCAGCGCAAGTGGGAGGCGGCCCGTGCGGCGGAGCAGCTGAGAGCCTACCTGGAGGGCACGTGCGTGGAGTGGCTCCGCAGATACCTGGAGAACGGGAAGAAGACGCTGCAGCGCGCGG
C*05:69,GCTCCCACTCCATGAGGTATTTCTACACCGCCGTGTCCCGGCCCGGCCGCGGAGAGCCCCGCTTCATCGCAGTGGGCTACGTGGACGACACGCAGTTCGTGCAGTTCGACAGCGACGCCGCGAGTCCAAGAGGGGAGCCGCGGGCGCCGTGGGTGGAGCAGGAGGGGCCGGAGTATTGGGACCGGGAGACACAGAAGTACAAGCGCCAGGCACAGACTGACCGAGTGAACCTGCGGAAACTGCGCGGCTACTACAACCAGAGCGAGGCCG,GGTCTCACACCCTCCAGAGGATATATGGCTGCGACCTGGGGCCCGACGGGCGCCTCCTCCGCGGGTATAACCAGTTCGCCTACGACGGCAAGGATTACATCGCCCTGAATGAGGACCTGCGCTCCTGGACCGCCGCGGACAAGGCGGCTCAGATCACCCAGCGCAAGTGGGAGGCGGCCCGTGAGGCGGAGCAGCGGAGAGCCTACCTGGAGGGCACGTGCGTGGAGTGGCTCCGCAGATACCTGGAGAACGGGAAGAAGACGCTGCAGCGCGCGG
C*05:70,GCTCCCACTCCATGAGGTATTTCTACACCGCCGTGTCCCGGCCCGGCCGCGGAGAGCCCCGCTTCATCGCAGTGGGCTACGTGGACGACACGCAGTTCGTGCAGTTCGACAGCGACGCCGCGAGTCCAAGAGGGGAGCCGCGGGCGCCGTGGGTGGAGCAGGAGGGGCCGGAGTATTGGGACCGGGAGACACAGAAGTACAAGCGCCAGGCACAGACTGACCGAGTGAACCTGCGGAAACTGCGCGGCTACTACAACCAGAGCGAGGCCG,GGTCTCACACCCTCCAGAGGATGTATGGCTGCGACCTGGGGCCCGACGGGCGCCTCCTCCGCGGGTATAACCAGTTCGCCTACGACGGCAAGGATTACATCGCCCTGAATGAGGACCTGCGCTCCTGGACCGCCGCGGACAAGGCGGCTCAGATCACCCAGCGCAAGTGGGAGGCGGCCCGTGAGGCGGAGCAGCTGAGAACCTACCTGGAGGGCACGTGCGTGGAGTGGCTCCGCAGATACCTGGAGAACGGGAAGAAGACGCTGCAGCGCGCGG
C*05:71,GCTCCCACTCCATGAGGTATTTCTACACCGCCGTGTCCCGGCCCGGCCGCGGAGAGCCCCGCTTCATCGCAGTGGGCTACGTGGACGACACGCAGTTCGTGCAGTTCGACAGCGACGCCGCGAGTCCAAGAGGGGAGCCGCGGGCGCCGTGGGTGGAGCAGGAGGGGCCGGAGTATTGGGACCGGGAGACACAGAAGTACGAGCGCCAGGCACAGACTGACCGAGTGAACCTGCGGAAACTGCGCGGCTACTACAACCAGAGCGAGGCCG,GGTCTCACACCCTCCAGAGGATGTATGGCTGCGACCTGGGGCCCGACGGGCGCCTCCTCCGCGGGTATAACCAGTTCGCCTACGACGGCAAGGATTACATCGCCCTGAATGAGGACCTGCGCTCCTGGACCGCCGCGGACAAGGCGGCTCAGATCACCCAGCGCAAGTGGGAGGCGGCCCGTGAGGCGGAGCAGCGGAGAGCCTACCTGGAGGGCACGTGCGTGGAGTGGCTCCGCAGATACCTGGAGAACGGGAAGAAGACGCTGCAGCGCGCGG
C*05:72,GCTCCCACTCCATGAGGTATTTCTACACCGCCGTGTCCCGGCCCGGCCGCGGAGAGCCCCGCTTCATCGCAGTGGGCTACGTGGAGGACACGCAGTTCGTGCAGTTCGACAGCGACGCCGCGAGTCCAAGAGGGGAGCCGCGGGCGCCGTGGGTGGAGCAGGAGGGGCCGGAGTATTGGGACCGGGAGACACAGAAGTACAAGCGCCAGGCACAGACTGACCGAGTGAACCTGCGGAAACTGCGCGGCTACTACAACCAGAGCGAGGCCG,GGTCTCACACCCTCCAGAGGATGTATGGCTGCGACCTGGGGCCCGACGGGCGCCTCCTCCGCGGGTATAACCAGTTCGCCTACGACGGCAAGGATTACATCGCCCTGAATGAGGACCTGCGCTCCTGGACCGCCGCGGACAAGGCGGCTCAGATCACCCAGCGCAAGTGGGAGGCGGCCCGTGAGGCGGAGCAGCGGAGAGCCTACCTGGAGGGCACGTGCGTGGAGTGGCTCCGCAGATACCTGGAGAACGGGAAGAAGACGCTGCAGCGCGCGG
C*05:73,GCTCCCACTCCATGAGGTATTTCTACACCGCCGTGTCCCGGCCCGGCCGCGGAAAGCCCCGCTTCATCGCAGTGGGCTACGTGGACGACACGCAGTTCGTGCAGTTCGACAGCGACGCCGCGAGTCCAAGAGGGGAGCCGCGGGCGCCGTGGGTGGAGCAGGAGGGGCCGGAGTATTGGGACCGGGAGACACAGAAGTACAAGCGCCAGGCACAGACTGACCGAGTGAACCTGCGGAAACTGCGCGGCTACTACAACCAGAGCGAGGCCG,GGTCTCACACCCTCCAGAGGATGTATGGCTGCGACCTGGGGCCCGACGGGCGCCTCCTCCGCGGGTATAACCAGTTCGCCTACGACGGCAAGGATTACATCGCCCTGAATGAGGACCTGCGCTCCTGGACCGCCGCGGACAAGGCGGCTCAGATCACCCAGCGCAAGTGGGAGGCGGCCCGTGAGGCGGAGCAGCGGAGAGCCTACCTGGAGGGCACGTGCGTGGAGTGGCTCCGCAGATACCTGGAGAACGGGAAGAAGACGCTGCAGCGCGCGG
C*05:74,GCTCCCACTCCATGAGGTATTTCTACACCGCCGTGTCCCGGCCCGGCCGCGGAGAGCCCCGCTTCATCGCAGTGGGCTACGTGGACGACACGCAGTTCGTGCAGTTCGACAGCAACGCCGCGAGTCCAAGAGGGGAGCCGCGGGCGCCGTGGGTGGAGCAGGAGGGGCCGGAGTATTGGGACCGGGAGACACAGAAGTACAAGCGCCAGGCACAGACTGACCGAGTGAACCTGCGGAAACTGCGCGGCTACTACAACCAGAGCGAGGCCG,GGTCTCACACCCTCCAGAGGATGTATGGCTGCGACCTGGGGCCCGACGGGCGCCTCCTCCGCGGGTATAACCAGTTCGCCTACGACGGCAAGGATTACATCGCCCTGAATGAGGACCTGCGCTCCTGGACCGCCGCGGACAAGGCGGCTCAGATCACCCAGCGCAAGTGGGAGGCGGCCCGTGAGGCGGAGCAGCGGAGAGCCTACCTGGAGGGCACGTGCGTGGAGTGGCTCCGCAGATACCTGGAGAACGGGAAGAAGACGCTGCAGCGCGCGG
C*05:75,GCTCCCACTCCATGAGGTATTTCTACACCGCCGTGTCCCGGCCCGGCCGCGGAGAGCCCCGCTTCATCGCAGTGGGCTACGTGGACGACACGCAGTTCGTGCAGTTCGACAGCGACGCCGCGAGTCCAAGAGGGGAGCCGCGGGCGCCGTGGGTGGAGCAGGAGGGGCCGGAGTATTGGGACCGGGAGACACAGAAGTACAAGCGCCAGGCACAGACTGACCGAGTGAACCTGCGGAAACTGCGCGGCTACTACAACCAGAGCGAGGCCG,GGTCTCACACCCTCCAGAGGATGTATGGCTGCGACCTGGGGCCCGACCGGCGCCTCCTCCGCGGGTATAACCAGTTCGCCTACGACGGCAAGGATTACATCGCCCTGAATGAGGACCTGCGCTCCTGGACCGCCGCGGACAAGGCGGCTCAGATCACCCAGCGCAAGTGGGAGGCGGCCCGTGAGGCGGAGCAGCGGAGAGCCTACCTGGAGGGCACGTGCGTGGAGTGGCTCCGCAGATACCTGGAGAACGGGAAGAAGACGCTGCAGCGCGCGG
C*05:76,GCTCCCACTCCATGAGGTATTTCTACACCGCCGTGTCCCGGCCCGGCCGCGGAGAGCCCCGCTTCATCGCAGTGGGCTACGTGGACGACACGCAGTTCGTGCAGTTCGACAGCGACGCCGCGAGTCCAAGAGGGGAGCCGCGGGCGCCGTGGGTGGAGCAGGAGGGGCCGGAGTATTGGGACCGGGAGACACAGAAGTACAAGCGCCAGGCACAGACTGACCGAGTGAACCTGCGGAAACTGCGCGGCTACTACAACCAGAGCGAGGCCG,GGTCTCACACCCTCCAGAGGATGTATGGCTGCGACCTGGGGCCCGACGGGCGCCTCCTCCGCGGGTATAACCAGTTCGCCTACGACGGCAAGGATTACATCGCCCTGAATGAGGACCTGCGCTCCTGGACCGCCGCGGACAAGGCGGCTCAGATCACCCAGCGCAAGTGGGAGGCGGCCCGTGCGGCGGAGCAGCGGAGAGCCTACCTGGAGGGCACGTGCGTGGAGTGGCTCCGCAGATACCTGGAGAACGGGAAGAAGACGCTGCAGCGCGCGG
C*05:77,GCTCCCACTCCATGAGGTATTTCTACACCGCCGTGTCCCGGCCCGGCCGCGGAGAGCCCCGCTTCATCGCAGTGGGCTACGTGGACGACACGCAGTTCGTGCAGTTCGACAGCGACGCCGCGAGTCCAAGAGGGGAGGCGCGGGCGCCGTGGGTGGAGCAGGAGGGGCCGGAGTATTGGGACCGGGAGACACAGAAGTACAAGCGCCAGGCACAGACTGACCGAGTGAACCTGCGGAAACTGCGCGGCTACTACAACCAGAGCGAGGCCG,GGTCTCACACCCTCCAGAGGATGTATGGCTGCGACCTGGGGCCCGACGGGCGCCTCCTCCGCGGGTATAACCAGTTCGCCTACGACGGCAAGGATTACATCGCCCTGAATGAGGACCTGCGCTCCTGGACCGCCGCGGACAAGGCGGCTCAGATCACCCAGCGCAAGTGGGAGGCGGCCCGTGAGGCGGAGCAGCGGAGAGCCTACCTGGAGGGCACGTGCGTGGAGTGGCTCCGCAGATACCTGGAGAACGGGAAGAAGACGCTGCAGCGCGCGG
C*05:78,GCTCCCACTCCATGAGGTATTTCTCCACATCCGTGTCCTGGCCCGGCCGCGGAGAGCCCCGCTTCATCGCAGTGGGCTACGTGGACGACACGCAGTTCGTGCAGTTCGACAGCGACGCCGCGAGTCCAAGAGGGGAGCCGCGGGCGCCGTGGGTGGAGCAGGAGGGGCCGGAGTATTGGGACCGGGAGACACAGAAGTACAAGCGCCAGGCACAGACTGACCGAGTGAACCTGCGGAAACTGCGCGGCTACTACAACCAGAGCGAGGCCG,GGTCTCACACCCTCCAGAGGATGTATGGCTGCGACCTGGGGCCCGACGGGCGCCTCCTCCGCGGGTATAACCAGTTCGCCTACGACGGCAAGGATTACATCGCCCTGAATGAGGACCTGCGCTCCTGGACCGCCGCGGACAAGGCGGCTCAGATCACCCAGCGCAAGTGGGAGGCGGCCCGTGAGGCGGAGCAGCGGAGAGCCTACCTGGAGGGCACGTGCGTGGAGTGGCTCCGCAGATACCTGGAGAACGGGAAGAAGACGCTGCAGCGCGCGG
C*05:79,GCTCCCACTCCATGAGGTATTTCTACACCGCCGTGTCCCGGCCCGGCCGCGGAGAGCCCCGCTTCATCGCAGTGGGCTACGTGGACGACACGCAGTTCGTGCAGTTCGACAGCGACGCCGCGAGTCCAAGAGGGGAGCCGCGGGCGCCGTGGGTGGAGCAGGAGGGGCCGGAGTATTGGGACCGGGAGACACAGAAGTACAAGCGCCAGGCACAGACTGACCGAGTGAACCTGCGGAAACTGCGCGGCTACTACAACCAGAGCGAGGCCG,GGTCTCACACCCTCCAGAGGATGTATGGCTGCGACCTGGGGCCCGACGGGCGCCTCCTCCGCGGGTATAACCAGTTCGCCTACGACGGCAAGGATTACATCGCCCTGAATGAGGACCTGCGCTCCTGGACCGCCGCGGACAAGGCGGCTCAGATCACCCAGCGCAAGTGGGAGGCGGCCCGTACGGCGGAGCAGCTGAGAGCCTACCTGGAGGGCACGTGCGTGGAGTGGCTCCGCAGATACCTGGAGAACAGGAAGAAGACGCTGCAGCGCGCGG
C*05:80,GCTCCCACTCCATGAGGTATTTCTACACCGCCGTGTCCCGGCCCGGCCGCGGAGAGCCCCGCTTCATCGCAGTGGGCTACGTGGACGACACGCAGTTCGTGCAGTTCGACAGCGACGCCGCGAGTCCAAGAGGGGAGCCGCGGGCGCCGTGGGTGGAGCAGGAGGGGCCGGAGTATTGGGACCGGGAGACACAGAAGTACAAGCGCCAGGCACAGACTGACCGAGTGAACCTGCGGAAACTGCGCGGCTACTACAACCAGAGCAAGGCCG,GGTCTCACACCCTCCAGAGGATGTATGGCTGCGACCTGGGGCCCGACGGGCGCCTCCTCCGCGGGTATAACCAGTTCGCCTACGACGGCAAGGATTACATCGCCCTGAATGAGGACCTGCGCTCCTGGACCGCCGCGGACAAGGCGGCTCAGATCACCCAGCGCAAGTGGGAGGCGGCCCGTGAGGCGGAGCAGCGGAGAGCCTACCTGGAGGGCACGTGCGTGGAGTGGCTCCGCAGATACCTGGAGAACGGGAAGAAGACGCTGCAGCGCGCGG
C*05:81,GCTCCCACTCCATGAGGTATTTCTACACCGCCGTGTCCCGGCCCGGCCGCGGAGAGCCCCGCTTCATCGCAGTGGGCTACGTGGACGACACGCAGTTCGTGCAGTTCGACAGCGACGCCGCGAGTCCAAGAGGGGAGCCGCGGGCGCCGTGGGTGGAGCAGGAGGGGCCGGAGTATTGGGACCGGGAGACACAGAAGTACAAGCGCCAGGCACAGACTGACCGAGTGAACCTGCGGAAACTGCGCGGCTACTACAACCAGAGCGAGGCCG,GGTCTCACACCCTCCAGAGGATGTATGGCTGCGACCTGGGGTCCGACGGGCGCCTCCTCCGCGGGTATAACCAGTTCGCCTACGACGGCAAGGATTACATCGCCCTGAATGAGGACCTGCGCTCCTGGACCGCCGCGGACAAGGCGGCTCAGATCACCCAGCGCAAGTGGGAGGCGGCCCGTGAGGCGGAGCAGCGGAGAGCCTACCTGGAGGGCACGTGCGTGGAGTGGCTCCGCAGATACCTGGAGAACGGGAAGAAGACGCTGCAGCGCGCGG
C*05:82,GCTCCCACTCCATGAGGTATTTCTACACCGCCGTGTCCCGGCCCGGCCGCGGAGAGCCCCGCTTCATCGCAGTGGGCTACGTGGACGACACGCAGTTCGTGCAGTTCGACAGCGACGCCGCGAGTCCAAGAGGGGAGCCGCGGGCGCCGTGGGTGGAGCAGGAGGGGCCGGAGTATTGGGACCGGGAGACACAGAAGTACAAGCGCCAGGCACAGACTGACCGAGTGAACCTGCGGAAACTGCGCGGCTACTACAACCAGAGCGAGGCCG,GGTCTCACACCCTCCAGAGGATGTATGGCTGCGAAATGGGGCCCGACGGGCGCCTCCTCCGCGGGTATAACCAGTTCGCCTACGACGGCAAGGATTACATCGCCCTGAATGAGGACCTGCGCTCCTGGACCGCCGCGGACAAGGCGGCTCAGATCACCCAGCGCAAGTGGGAGGCGGCCCGTGAGGCGGAGCAGCGGAGAGCCTACCTGGAGGGCACGTGCGTGGAGTGGCTCCGCAGATACCTGGAGAACGGGAAGAAGACGCTGCAGCGCGCGG
C*05:83,GCTCCCACTCCATGAGGTATTTCTACACCGCCGTGTCCCGGCCCGGCCGCGGAGAGCCCCGCTTCATCGCAGTGGGCTACGTGGACGACACGCAGTTCGTGCAGTTCGACAGCGACGCCGCGAGTCCAAGAGGGGAGCCGCGGGCGCCGTGGGTGGAGCAGGAGGGGCCGGAGTATTGGGACCGGGAGACACAGAAGTACAAGCGCCAGGCACAGACTGACCGAGTGAACCTGCGGAAACTGCGCGGCTACTACAACCAGAGCGAGGCCG,GGTCTCACACCCTCCAGAGGATGTATGGCTGCGACCTGGGGCCCGACGGGCGCCTCCTCCGCGGGTATAACCAGTTCGCCTACGACGGCAAGGATTACATCGCCCTGAATGAGGACCTGCGCTCCTGGACCGCCGCGGACAAGGCGGCTCAGATCACCCAGCGCAAGTGGGAGGTGGCCCGTGAGGCGGAGCAGCGGAGAGCCTACCTGGAGGGCACGTGCGTGGAGTGGCTCCGCAGATACCTGGAGAACGGGAAGAAGACGCTGCAGCGCGCGG
C*05:84,GCTCCCACTCCATGAGGTATTTCTACACCGCCGTGTCCCGGCCCGGCCGCGGAGAGCCCCGCTTCATCGCAGTGGGCTACGTGGACGACACGCAGTTCGTGCAGTTCGACAGCGACGCCGCGAGTCCAAGAGGGGAGCCGCGGGCGCCGTGGGTGGAGCAGGAGGGGCCGGAGTATTGGGACCGGGAGACACAGAAGTACAAGCGCCAGGCACAGACTGACCGAGTGAACCTGCGGAAACTGCGCGGCTACTACAACCAGAGCGAGGCCG,GGTCTCACACCCTCCAGAGGATGTATGGCTGCGACCTGGGGCCCGACGGGCGCCTCCTCCGCGGGTATAACCAGTTCGTCTACGACGGCAAGGATTACATCGCCCTGAATGAGGACCTGCGCTCCTGGACCGCCGCGGACAAGGCGGCTCAGATCACCCAGCGCAAGTGGGAGGCGGCCCGTGAGGCGGAGCAGCGGAGAGCCTACCTGGAGGGCACGTGCGTGGAGTGGCTCCGCAGATACCTGGAGAACGGGAAGAAGACGCTGCAGCGCGCGG
C*05:85,GCTCCCACTCCATGAGGTATTTCTACACCGCCGTGTCCCGGCCCGGCCGCGGAGAGCCCCGCTTCATCGCAGTGGGCTACGTGGACGACACGCAGTTCGTGCAGTTCGACAGCGACGCCGCGAGTCCAAGAGGGGAGCCGCGGGCGCCGTGGGTGGAGCAGGAGGGGCCGGAGTATTGGGACCGGGAGACACAGAAGTACAAGCGCCAGGCACAGACTGACCGAGTGAACCTGCGGAAACTGCGCGGCTACTACAACCAGAGCGAGGCCG,GGTCTCACACCCTCCAGTGGATGTGTGGCTGCGACCTGGGGCCCGACGGGCGCCTCCTCCGCGGGTATAACCAGTTCGCCTACGACGGCAAGGATTACATCGCCCTGAATGAGGACCTGCGCTCCTGGACCGCCGCGGACAAGGCGGCTCAGATCACCCAGCGCAAGTGGGAGGCGGCCCGTGAGGCGGAGCAGCGGAGAGCCTACCTGGAGGGCACGTGCGTGGAGTGGCTCCGCAGATACCTGGAGAACGGGAAGAAGACGCTGCAGCGCGCGG
C*06:02:01G,GCTCCCACTCCATGAGGTATTTCGACACCGCCGTGTCCCGGCCCGGCCGCGGAGAGCCCCGCTTCATCTCAGTGGGCTACGTGGACGACACGCAGTTCGTGCGGTTCGACAGCGACGCCGCGAGTCCGAGAGGGGAGCCCCGGGCGCCGTGGGTGGAGCAGGAGGGGCCGGAGTATTGGGACCGGGAGACACAGAAGTACAAGCGCCAGGCACAGGCTGACCGAGTGAACCTGCGGAAACTGCGCGGCTACTACAACCAGAGCGAGGACG,GGTCTCACACCCTCCAGTGGATGTATGGCTGCGACCTGGGGCCCGACGGGCGCCTCCTCCGCGGGTATGACCAGTCCGCCTACGACGGCAAGGATTACATCGCCCTGAACGAGGACCTGCGCTCCTGGACCGCCGCGGACACGGCGGCTCAGATCACCCAGCGCAAGTGGGAGGCGGCCCGTGAGGCGGAGCAGTGGAGAGCCTACCTGGAGGGCACGTGCGTGGAGTGGCTCCGCAGATACCTGGAGAACGGGAAGGAGACGCTGCAGCGCGCGG
C*06:02:04,GCTCCCACTCCATGAGGTATTTCGACACCGCCGTGTCCCGGCCCGGCCGCGGAGAGCCCCGCTTCATCTCAGTGGGCTACGTGGACGACACGCAGTTCGTGCGGTTCGACAGCGACGCCGCGAGTCCGAGAGGGGAGCCCCGGGCGCCGTGGGTGGAGCAGGAGGGGCCGGAGTATTGGGACCGGGAGACACAGAAGTACAAGCGCCAGGCACAGGCTGACCGAGTGAACCTGCGGAAACTGCGCGGCTACTACAACCAGAGCGAGGACG,GGTCTCACACCCTCCAGTGGATGTATGGCTGCGACCTGGGGCCCGACGGGCGCCTCCTCCGCGGGTATGACCAGTCCGCCTACGACGGCAAGGATTACATCGCCCTGAACGAGGACCTGCGCTCCTGGACCGCCGCGGACACGGCGGCTCAGATCACCCAGCGCAAGTGGGAGGCGGCCCGTGAGGCGGAGCAGTGGAGAGCCTACCTGGAGGGCACGTGCGTGGAGTGGCTCCGGAGATACCTGGAGAACGGGAAGGAGACGCTGCAGCGCGCGG
C*06:02:05,GCTCCCACTCCATGAGGTATTTCGACACCGCCGTGTCCCGGCCCGGCCGCGGAGAGCCCCGCTTCATCTCAGTGGGCTACGTGGACGACACGCAGTTCGTGCGGTTCGACAGCGACGCCGCGAGTCCGAGAGGGGAGCCCCGGGCTCCGTGGGTGGAGCAGGAGGGGCCGGAGTATTGGGACCGGGAGACACAGAAGTACAAGCGCCAGGCACAGGCTGACCGAGTGAACCTGCGGAAACTGCGCGGCTACTACAACCAGAGCGAGGACG,GGTCTCACACCCTCCAGTGGATGTATGGCTGCGACCTGGGGCCCGACGGGCGCCTCCTCCGCGGGTATGACCAGTCCGCCTACGACGGCAAGGATTACATCGCCCTGAACGAGGACCTGCGCTCCTGGACCGCCGCGGACACGGCGGCTCAGATCACCCAGCGCAAGTGGGAGGCGGCCCGTGAGGCGGAGCAGTGGAGAGCCTACCTGGAGGGCACGTGCGTGGAGTGGCTCCGCAGATACCTGGAGAACGGGAAGGAGACGCTGCAGCGCGCGG
C*06:02:06,GCTCCCACTCCATGAGGTATTTTGACACCGCCGTGTCCCGGCCCGGCCGCGGAGAGCCCCGCTTCATCTCAGTGGGCTACGTGGACGACACGCAGTTCGTGCGGTTCGACAGCGACGCCGCGAGTCCGAGAGGGGAGCCCCGGGCGCCGTGGGTGGAGCAGGAGGGGCCGGAGTATTGGGACCGGGAGACACAGAAGTACAAGCGCCAGGCACAGGCTGACCGAGTGAACCTGCGGAAACTGCGCGGCTACTACAACCAGAGCGAGGACG,GGTCTCACACCCTCCAGTGGATGTATGGCTGCGACCTGGGGCCCGACGGGCGCCTCCTCCGCGGGTATGACCAGTCCGCCTACGACGGCAAGGATTACATCGCCCTGAACGAGGACCTGCGCTCCTGGACCGCCGCGGACACGGCGGCTCAGATCACCCAGCGCAAGTGGGAGGCGGCCCGTGAGGCGGAGCAGTGGAGAGCCTACCTGGAGGGCACGTGCGTGGAGTGGCTCCGCAGATACCTGGAGAACGGGAAGGAGACGCTGCAGCGCGCGG
C*06:02:07,GCTCCCACTCCATGAGGTATTTCGACACCGCCGTGTCCCGGCCCGGCCGCGGAGAGCCCCGCTTCATCTCAGTGGGCTACGTGGACGACACGCAGTTCGTGCGGTTCGACAGCGACGCCGCGAGTCCGAGAGGGGAGCCCCGGGCGCCGTGGGTGGAGCAGGAGGGGCCGGAGTATTGGGACCGGGAGACACAGAAGTACAAGCGCCAGGCACAGGCTGACCGAGTGAACCTGCGGAAACTGCGCGGCTACTACAACCAGAGCGAGGACG,GGTCTCACACCCTCCAGTGGATGTATGGCTGCGACCTGGGGCCCGACGGGCGCCTCCTCCGCGGGTATGACCAGTCCGCCTACGACGGCAAGGATTACATCGCCCTGAACGAGGACCTGCGCTCCTGGACCGCCGCGGACACGGCGGCTCAGATCACCCAGCGCAAGTGGGAGGCGGCCCGTGAGGCGGAGCAGTGGAGAGCCTACCTGGAGGGCACGTGCGTGGAGTGGCTCCGCAGATACCTGGAGAACGGCAAGGAGACGCTGCAGCGCGCGG
C*06:02:08,GCTCCCACTCCATGAGGTATTTCGACACCGCCGTGTCCCGGCCCGGCCGCGGAGAGCCCCGCTTCATCTCAGTGGGCTACGTGGACGACACGCAGTTCGTGCGGTTCGACAGCGACGCCGCGAGTCCGAGAGGGGAGCCCCGGGCGCCGTGGGTGGAGCAGGAGGGGCCGGAGTATTGGGACCGGGAGACACAGAAGTACAAGCGCCAGGCACAGGCTGACCGAGTGAACCTGCGGAAACTGCGCGGCTACTACAACCAGAGCGAGGACG,GGTCTCACACCCTCCAGTGGATGTATGGCTGCGACCTGGGGCCCGACGGGCGCCTCCTCCGCGGGTATGACCAGTCCGCCTACGACGGCAAGGATTACATCGCCCTGAACGAGGATCTGCGCTCCTGGACCGCCGCGGACACGGCGGCTCAGATCACCCAGCGCAAGTGGGAGGCGGCCCGTGAGGCGGAGCAGTGGAGAGCCTACCTGGAGGGCACGTGCGTGGAGTGGCTCCGCAGATACCTGGAGAACGGGAAGGAGACGCTGCAGCGCGCGG
C*06:02:09,GCTCCCACTCCATGAGGTATTTCGACACCGCCGTGTCCCGGCCGGGCCGCGGAGAGCCCCGCTTCATCTCAGTGGGCTACGTGGACGACACGCAGTTCGTGCGGTTCGACAGCGACGCCGCGAGTCCGAGAGGGGAGCCCCGGGCGCCGTGGGTGGAGCAGGAGGGGCCGGAGTATTGGGACCGGGAGACACAGAAGTACAAGCGCCAGGCACAGGCTGACCGAGTGAACCTGCGGAAACTGCGCGGCTACTACAACCAGAGCGAGGACG,GGTCTCACACCCTCCAGTGGATGTATGGCTGCGACCTGGGGCCCGACGGGCGCCTCCTCCGCGGGTATGACCAGTCCGCCTACGACGGCAAGGATTACATCGCCCTGAACGAGGACCTGCGCTCCTGGACCGCCGCGGACACGGCGGCTCAGATCACCCAGCGCAAGTGGGAGGCGGCCCGTGAGGCGGAGCAGTGGAGAGCCTACCTGGAGGGCACGTGCGTGGAGTGGCTCCGCAGATACCTGGAGAACGGGAAGGAGACGCTGCAGCGCGCGG
C*06:02:10,GCTCCCACTCCATGAGGTATTTCGACACCGCCGTGTCCCGGCCCGGCCGCGGGGAGCCCCGCTTCATCTCAGTGGGCTACGTGGACGACACGCAGTTCGTGCGGTTCGACAGCGACGCCGCGAGTCCGAGAGGGGAGCCCCGGGCGCCGTGGGTGGAGCAGGAGGGGCCGGAGTATTGGGACCGGGAGACACAGAAGTACAAGCGCCAGGCACAGGCTGACCGAGTGAACCTGCGGAAACTGCGCGGCTACTACAACCAGAGCGAGGACG,GGTCTCACACCCTCCAGTGGATGTATGGCTGCGACCTGGGGCCCGACGGGCGCCTCCTCCGCGGGTATGACCAGTCCGCCTACGACGGCAAGGATTACATCGCCCTGAACGAGGACCTGCGCTCCTGGACCGCCGCGGACACGGCGGCTCAGATCACCCAGCGCAAGTGGGAGGCGGCCCGTGAGGCGGAGCAGTGGAGAGCCTACCTGGAGGGCACGTGCGTGGAGTGGCTCCGCAGATACCTGGAGAACGGGAAGGAGACGCTGCAGCGCGCGG
C*06:02:11,GCTCCCACTCCATGAGGTATTTCGACACCGCCGTGTCCCGGCCCGGCCGCGGAGAGCCCCGCTTCATCTCAGTGGGCTACGTGGACGACACGCAGTTCGTGCGGTTCGACAGCGACGCCGCGAGTCCGAGAGGGGAGCCCCGGGCGCCGTGGGTGGAGCAGGAGGGGCCGGAGTATTGGGACCGGGAGACACAGAAGTACAAGCGCCAGGCACAGGCTGACCGAGTGAACCTGCGGAAACTGCGCGGCTACTACAACCAGAGCGAGGACG,GGTCTCACACCCTCCAGTGGATGTATGGCTGCGACCTGGGGCCCGACGGGCGCCTCCTCCGCGGGTATGACCAGTCCGCCTACGACGGCAAGGATTACATCGCCCTGAACGAGGACCTGCGCTCCTGGACCGCCGCGGACACGGCGGCTCAGATCACCCAGCGCAAGTGGGAGGCGGCCCGTGAGGCAGAGCAGTGGAGAGCCTACCTGGAGGGCACGTGCGTGGAGTGGCTCCGCAGATACCTGGAGAACGGGAAGGAGACGCTGCAGCGCGCGG
C*06:02:12,GCTCCCACTCCATGAGGTATTTCGACACCGCCGTGTCCCGGCCCGGCCGCGGAGAGCCCCGCTTCATCTCAGTGGGCTACGTGGACGACACGCAGTTCGTGCGGTTCGACAGCGACGCCGCGAGTCCGAGAGGGGAGCCCCGGGCGCCGTGGGTGGAGCAGGAGGGGCCGGAGTATTGGGACCGGGAGACACAGAAGTACAAGCGCCAGGCACAGGCTGACCGAGTGAATCTGCGGAAACTGCGCGGCTACTACAACCAGAGCGAGGACG,GGTCTCACACCCTCCAGTGGATGTATGGCTGCGACCTGGGGCCCGACGGGCGCCTCCTCCGCGGGTATGACCAGTCCGCCTACGACGGCAAGGATTACATCGCCCTGAACGAGGACCTGCGCTCCTGGACCGCCGCGGACACGGCGGCTCAGATCACCCAGCGCAAGTGGGAGGCGGCCCGTGAGGCGGAGCAGTGGAGAGCCTACCTGGAGGGCACGTGCGTGGAGTGGCTCCGCAGATACCTGGAGAACGGGAAGGAGACGCTGCAGCGCGCGG
C*06:02:13,GCTCCCACTCCATGAGGTATTTCGACACCGCCGTGTCCCGGCCCGGCCGCGGAGAGCCCCGCTTCATCTCAGTGGGCTACGTGGACGACACGCAGTTCGTGCGGTTCGACAGCGACGCCGCGAGTCCGAGAGGGGAGCCCCGGGCGCCGTGGGTGGAGCAGGAGGGGCCGGAGTATTGGGACCGGGAGACACAAAAGTACAAGCGCCAGGCACAGGCTGACCGAGTGAACCTGCGGAAACTGCGCGGCTACTACAACCAGAGCGAGGACG,GGTCTCACACCCTCCAGTGGATGTATGGCTGCGACCTGGGGCCCGACGGGCGCCTCCTCCGCGGGTATGACCAGTCCGCCTACGACGGCAAGGATTACATCGCCCTGAACGAGGACCTGCGCTCCTGGACCGCCGCGGACACGGCGGCTCAGATCACCCAGCGCAAGTGGGAGGCGGCCCGTGAGGCGGAGCAGTGGAGAGCCTACCTGGAGGGCACGTGCGTGGAGTGGCTCCGCAGATACCTGGAGAACGGGAAGGAGACGCTGCAGCGCGCGG
C*06:02:14,GCTCCCACTCCATGAGGTATTTCGACACCGCCGTGTCCCGGCCCGGCCGCGGAGAGCCCCGCTTCATCTCAGTGGGCTACGTGGACGACACGCAGTTCGTGCGGTTCGACAGCGACGCCGCGAGTCCGAGAGGGGAGCCCCGGGCGCCGTGGGTGGAGCAGGAGGGGCCGGAGTATTGGGACCGGGAGACACAGAAGTACAAGCGCCAGGCACAGGCTGACCGAGTGAACCTGCGGAAACTGCGCGGCTACTACAACCAGAGCGAGGACG,GGTCTCACACCCTCCAGTGGATGTATGGCTGCGACCTGGGGCCCGACGGGCGCCTCCTCCGCGGGTATGACCAGTCCGCCTACGACGGCAAGGATTACATCGCCCTGAACGAGGACCTGCGCTCCTGGACCGCCGCCGACACGGCGGCTCAGATCACCCAGCGCAAGTGGGAGGCGGCCCGTGAGGCGGAGCAGTGGAGAGCCTACCTGGAGGGCACGTGCGTGGAGTGGCTCCGCAGATACCTGGAGAACGGGAAGGAGACGCTGCAGCGCGCGG
C*06:02:15,GCTCCCACTCCATGAGGTATTTCGACACCGCCGTGTCCCGGCCCGGCCGCGGAGAGCCCCGCTTCATCTCAGTGGGCTACGTGGACGACACGCAGTTCGTGCGGTTTGACAGCGACGCCGCGAGTCCGAGAGGGGAGCCCCGGGCGCCGTGGGTGGAGCAGGAGGGGCCGGAGTATTGGGACCGGGAGACACAGAAGTACAAGCGCCAGGCACAGGCTGACCGAGTGAACCTGCGGAAACTGCGCGGCTACTACAACCAGAGCGAGGACG,GGTCTCACACCCTCCAGTGGATGTATGGCTGCGACCTGGGGCCCGACGGGCGCCTCCTCCGCGGGTATGACCAGTCCGCCTACGACGGCAAGGATTACATCGCCCTGAACGAGGACCTGCGCTCCTGGACCGCCGCGGACACGGCGGCTCAGATCACCCAGCGCAAGTGGGAGGCGGCCCGTGAGGCGGAGCAGTGGAGAGCCTACCTGGAGGGCACGTGCGTGGAGTGGCTCCGCAGATACCTGGAGAACGGGAAGGAGACGCTGCAGCGCGCGG
C*06:02:16,GCTCCCACTCCATGAGGTATTTCGACACCGCCGTGTCCCGGCCCGGCCGCGGAGAGCCCCGCTTCATCTCAGTGGGCTACGTGGACGACACGCAGTTCGTGCGGTTCGACAGCGACGCCGCGAGTCCGAGAGGGGAGCCCCGGGCGCCGTGGGTGGAGCAGGAGGGGCCGGAGTATTGGGACCGGGAGACACAGAAGTACAAGCGCCAGGCACAGGCTGACCGAGTGAACCTGCGGAAACTGCGCGGCTACTACAACCAGAGCGAGGACG,GGTCTCACACCCTTCAGTGGATGTATGGCTGCGACCTGGGGCCCGACGGGCGCCTCCTCCGCGGGTATGACCAGTCCGCCTACGACGGCAAGGATTACATCGCCCTGAACGAGGACCTGCGCTCCTGGACCGCCGCGGACACGGCGGCTCAGATCACCCAGCGCAAGTGGGAGGCGGCCCGTGAGGCGGAGCAGTGGAGAGCCTACCTGGAGGGCACGTGCGTGGAGTGGCTCCGCAGATACCTGGAGAACGGGAAGGAGACGCTGCAGCGCGCGG
C*06:02:17,GCTCCCACTCCATGAGGTATTTCGACACCGCCGTGTCCCGGCCCGGCCGCGGAGAGCCCCGCTTCATCTCAGTGGGCTACGTGGACGACACGCAGTTCGTGCGGTTCGACAGCGACGCCGCGAGTCCGAGAGGGGAGCCCCGGGCGCCGTGGGTGGAGCAGGAGGGGCCGGAGTATTGGGACCGGGAGACACAGAAGTACAAGCGCCAGGCACAGGCTGACCGAGTGAACCTGCGGAAACTGCGCGGCTACTACAACCAGAGCGAGGACG,GGTCTCACACCCTCCAGTGGATGTATGGCTGCGACCTGGGGCCGGACGGGCGCCTCCTCCGCGGGTATGACCAGTCCGCCTACGACGGCAAGGATTACATCGCCCTGAACGAGGACCTGCGCTCCTGGACCGCCGCGGACACGGCGGCTCAGATCACCCAGCGCAAGTGGGAGGCGGCCCGTGAGGCGGAGCAGTGGAGAGCCTACCTGGAGGGCACGTGCGTGGAGTGGCTCCGCAGATACCTGGAGAACGGGAAGGAGACGCTGCAGCGCGCGG
C*06:02:18,GCTCCCACTCCATGAGGTATTTCGACACCGCCGTGTCCCGGCCCGGCCGCGGAGAGCCCCGCTTCATCTCAGTGGGCTACGTGGACGACACGCAGTTCGTGCGGTTCGACAGCGACGCCGCGAGTCCGAGAGGGGAGCCCCGGGCGCCGTGGGTGGAGCAGGAGGGGCCGGAGTATTGGGACCGGGAGACACAGAAGTACAAGCGCCAGGCACAGGCTGACCGAGTGAACCTGCGGAAACTGCGCGGCTACTACAACCAGAGCGAGGACG,GGTCTCACACCCTCCAGTGGATGTATGGCTGCGACCTGGGGCCCGACGGGCGCCTCCTCCGCGGGTATGACCAGTCCGCCTACGACGGCAAGGATTACATCGCCCTGAACGAGGACCTGCGCTCCTGGACCGCCGCGGACACGGCGGCTCAGATCACCCAGCGCAAGTGGGAGGCGGCCCGTGAGGCGGAGCAGTGGAGAGCCTACCTGGAGGGCACGTGCGTGGAGTGGCTCCGCAGATACTTGGAGAACGGGAAGGAGACGCTGCAGCGCGCGG
C*06:02:19,GCTCCCACTCCATGAGGTATTTCGACACCGCCGTGTCCCGGCCCGGCCGCGGAGAGCCCCGCTTCATCTCAGTGGGCTACGTGGACGACACGCAGTTCGTGCGGTTCGACAGCGACGCTGCGAGTCCGAGAGGGGAGCCCCGGGCGCCGTGGGTGGAGCAGGAGGGGCCGGAGTATTGGGACCGGGAGACACAGAAGTACAAGCGCCAGGCACAGGCTGACCGAGTGAACCTGCGGAAACTGCGCGGCTACTACAACCAGAGCGAGGACG,GGTCTCACACCCTCCAGTGGATGTATGGCTGCGACCTGGGGCCCGACGGGCGCCTCCTCCGCGGGTATGACCAGTCCGCCTACGACGGCAAGGATTACATCGCCCTGAACGAGGACCTGCGCTCCTGGACCGCCGCGGACACGGCGGCTCAGATCACCCAGCGCAAGTGGGAGGCGGCCCGTGAGGCGGAGCAGTGGAGAGCCTACCTGGAGGGCACGTGCGTGGAGTGGCTCCGCAGATACCTGGAGAACGGGAAGGAGACGCTGCAGCGCGCGG
C*06:02:20,GCTCCCACTCCATGAGGTATTTCGACACCGCCGTGTCCCGGCCCGGCCGCGGAGAGCCCCGCTTCATCTCAGTGGGCTACGTGGACGACACGCAGTTCGTGCGGTTCGACAGCGACGCCGCGAGTCCGAGAGGGGAGCCCCGGGCGCCGTGGGTGGAGCAGGAGGGGCCGGAGTATTGGGACCGGGAGACACAGAAGTACAAGCGCCAGGCACAGGCTGACCGAGTGAACCTGCGGAAACTGCGCGGCTACTACAACCAGAGCGAGGACG,GGTCTCACACCCTCCAGTGGATGTATGGCTGCGACCTGGGGCCCGACGGGCGCCTCCTCCGCGGGTATGACCAGTCCGCCTACGATGGCAAGGATTACATCGCCCTGAACGAGGACCTGCGCTCCTGGACCGCCGCGGACACGGCGGCTCAGATCACCCAGCGCAAGTGGGAGGCGGCCCGTGAGGCGGAGCAGTGGAGAGCCTACCTGGAGGGCACGTGCGTGGAGTGGCTCCGCAGATACCTGGAGAACGGGAAGGAGACGCTGCAGCGCGCGG
C*06:02:21,GCTCCCACTCCATGAGGTATTTCGACACCGCCGTGTCCCGGCCTGGCCGCGGAGAGCCCCGCTTCATCTCAGTGGGCTACGTGGACGACACGCAGTTCGTGCGGTTCGACAGCGACGCCGCGAGTCCGAGAGGGGAGCCCCGGGCGCCGTGGGTGGAGCAGGAGGGGCCGGAGTATTGGGACCGGGAGACACAGAAGTACAAGCGCCAGGCACAGGCTGACCGAGTGAACCTGCGGAAACTGCGCGGCTACTACAACCAGAGCGAGGACG,GGTCTCACACCCTCCAGTGGATGTATGGCTGCGACCTGGGGCCCGACGGGCGCCTCCTCCGCGGGTATGACCAGTCCGCCTACGACGGCAAGGATTACATCGCCCTGAACGAGGACCTGCGCTCCTGGACCGCCGCGGACACGGCGGCTCAGATCACCCAGCGCAAGTGGGAGGCGGCCCGTGAGGCGGAGCAGTGGAGAGCCTACCTGGAGGGCACGTGCGTGGAGTGGCTCCGCAGATACCTGGAGAACGGGAAGGAGACGCTGCAGCGCGCGG
C*06:02:22,GCTCCCACTCCATGAGGTATTTCGACACCGCCGTGTCCCGGCCCGGCCGCGGAGAGCCCCGCTTCATCTCAGTGGGCTACGTGGACGACACGCAGTTCGTGCGGTTCGACAGCGACGCCGCGAGTCCGAGAGGGGAGCCCCGGGCGCCGTGGGTGGAGCAGGAGGGGCCGGAGTATTGGGACCGGGAGACACAGAAGTACAAGCGCCAGGCACAGGCTGACCGAGTGAACCTGCGGAAACTGCGCGGCTACTACAACCAGAGCGAGGACG,GGTCTCACACCCTCCAGTGGATGTATGGCTGCGACCTGGGGCCCGACGGGCGCCTCCTCCGCGGGTATGACCAGTCCGCCTACGACGGCAAGGATTACATCGCCCTGAACGAGGACCTGCGCTCCTGGACCGCCGCGGACACGGCGGCTCAGATCACCCAGCGCAAGTGGGAGGCGGCCCGTGAGGCGGAGCAGTGGAGAGCCTACCTGGAGGGCACGTGCGTGGAGTGGCTCCGCAGATACCTGGAGAACGGGAAGGAGACGCTACAGCGCGCGG
C*06:02:23,GCTCCCACTCCATGAGGTATTTCGACACCGCCGTGTCCCGGCCCGGCCGCGGAGAGCCCCGCTTCATCTCAGTGGGCTACGTGGACGACACGCAGTTCGTGCGGTTCGACAGCGACGCCGCGAGTCCGAGAGGGGAGCCCCGGGCGCCGTGGGTGGAGCAGGAGGGGCCGGAGTATTGGGACCGGGAGACACAGAAGTACAAGCGCCAGGCACAGGCTGACCGAGTGAACCTGCGGAAACTGCGCGGCTACTACAACCAGAGCGAGGACG,GGTCTCACACCCTCCAGTGGATGTATGGCTGCGACCTGGGGCCCGACGGGCGCCTCCTCCGCGGGTATGACCAGTCCGCCTACGACGGCAAGGATTACATCGCCCTGAACGAGGACCTGCGCTCCTGGACCGCCGCGGACACGGCGGCTCAGATCACCCAGCGCAAGTGGGAGGCGGCCCGTGAGGCGGAGCAGTGGAGAGCCTACCTGGAGGGCACGTGCGTGGAGTGGCTCCGCAGATACCTGGAGAACGGGAAGGAGACGCTGCAGCGCGCAG
C*06:02:24,GCTCCCACTCCATGAGGTATTTCGACACCGCCGTGTCCCGGCCCGGCCGCGGAGAGCCCCGCTTCATCTCAGTGGGCTACGTGGACGACACGCAGTTCGTGCGGTTCGACAGCGACGCCGCGAGTCCGAGAGGGGAGCCCCGGGCGCCGTGGGTGGAGCAGGAGGGGCCGGAGTATTGGGACCGGGAGACACAGAAGTACAAGCGCCAGGCGCAGGCTGACCGAGTGAACCTGCGGAAACTGCGCGGCTACTACAACCAGAGCGAGGACG,GGTCTCACACCCTCCAGTGGATGTATGGCTGCGACCTGGGGCCCGACGGGCGCCTCCTCCGCGGGTATGACCAGTCCGCCTACGACGGCAAGGATTACATCGCCCTGAACGAGGACCTGCGCTCCTGGACCGCCGCGGACACGGCGGCTCAGATCACCCAGCGCAAGTGGGAGGCGGCCCGTGAGGCGGAGCAGTGGAGAGCCTACCTGGAGGGCACGTGCGTGGAGTGGCTCCGCAGATACCTGGAGAACGGGAAGGAGACGCTGCAGCGCGCGG
C*06:03:01,GCTCCCACTCCATGAGGTATTTCTACACCGCTGTGTCCCGGCCCGGCCGCGGAGAGCCCCGCTTCATCTCAGTGGGCTACGTGGACGACACGCAGTTCGTGCGGTTCGACAGCGACGCCGCGAGTCCGAGAGGGGAGCCCCGGGCGCCGTGGGTGGAGCAGGAGGGGCCGGAGTATTGGGACCGGGAGACACAGAAGTACAAGCGCCAGGCACAGGCTGACCGAGTGAACCTGCGGAAACTGCGCGGCTACTACAACCAGAGCGAGGACG,GGTCTCACACCCTCCAGTGGATGTATGGCTGCGACCTGGGGCCCGACGGGCGCCTCCTCCGCGGGTATGACCAGTCCGCCTACGACGGCAAGGATTACATCGCCCTGAACGAGGACCTGCGCTCCTGGACCGCCGCGGACACGGCGGCTCAGATCACCCAGCGCAAGTGGGAGGCGGCCCGTGAGGCGGAGCAGTGGAGAGCCTACCTGGAGGGCACGTGCGTGGAGTGGCTCCGCAGATACCTGGAGAACGGGAAGGAGACGCTGCAGCGCGCGG
C*06:03:02,GCTCCCACTCCATGAGGTATTTCTACACCGCCGTGTCCCGGCCCGGCCGCGGAGAGCCCCGCTTCATCTCAGTGGGCTACGTGGACGACACGCAGTTCGTGCGGTTCGACAGCGACGCCGCGAGTCCGAGAGGGGAGCCCCGGGCGCCGTGGGTGGAGCAGGAGGGGCCGGAGTATTGGGACCGGGAGACACAGAAGTACAAGCGCCAGGCACAGGCTGACCGAGTGAACCTGCGGAAACTGCGCGGCTACTACAACCAGAGCGAGGACG,GGTCTCACACCCTCCAGTGGATGTATGGCTGCGACCTGGGGCCCGACGGGCGCCTCCTCCGCGGGTATGACCAGTCCGCCTACGACGGCAAGGATTACATCGCCCTGAACGAGGACCTGCGCTCCTGGACCGCCGCGGACACGGCGGCTCAGATCACCCAGCGCAAGTGGGAGGCGGCCCGTGAGGCGGAGCAGTGGAGAGCCTACCTGGAGGGCACGTGCGTGGAGTGGCTCCGCAGATACCTGGAGAACGGGAAGGAGACGCTGCAGCGCGCGG
C*06:04,GCTCCCACTCCATGAGGTATTTCGACACCGCCGTGTCCCGGCCCGGCCGCGGAGAGCCCCGCTTCATCTCAGTGGGCTACGTGGACGACACGCAGTTCGTGCGGTTCGACAGCGACGCCGCGAGTCCGAGAGGGGAGCCCCGGGCGCCGTGGGTGGAGCAGGAGGGGCCGGAGTATTGGGACCGGGAGACACAGAAGTACAAGCGCCAGGCACAGGCTGACCGAGTGAACCTGCGGAAACTGCGCGGCTACTACAACCAGAGCGAGGACG,GGTCTCACACCCTCCAGTGGATGTATGGCTGCGACCTGGGGCCCGACGGGCGCCTCCTCCGCGGGTATGACCAGTCCGCCTACGACGGCAAGGATTACATCGCCCTGAACGAGGACCTGCGCTCCTGGACCGCCGCGGACACGGCGGCTCAGATCACCCAGCGCAAGTGGGAGGCGGCCCGTGAGGCGGAGCAGCTGAGAGCCTACCTGGAGGGCACGTGCGTGGAGTGGCTCCGCAGATACCTGGAGAACGGGAAGGAGACGCTGCAGCGCGCGG
C*06:05,GCTCCCACTCCATGAGGTATTTCGACACCGCCGTGTCCCGGCCCGGCCGCGGAGAGCCCCGCTTCATCTCAGTGGGCTACGTGGACGACACGCAGTTCGTGCAGTTCGACAGCGACGCCGCGAGTCCAAGAGGGGAGCCCCGGGCGCCGTGGGTGGAGCAGGAGGGGCCGGAGTATTGGGACCGGGAGACACAGAAGTACAAGCGCCAGGCACAGACTGACCGAGTGAACCTGCGGAAACTGCGCGGCTACTACAACCAGAGCGAGGACG,GGTCTCACACCCTCCAGTGGATGTATGGCTGCGACCTGGGGCCCGACGGGCGCCTCCTCCGCGGGTATGACCAGTCCGCCTACGACGGCAAGGATTACATCGCCCTGAACGAGGACCTGCGCTCCTGGACCGCCGCGGACACGGCGGCTCAGATCACCCAGCGCAAGTGGGAGGCGGCCCGTGAGGCGGAGCAGCGGAGAGCCTACCTGGAGGGCACGTGCGTGGAGTGGCTCCGCAGATACCTGGAGAACGGGAAGGAGACGCTGCAGCGCGCGG
C*06:06,GCTCCCACTCCATGAGGTATTTCGACACCGCCGTGTCCCGGCCCGGCCGCGGAGAGCCCCGCTTCATCTCAGTGGGCTACGTGGACGACACGCAGTTCGTGCGGTTCGACAGCGACGCCGCGAGTCCGAGAGGGGAGCCCCGGGCGCCGTGGGTGGAGCAGGAGGGGCCGGAGTATTGGGACCGGGAGACACAGAAGTACAAGCGCCAGGCACAGGCTGACCGAGTGAACCTGCGGAAACTGCGCGGCTACTACAACCAGAGCGAGGACG,GGTCTCACACCCTCCAGTGGATGTATGGCTGCGACCTGGGGCCCGACGGGCGCCTCCTCCGCGGGTATGACCAGTCCGCCTACGACGGCAAGGATTACATCGCCCTGAACGAGGACCTGCGCTCCTGGACCGCCGCGGACACGGCGGCTCAGATCACCCAGCGCAAGTGGGAGGCGGCCCGTGAGGCGGAGCAGCGGAGAGCCTACCTGGAGGGCACGTGCGTGGAGTGGCTCCGCAGATACCTGGAGAACGGGAAGGAGACGCTGCAGCGCGCGG
C*06:07,GCTCCCACTCCATGAGGTATTTCGACACCGCCGTGTCCCGGCCCGGCCGCGGAGAGCCCCGCTTCATCTCAGTGGGCTACGTGGACGACACGCAGTTCGTGCGGTTCGACAGCGACGCCGCGAGTCCGAGAGGGGAGCCCCGGGCGCCGTGGGTGGAGAAGGAGGGGCCGGAGTATTGGGACCGGGAGACACAGAAGTACAAGCGCCAGGCACAGGCTGACCGAGTGAACCTGCGGAAACTGCGCGGCTACTACAACCAGAGCGAGGACG,GGTCTCACACCCTCCAGTGGATGTATGGCTGCGACCTGGGGCCCGACGGGCGCCTCCTCCGCGGGTATGACCAGTCCGCCTACGACGGCAAGGATTACATCGCCCTGAACGAGGACCTGCGCTCCTGGACCGCCGCGGACACGGCGGCTCAGATCACCCAGCGCAAGTGGGAGGCGGCCCGTGAGGCGGAGCAGTGGAGAGCCTACCTGGAGGGCACGTGCGTGGAGTGGCTCCGCAGATACCTGGAGAACGGGAAGGAGACGCTGCAGCGCGCGG
C*06:08,GCTCCCACTCCATGAGGTATTTCGACACCGCCGTGTCCCGGCCCGGCCGCGGAGAGCCCCGCTTCATCTCAGTGGGCTACGTGGACGACACGCAGTTCGTGCGGTTCGACAGCGACGCCGCGAGTCCGAGAGGGGAGCCCCGGGCGCCGTGGGTGGAGCAGGAGGGGCCGGAGTATTGGGACCGGGAGACACAGAAGTACAAGCGCCAGGCACAGGCTGACCGAGTGAACCTGCGGAAACTGCGCGGCTACTACAACCAGAGCGAGGACG,GGTCTCACACCCTCCAGTGGATGTATGGCTGCGACCTGGGGCCCGACGGGCGCCTCCTCCGCGGGTATGACCAGTCCGCCTACGACGGCAAGGATTACATCGCCCTGAACGAGGACCTGCGCTCCTGGACCGCCGCGGACACGGCGGCTCAGATCACCCAGCGCAAGTGGGAGGCGGCCCGTGAGGCGGAGCAGTGGAGAGCCTACCTGGAGGGCGAGTGCGTGGAGTGGCTCCGCAGATACCTGGAGAACGGGAAGGAGACGCTGCAGCGCGCGG
C*06:09,GCTCCCACTCCATGAGGTATTTCGACACCGCCGTGTCCCGGCCCGGCCGCGGAGAGCCCCGCTTCATCTCAGTGGGCTACGTGGACGACACGCAGTTCGTGCGGTTCGACAGCGACGCCGCGAGTCCGAGAGGGGAGCCCCGGGCGCCGTGGGTGGAGCAGGAGGGGCCGGAGTATTGGGACCGGGAGACACAGAAGTACAAGCGCCAGGCACAGGCTGACCGAGTGAACCTGCGGAAACTGCGCGGCTACTACAACCAGAGCGAGGACG,GGTCTCACACCCTCCAGTGGATGTATGGCTGCGACCTGGGGCCCGACGGGCGCCTCCTCCGCGGGTATAACCAGTTCGCCTACGACGGCAAGGATTACATCGCCCTGAACGAGGACCTGCGCTCCTGGACCGCCGCGGACACGGCGGCTCAGATCACCCAGCGCAAGTGGGAGGCGGCCCGTGAGGCGGAGCAGTGGAGAGCCTACCTGGAGGGCACGTGCGTGGAGTGGCTCCGCAGATACCTGGAGAACGGGAAGGAGACGCTGCAGCGCGCGG
C*06:10,GCTCCCACTCCATGAGGTATTTCGACACCGCCGTGTCCCGGCCCGGCCGCGGAGAGCCCCGCTTCATCCCAGTGGGCTACGTGGACGACACGCAGTTCGTGCGGTTCGACAGCGACGCCGCGAGTCCGAGAGGGGAGCCCCGGGCGCCGTGGGTGGAGCAGGAGGGGCCGGAGTATTGGGACCGGGAGACACAGAAGTACAAGCGCCAGGCACAGGCTGACCGAGTGAACCTGCGGAAACTGCGCGGCTACTACAACCAGAGCGAGGACG,GGTCTCACACCCTCCAGTGGATGTATGGCTGCGACCTGGGGCCCGACGGGCGCCTCCTCCGCGGGTATGACCAGTCCGCCTACGACGGCAAGGATTACATCGCCCTGAACGAGGACCTGCGCTCCTGGACCGCCGCGGACACGGCGGCTCAGATCACCCAGCGCAAGTGGGAGGCGGCCCGTGAGGCGGAGCAGTGGAGAGCCTACCTGGAGGGCACGTGCGTGGAGTGGCTCCGCAGATACCTGGAGAACGGGAAGGAGACGCTGCAGCGCGCGG
C*06:11,GCTCCCACTCCATGAGGTATTTCGACACCGCCGTGTCCCGGCCCGGCCGCGGAGAGCCCCGCTTCATCTCAGTGGGCTACGTGGACGACACGCAGTTCGTGCGGTTCGACAGCGACGCCGCGAGTCCGAGAGGGGAGCCCCGGGCGCCGTGGGTGGAGCAGGAGGGGCCGGAGTATTGGGACCGGGAGACACAGAAGTACAAGCGCCAGGCACAGGCTGACCGAGTGAGCCTGCGGAACCTGCGCGGCTACTACAACCAGAGCGAGGACG,GGTCTCACACCCTCCAGTGGATGTATGGCTGCGACCTGGGGCCCGACGGGCGCCTCCTCCGCGGGTATGACCAGTCCGCCTACGACGGCAAGGATTACATCGCCCTGAACGAGGACCTGCGCTCCTGGACCGCCGCGGACACGGCGGCTCAGATCACCCAGCGCAAGTGGGAGGCGGCCCGTGAGGCGGAGCAGTGGAGAGCCTACCTGGAGGGCACGTGCGTGGAGTGGCTCCGCAGATACCTGGAGAACGGGAAGGAGACGCTGCAGCGCGCGG
C*06:12,GCTCCCACTCCATGAGGTATTTCGACACCGCCGTGTCCCGGCCCGGCCGCGGAGAGCCCCGCTTCATCTCAGTGGGCTACGTGGACGACACGCAGTTCGTGCGGTTCGACAGCGACGCCGCGAGTCCGAGAGGGGAGCCCCGGGCGCCGTGGGTGGAGCAGGAGGGGCCGGAGTATTGGGACCGGGAGACACAGAAGTACAAGCGCCAGGCACAGGCTGACCGAGTGAACCTGCGGAAACTGCGCGGCTACTACAACCAGAGCGAGGACG,GGTCTCACACCCTCCAGTGGATGTATGGCTGCGACCTGGGGCCCGACGGGCGCCTCCTCCGCGGGTATGACCAGTCCGCCTACGACGGCAAGGATTACATCGCCCTGAACGAGGACCTGCGCTCCTGGACCGCCGCGGACACGGCGGCTCAGATCACCCAGCGCAAGTGGGAGGCGGCCCGTGAGACGGAGCAGTGGAGAGCCTACCTGGAGGGCACGTGCGTGGAGTGGCTCCGCAGATACCTGGAGAACGGGAAGGAGACGCTGCAGCGCGCGG
C*06:13,GCTCCCACTCCATGAGGTATTTCGACACCGCCGTGTCCCGGCCCGGCCGCGGAGAGCCCCGCTTCATCTCAGTGGGCTACGTGGACGACACGCAGTTCGTGCGGTTCGACAGCGACGCCGCGAGTCCGAGAGGGGAGCCCCGGGCGCCGTGGGTGGAGCAGGAGGGGCCGGAGTATTGGGACCGGGAGACACAGAAGTACAAGCGCCAGGCACAGGCTGACCGAGTGAACCTGCGGAAACTGCGCGGCTACTACAACCAGAGCGAGGACG,GGTCTCACACCCTCCAGTGGATGTATGGCTGCGACCTGGGGCCCGACGGGCGCCTCCTCCGCGGGTATGACCAGTCCGCCTACGACGGCAAGGATTACATCGCCCTGAACGAGGACCTGCGCTCCTGGACCACCGCGGACACGGCGGCTCAGATCACCCAGCGCAAGTGGGAGGCGGCCCGTGAGGCGGAGCAGTGGAGAGCCTACCTGGAGGGCACGTGCGTGGAGTGGCTCCGCAGATACCTGGAGAACGGGAAGGAGACGCTGCAGCGCGCGG
C*06:14,GCTCCCACTCCATGAGGTATTTCGACACCGCCGTGTCCCGGCCCGGCCGCGGAGAGCCCCGCTTCATCTCAGTGGGCTACGTGGACGACACGCAGTTCGTGCGGTTCGACAGCGACGCCGCGAGTCCGAGAGGGGAGCCCCGGGCGCCGTGGGTGGAGCAGGAGGGGCCGGAGTATTGGGACCGGGAGACACAGAAGTACAAGCGCCAGGCACAGGCTGACCGAGTGAACCTGCGGAAACTGCGCGGCTACTACAACCAGAGCGAGGACG,GGTCTCACATCATCCAGTGGATGTATGGCTGCGACCTGGGGCCCGACGGGCGCCTCCTCCGCGGGTATGACCAGTCCGCCTACGACGGCAAGGATTACATCGCCCTGAACGAGGACCTGCGCTCCTGGACCGCCGCGGACACGGCGGCTCAGATCACCCAGCGCAAGTGGGAGGCGGCCCGTGAGGCGGAGCAGTGGAGAGCCTACCTGGAGGGCACGTGCGTGGAGTGGCTCCGCAGATACCTGGAGAACGGGAAGGAGACGCTGCAGCGCGCGG
C*06:15,GCTCCCACTCCATGAGGTATTTCGACACCGCCGTGTCCCGGCCCGGCCGCGGAGAGCCCCGCTTCATCTCAGTGGGCTACGTGGACGACACGCAGTTCGTGCGGTTCGACAGCGACGCCGCGAGTCCGAGAGGGGAGCCCCGGGCGCCGTGGGTGGAGCAGGAGGGGCCGGAGTATTGGGACCGGGAGACACAGAAGTACAAGCGCCAGGCACAGGCTGACCGAGTGAACCTGCGGAAACTGCGCGGCTACTACAACCAGAGCGAGGACG,GGTCTCACACCCTCCAGTGGATGTATGGCTGCTACCTGGGGCCCGACGGGCGCCTCCTCCGCGGGTATGACCAGTCCGCCTACGACGGCAAGGATTACATCGCCCTGAACGAGGACCTGCGCTCCTGGACCGCCGCGGACACGGCGGCTCAGATCACCCAGCGCAAGTGGGAGGCGGCCCGTGAGGCGGAGCAGTGGAGAGCCTACCTGGAGGGCACGTGCGTGGAGTGGCTCCGCAGATACCTGGAGAACGGGAAGGAGACGCTGCAGCGCGCGG
C*06:17,GCTCCCACTCCATGAGGTATTTCGACACCGCCGTGTCCCGGCCCGGCCGCGGAGAGCCCCGCTTCATCTCAGTGGGCTACGTGGACGACACGCAGTTCGTGCGGTTCGACAGCGACGCCGCGAGTCCGAGAGGGGAGCCGCGGGCGCCGTGGGTGGAGCAGGAGGGGCCGGAGTATTGGGACCGGGAGACACAGAAGTACAAGCGCCAGGCACAGGCTGACCGAGTGAACCTGCGGAAACTGCGCGGCTACTACAACCAGAGCGAGGACG,GGTCTCACACCCTCCAGTGGATGTATGGCTGCGACCTGGGGCCCGACGGGCGCCTCCTCCGCGGGTATGACCAGTCCGCCTACGACGGCAAGGATTACATCGCCCTGAACGAGGACCTGCGCTCCTGGACCGCCGCGGACACGGCGGCTCAGATCACCCAGCGCAAGTGGGAGGCGGCCCGTGAGGCGGAGCAGTGGAGAGCCTACCTGGAGGGCACGTGCGTGGAGTGGCTCCGCAGATACCTGGAGAACGGGAAGGAGACGCTGCAGCGCGCGG
C*06:18,GCTCCCACTCCATGAGGTATTTCGACACCGCCGTGTCCCAGCCCGGCCGCGGAGAGCCCCGCTTCATCTCAGTGGGCTACGTGGACGACACGCAGTTCGTGCGGTTCGACAGCGACGCCGCGAGTCCGAGAGGGGAGCCCCGGGCGCCGTGGGTGGAGCAGGAGGGGCCGGAGTATTGGGACCGGGAGACACAGAAGTACAAGCGCCAGGCACAGGCTGACCGAGTGAACCTGCGGAAACTGCGCGGCTACTACAACCAGAGCGAGGACG,GGTCTCACACCCTCCAGTGGATGTATGGCTGCGACCTGGGGCCCGACGGGCGCCTCCTCCGCGGGTATGACCAGTCCGCCTACGACGGCAAGGATTACATCGCCCTGAACGAGGACCTGCGCTCCTGGACCGCCGCGGACACGGCGGCTCAGATCACCCAGCGCAAGTGGGAGGCGGCCCGTGAGGCGGAGCAGTGGAGAGCCTACCTGGAGGGCACGTGCGTGGAGTGGCTCCGCAGATACCTGGAGAACGGGAAGGAGACGCTGCAGCGCGCGG
C*06:19,GCTCCCACTCCATGAGGTATTTCGACACCGCCGTGTCCCGGCCCGGCCGCGGAGAGCCCCGCTTCATCTCAGTGGGCTACGTGAACGACACGCAGTTCGTGCGGTTCGACAGCGACGCCGCGAGTCCGAGAGGGGAGCCCCGGGCGCCGTGGGTGGAGCAGGAGGGGCCGGAGTATTGGGACCGGGAGACACAGAAGTACAAGCGCCAGGCACAGGCTGACCGAGTGAACCTGCGGAAACTGCGCGGCTACTACAACCAGAGCGAGGACG,GGTCTCACACCCTCCAGTGGATGTATGGCTGCGACCTGGGGCCCGACGGGCGCCTCCTCCGCGGGTATGACCAGTCCGCCTACGACGGCAAGGATTACATCGCCCTGAACGAGGACCTGCGCTCCTGGACCGCCGCGGACACGGCGGCTCAGATCACCCAGCGCAAGTGGGAGGCGGCCCGTGAGGCGGAGCAGTGGAGAGCCTACCTGGAGGGCACGTGCGTGGAGTGGCTCCGCAGATACCTGGAGAACGGGAAGGAGACGCTGCAGCGCGCGG
C*06:20,GCTCCCACTCCATGAGGTATTTCGACACCGCCGTGTCCCGGCCCGGCCGCGGAGAGCCCCGCTTCATCTCAGTGGGCTACGTGGACGACACGCAGTTCGTGCGGTTCGACAGCGACGCCGCGAGTCCGAGAGGGGAGCCCCGGGCGCCGTGGGTGGAGCAGGAGGGGCCGGAGTATTGGGACCGGGAGACACAGAAGTACAAGCGCCAGGCACAGGCTGACCGAGTGAACCTGCGGAAACTGCGCGGCTACTACAACCAGAGCGAGGACG,GGTCTCACACCCTCCAGTGGATGTATGGCTGCGACCTGGGGCCCGACGGGCGCCTCCTCCGCGGGTATGACCAGTCCGCCTACGACGGCAAGGATTACATCGCCCTGAACGAGGACCTGAGCTCCTGGACCGCCGCGGACACGGCGGCTCAGATCACCCAGCGCAAGTGGGAGGCGGCCCGTGAGGCGGAGCAGTGGAGAGCCTACCTGGAGGGCACGTGCGTGGAGTGGCTCCGCAGATACCTGGAGAACGGGAAGGAGACGCTGCAGCGCGCGG
C*06:21,GCTCCCACTCCATGAGGTATTTCGACACCGCCGTGTCCCGGCCCGGCCGCGGAGAGCCCCGCTTCATCTCAGTGGGCTACGTGGACGACACGCAGTTCGTGCGGTTCGACAGCGACGCCGCGAGTCCGAGAGGGGAGCCCCGGGCGCCGTGGGTGGAGCAGGAGGGGCCGGAGTATTGGGACCGGGAGACACAGAAGTACAAGCGCCAGGCACAGGCTGACCGAGTGAACCTGCGGAAACTGCGCGGCTACTACAACCAGAGCGAGGACG,GGTCTCACACCCTCCAGTGGATGTATGGCTGCGACCTGGGGCCCGACGGGCGCTTCCTCCGCGGGTATGACCAGTCCGCCTACGACGGCAAGGATTACATCGCCCTGAACGAGGACCTGCGCTCCTGGACCGCCGCGGACACGGCGGCTCAGATCACCCAGCGCAAGTGGGAGGCGGCCCGTGAGGCGGAGCAGTGGAGAGCCTACCTGGAGGGCACGTGCGTGGAGTGGCTCCGCAGATACCTGGAGAACGGGAAGGAGACGCTGCAGCGCGCGG
C*06:22,GCTCCCACTCCATGAGGTATTTCGACACCGCCGTGTCCCGGCCCGGCCGCGGAGAGCCCCGCTTCATCTCAGTGGGCTACGTGGACGACACGCAGTTCGTGCGGTTCGACAGCGACGCCGCGAGTCCGAGAGGGGAGCCCCGGGCGCCGTGGGTGGAGCAGGAGGGGCCGGAGTATTGGGACCGGGAGACACAGAAGTACAAGCGCCAGGCACAGGCTGACCGAGTGAACCTGCGGAAACTGCGCGGCTACTACAACCAGAGCGAGGACG,GGTCTCACACCCTCCAGTGGATGTATGGCTGCGACCTGGGGCCCGACGGGCGCCTCCTCCGCGGGTATGACCAGTCCGCCTACGACGGCAAGGATTACATCGCCCTGAACGAGGACCTGCGCTCCTGGACCGCCGCGGACACGGCGGCTCAGATCACCCAGCGCAAGTGGGAGGCGGCCCGTGAGGCGGAGCAGTGGAGAGCCTACCTGGAGGGCACGTGCATGGAGTGGCTCCGCAGATACCTGGAGAACGGGAAGGAGACGCTGCAGCGCGCGG
C*06:23,GCTCCCACTCCATGAGGTATTTCGACACCGCCGTGTCCCGGCCCGGCCGCGGAGAGCCCCGCTTCATCTCAGTGGGCTACGTGGACGACACGCAGTTCGTGCGGTTCGACAGCGACGCCGCGAGTCCGAGAGGGGAGCCCCGGGCGCCGTGGGTGGAGCAGGAGGGGCCGGAGTATTGGGACCGGGAGACACAGAAGTACAAGCGCCAGGCACAGGCTGACCGAGTGAACCTGCGGAAACTGCGCGGCTACTACAACCAGAGCGAGGACG,GGTCTCACACCCTCCAGTGGATGTGTGGCTGCGACCTGGGGCCCGACGGGCGCCTCCTCCGCGGGTATGACCAGTCCGCCTACGACGGCAAGGATTACATCGCCCTGAACGAGGACCTGCGCTCCTGGACCGCCGCGGACACGGCGGCTCAGATCACCCAGCGCAAGTGGGAGGCGGCCCGTGAGGCGGAGCAGTGGAGAGCCTACCTGGAGGGCACGTGCGTGGAGTGGCTCCGCAGATACCTGGAGAACGGGAAGGAGACGCTGCAGCGCGCGG
C*06:24,GCTCCCACTCCATGAGGTATTTCGACACCGCCGTGTCCCGGCCCGGCCGCGGAGAGCCCCGCTTCATCTCAGTGGGCTACGTGGACGACACGCAGTTCGTGCGGTTCGACAGCGACGCCGCGAGTCCGAGAGGGGAGCCCCGGGCGCCGTGGGTGGAGCAGGAGGGGCCGGAGTATTGGGACCGGGAGACACAGAAGTACAAGCGCCAGGCACAGGCTGACCGAGTGAACCTGCGGAAACTGCGCGGCTACTACAACCAGAGCGAGGACG,GGTCTCACACCCTCCAGTGGATGTATGGCTGCGACCTGGGGCCCGACGGGCGCCTCCTCCGCGGGTATGACCAGTCCGCCTACGACGGCAAGGATTACATCGCCCTGAACGAGGACCTGCGCTCCTGGACCGCCGCGGACACGGCGGCTCAGATCACCCAGCGCAAGTGGGAGGCGGCCCGTGAGGCGGAGCAGTGGAGAGCCCACCTGGAGGGCACGTGCGTGGAGTGGCTCCGCAGATACCTGGAGAACGGGAAGGAGACGCTGCAGCGCGCGG
C*06:25,GCTCCCACTCCATGAGGTATTTCGACACCGCCGTGTCCCGGCCCGGCCGCGGAGAGCCCCGCTTCATCTCAGTGGGCTACGTGGACGACACGCAGTTCGTGCGGTTCGACAGCGACGCCGCGAGTCCGAGAGGGGAGCCCCGGGCGCCGTGGGTGGAGCAGGAGGAGCCGGAGTATTGGGACCGGGAGACACAGAAGTACAAGCGCCAGGCACAGGCTGACCGAGTGAACCTGCGGAAACTGCGCGGCTACTACAACCAGAGCGAGGACG,GGTCTCACACCCTCCAGTGGATGTATGGCTGCGACCTGGGGCCCGACGGGCGCCTCCTCCGCGGGTATGACCAGTCCGCCTACGACGGCAAGGATTACATCGCCCTGAACGAGGACCTGCGCTCCTGGACCGCCGCGGACACGGCGGCTCAGATCACCCAGCGCAAGTGGGAGGCGGCCCGTGAGGCGGAGCAGTGGAGAGCCTACCTGGAGGGCACGTGCGTGGAGTGGCTCCGCAGATACCTGGAGAACGGGAAGGAGACGCTGCAGCGCGCGG
C*06:26,GCTCCCACTCCATGAGGTATTTCGACACCGCCGTGTCCCGGCCCGGCCTCGGAGAGCCCCGCTTCATCTCAGTGGGCTACGTGGACGACACGCAGTTCGTGCGGTTCGACAGCGACGCCGCGAGTCCGAGAGGGGAGCCCCGGGCGCCGTGGGTGGAGCAGGAGGGGCCGGAGTATTGGGACCGGGAGACACAGAAGTACAAGCGCCAGGCACAGGCTGACCGAGTGAACCTGCGGAAACTGCGCGGCTACTACAACCAGAGCGAGGACG,GGTCTCACACCCTCCAGTGGATGTATGGCTGCGACCTGGGGCCCGACGGGCGCCTCCTCCGCGGGTATGACCAGTCCGCCTACGACGGCAAGGATTACATCGCCCTGAACGAGGACCTGCGCTCCTGGACCGCCGCGGACACGGCGGCTCAGATCACCCAGCGCAAGTGGGAGGCGGCCCGTGAGGCGGAGCAGTGGAGAGCCTACCTGGAGGGCACGTGCGTGGAGTGGCTCCGCAGATACCTGGAGAACGGGAAGGAGACGCTGCAGCGCGCGG
C*06:27,GCTCCCACTCCATGAGGTATTTCGACACCGCCGTGTCCCGGCCCGGCCGCGGAGAGCCCCGCTTCATCTCAGTGGGCTACGTGGACGACACGCAGTTCGTGCGGTTCGACAGCGACGCCGCGAGTCCGAGAGGGGAGCCCCGGGCGCCGTGGGTGGAGCAGGAGGGGCCGGAGTATTGGGACCGGGAGACACAGAAGTACAAGCGCCAGGCACAGGCTGACCGAGTGAACCTGCGGAAACTGCGCGGCTACTACAACCAGAGCGAGGACG,GGTCTCACACCCTCCAGTGGATGTATGGCTGCGACCTGGGGCCCGACGGGCGCCTCCTCCGCGGGTATGACCAGTCCGCCTACGACGGCAAGGATTACATCGCCCTGAACGAGGACCTGCGCTCCTGGACCGCCGCGGACACGGCGGCTCAGATCACCCAGCGCAAGTGGGAGGCGGCCCGTGAGGCGGAGCAGTGGAGAGCCTACCTGGAGGGCACGTGCGTGGAGTGGCTCCGCAGATACCTGGAGAACTGGAAGGAGACGCTGCAGCGCGCGG
C*06:28,GCTCCCACTCCATGAGGTATTTCGACACCGCCGTGTCCCGGCCCGGCCGCGGAGAGCCCCGCTTCATCGCAGTGGGCTACGTGGACGACACGCAGTTCGTGCGGTTCGACAGCGACGCCGCGAGTCCGAGAGGGGAGCCCCGGGCGCCGTGGGTGGAGCAGGAGGGGCCGGAGTATTGGGACCGGGAGACACAGAAGTACAAGCGCCAGGCACAGGCTGACCGAGTGAACCTGCGGAAACTGCGCGGCTACTACAACCAGAGCGAGGACG,GGTCTCACACCCTCCAGTGGATGTATGGCTGCGACCTGGGGCCCGACGGGCGCCTCCTCCGCGGGTATGACCAGTCCGCCTACGACGGCAAGGATTACATCGCCCTGAACGAGGACCTGCGCTCCTGGACCGCCGCGGACACGGCGGCTCAGATCACCCAGCGCAAGTGGGAGGCGGCCCGTGAGGCGGAGCAGTGGAGAGCCTACCTGGAGGGCACGTGCGTGGAGTGGCTCCGCAGATACCTGGAGAACGGGAAGGAGACGCTGCAGCGCGCGG
C*06:29,GCTCCCACTCCATGAGGTATTTCGACACCGCCGTGTCCCGGCCCGGCCGCGGAGAGCCCCGCTTCATCTCAGTGGGCTACGTGGACGACACGCAGTTCATGCGGTTCGACAGCGACGCCGCGAGTCCGAGAGGGGAGCCCCGGGCGCCGTGGGTGGAGCAGGAGGGGCCGGAGTATTGGGACCGGGAGACACAGAAGTACAAGCGCCAGGCACAGGCTGACCGAGTGAACCTGCGGAAACTGCGCGGCTACTACAACCAGAGCGAGGACG,GGTCTCACACCCTCCAGTGGATGTATGGCTGCGACCTGGGGCCCGACGGGCGCCTCCTCCGCGGGTATGACCAGTCCGCCTACGACGGCAAGGATTACATCGCCCTGAACGAGGACCTGCGCTCCTGGACCGCCGCGGACACGGCGGCTCAGATCACCCAGCGCAAGTGGGAGGCGGCCCGTGAGGCGGAGCAGTGGAGAGCCTACCTGGAGGGCACGTGCGTGGAGTGGCTCCGCAGATACCTGGAGAACGGGAAGGAGACGCTGCAGCGCGCGG
C*06:30,GCTCCCACTCCATGAGGTATTTCGACACCGCCGTGTCCCGGCCCGGCCGCGGAGAGCCCCGCTTCATCTCAGTGGGCTACGTGGACGACACGCAGTTCGTGCGGTTCGACAGCGACGCCGCGAGTCCGAGAGGGGAGCCCCGGGCGCCGTGGGTGGAGCAGGAGGGGCCGGAGTATTGGGACCGGGAGACACAGAAGTACAAGCGCCAGGCACAGGCTGACCGAGTGAACCTGCGGAAACTGCGCGGCTACTACAACCAGAGCGAGGCCG,GGTCTCACACCCTCCAGTGGATGTATGGCTGCGACCTGGGGCCCGACGGGCGCCTCCTCCGCGGGTATGACCAGTCCGCCTACGACGGCAAGGATTACATCGCCCTGAACGAGGACCTGCGCTCCTGGACCGCCGCGGACACGGCGGCTCAGATCACCCAGCGCAAGTGGGAGGCGGCCCGTGAGGCGGAGCAGTGGAGAGCCTACCTGGAGGGCACGTGCGTGGAGTGGCTCCGCAGATACCTGGAGAACGGGAAGGAGACGCTGCAGCGCGCGG
C*06:31,GCTCCCACTCCATGAGGTATTTCGACACCGCCGTGTCCCGGCCCGGCCGCGGAGAGCCCCGCTTCATCTCAGTGGGCTACGTGGACGACACGCAGTTCGTGCGGTTCGACAGCGACGCCGCGAGTCCGAGAGGGGAGCCCCGGGCGCCGTGGGTGGAGCAGGAGGGGCCGGAGTATTGGGACCGGGAGACACAGAAGTACAAGCGCCAGGCACAGGCTGACCGAGTGAACCTGCGGAAACTGCGCGGCTACTACAACCAGAGCGAGGACG,GGTCTCACACCCTCCAGTGGATGTATGGCTGCGACCTGGGGCCCGACGGGCGCCTCCTCCGCGGGTATGACCAGTCCGCCTACGACGGCAAGGATTACATCGCCCTGAACGAGGACCTGCGCTCCTGGACCGCCGCGGACACGGCGGCTCAGATCACCCAGCGCAAGTGGGAGGCGGCCCGTGCGGCGGAGCAGTGGAGAGCCTACCTGGAGGGCACGTGCGTGGAGTGGCTCCGCAGATACCTGGAGAACGGGAAGGAGACGCTGCAGCGCGCGG
C*06:32,GCTCCCACTCCATGAGGTATTTCGACACCGCCGTGTCCCGGCCCGGCCGCGGAGAGCCCCGCTTCATCTCAGTGGGCTACGTGGACGACACGCAGTTCGTGCGGTTCGACAGCGACGCCGCGAGTCCGAGAGGGGAGCCCTGGGCGCCGTGGGTGGAGCAGGAGGGGCCGGAGTATTGGGACCGGGAGACACAGAAGTACAAGCGCCAGGCACAGGCTGACCGAGTGAACCTGCGGAAACTGCGCGGCTACTACAACCAGAGCGAGGACG,GGTCTCACACCCTCCAGTGGATGTATGGCTGCGACCTGGGGCCCGACGGGCGCCTCCTCCGCGGGTATGACCAGTCCGCCTACGACGGCAAGGATTACATCGCCCTGAACGAGGACCTGCGCTCCTGGACCGCCGCGGACACGGCGGCTCAGATCACCCAGCGCAAGTGGGAGGCGGCCCGTGAGGCGGAGCAGTGGAGAGCCTACCTGGAGGGCACGTGCGTGGAGTGGCTCCGCAGATACCTGGAGAACGGGAAGGAGACGCTGCAGCGCGCGG
C*06:33,GCTCCCACTCCATGAGGTATTTCGACACCGCCGAGTCCCGGCCCGGCCGCGGAGAGCCCCGCTTCATCTCAGTGGGCTACGTGGACGACACGCAGTTCGTGCGGTTCGACAGCGACGCCGCGAGTCCGAGAGGGGAGCCCCGGGCGCCGTGGGTGGAGCAGGAGGGGCCGGAGTATTGGGACCGGGAGACACAGAAGTACAAGCGCCAGGCACAGGCTGACCGAGTGAACCTGCGGAAACTGCGCGGCTACTACAACCAGAGCGAGGACG,GGTCTCACACCCTCCAGTGGATGTATGGCTGCGACCTGGGGCCCGACGGGCGCCTCCTCCGCGGGTATGACCAGTCCGCCTACGACGGCAAGGATTACATCGCCCTGAACGAGGACCTGCGCTCCTGGACCGCCGCGGACACGGCGGCTCAGATCACCCAGCGCAAGTGGGAGGCGGCCCGTGAGGCGGAGCAGTGGAGAGCCTACCTGGAGGGCACGTGCGTGGAGTGGCTCCGCAGATACCTGGAGAACGGGAAGGAGACGCTGCAGCGCGCGG
C*06:34,GCTCCCACTCCATGAGGTATTTCGACACCGCCGTGTCCCGGCCCGGCCGCGGAGAGCCCCGCTTCATCTCAGTGGGCTACGTGGACGACACGCAGTTCGTGCGGTTCGACAGCGACGCCGCGAGTCCGAGAGGGGAGCCCCGGGCGCCGTGGGTGGAGCAGGAGGGGCCGGAGTATTGGGACCGGGAGACACAGAAGTACAAGCGCCAGGCACAGGCTGACCGAGTGAACCTGCGGAAACTGCGCGGCTACTACAACCAGAGCGAGGACG,GGTCTCACACCCTCCAGTGGATGTATGGCTGCGACCTGGGGCCCGACGGGCGCCTCCTCCGCGGGTATGACCAGTTCGCCTACGACGGCAAGGATTACATCGCCCTGAACGAGGACCTGCGCTCCTGGACCGCCGCGGACACGGCGGCTCAGATCACCCAGCGCAAGTGGGAGGCGGCCCGTGAGGCGGAGCAGTGGAGAGCCTACCTGGAGGGCACGTGCGTGGAGTGGCTCCGCAGATACCTGGAGAACGGGAAGGAGACGCTGCAGCGCGCGG
C*06:35,GCTCCCACTCCATGAGGTATTTCGACACCGCCGTGTCCCGGCCCGGCCGCGGAGAGCCCCGCTTCATCTCAGTGGGCTACGTGGACGACACGCAGTTCGTGCGGTTCGACAGCGACGCCGCGAGTCCGAGAGGGGAGCCCCGGGCGCCGTGGGTGGAGCAGGAGGGGCCGGAGTATTGGGACCGGGAGACACAGAAGTACAAGCGCCAGGCACAGGCTGACCGAGTGAACCTGCGGAAACTGCGCGGCTACTACAACCAGAGCGAGGACG,GGTCTCACACCATCCAGAGGATGTCTGGCTGCGACCTGGGGCCCGACGGGCGCCTCCTCCGCGGGTATGACCAGTCCGCCTACGACGGCAAGGATTACATCGCCCTGAACGAGGACCTGCGCTCCTGGACCGCCGCGGACACGGCGGCTCAGATCACCCAGCGCAAGTGGGAGGCGGCCCGTGAGGCGGAGCAGTGGAGAGCCTACCTGGAGGGCACGTGCGTGGAGTGGCTCCGCAGATACCTGGAGAACGGGAAGGAGACGCTGCAGCGCGCGG
C*06:36,GCTCCCACTCCATGAGGTATTTCGACACCGCCGTGTCCCGGCCCGGCCGCGGAGAGCCCCGCTTCATCTCAGTGGGCTACGTGGACGACACGCAGTTCGTGCGGTTCGACAGCGACGCCGCGAGTCCGAGAGGGGAGCCCCGGGCGCCGTGGGTGGAGCAGGAGGGGCCGGAGTATTGGGACCGGGAGACACAGAAGTACAAGCGCCAGGCACAGGCTGACCGAGTGAACCTGCGGAAACTGCGCGGCTACTACAACCAGAGCGAGGACG,GGTCTCACACCCTCCAGTGGATGTATGGCTGCGACCTGGGGCCCAACGGGCGCCTCCTCCGCGGGTATGACCAGTCCGCCTACGACGGCAAGGATTACATCGCCCTGAACGAGGACCTGCGCTCCTGGACCGCCGCGGACACGGCGGCTCAGATCACCCAGCGCAAGTGGGAGGCGGCCCGTGAGGCGGAGCAGTGGAGAGCCTACCTGGAGGGCACGTGCGTGGAGTGGCTCCGCAGATACCTGGAGAACGGGAAGGAGACGCTGCAGCGCGCGG
C*06:37,GCTCCCACTCCATGAGGTATTTCGACACCGCCGTGTCCCGGCCCGGCCGCGGAGAGCCCCGCTTCATCTCAGTGGGCTACGTGGACGACACGCAGTTCGTGCGGTTCGACAGCGACGCCGCGAGTCCGAGAGGGGAGCCCCGGGCGCCGTGGGTGGAGCAGGAGGGGCCGGAGTATTGGGACCGGGAGACACAGAAGTACAAGCGCCAGGCACAGGCTGACCGAGTGAACCTGCGGAAACTGCGCGGCTACTACAACCAGAGCGAGGACG,GGTCTCACACCCTCCAGTGGATGTATGGCTGCGACCTGGGGCCCGACGGGCGCCTCCTCCGCGGGTATGACCAGTCCGCCTACGACGGCAAGGATTACATCGCCCTGAACGAGGACCTGCGCTCCTGGACCGCCGTGGACACGGCGGCTCAGATCACCCAGCGCAAGTGGGAGGCGGCCCGTGAGGCGGAGCAGTGGAGAGCCTACCTGGAGGGCACGTGCGTGGAGTGGCTCCGCAGATACCTGGAGAACGGGAAGGAGACGCTGCAGCGCGCGG
C*06:38,GCTCCCACTCCATGAGGTATTTCGACACCGCCGTGTCCCGGCCCGGCCGCGGAGAGCCCCGCTTCATCTCAGTGGGCTACGTGGACGACACGCAGTTCGTGCGGTTCGACAGCGACGCCGCGAGTCCGAGAGGGGAGCCCCGGGCGCCGTGGGTGGAGCAGGAGGGGCCGGAGTATTGGGACCGGGAGACACAGAAGTACAAGCGCCAGGCACAGGCTGACCGAGTGAACCTGCGGAAACTGCGCGGCTACTACAACCAGAGCGAGGACG,GGTCTCACACCCTCCAGTGGATGTATGGCTGCGACCTGGGGCCCGACGGGCGCCTCCTCCTTGGGTATGACCAGTCCGCCTACGACGGCAAGGATTACATCGCCCTGAACGAGGACCTGCGCTCCTGGACCGCCGCGGACACGGCGGCTCAGATCACCCAGCGCAAGTGGGAGGCGGCCCGTGAGGCGGAGCAGTGGAGAGCCTACCTGGAGGGCACGTGCGTGGAGTGGCTCCGCAGATACCTGGAGAACGGGAAGGAGACGCTGCAGCGCGCGG
C*06:39,GCTCCCACTCCATGAGGTATTTCGACACCGCCGTGTCCCGGCCCGGCCGCGGAGAGCCCCGCTTCATCTCAGTGGGCTACGTGGACGACACGCAGTTCGTGCGGTTCGACAGCGACGCCGCGAGTCCGAGAGGGGAGTCCCGGGCGCCGTGGGTGGAGCAGGAGGGGCCGGAGTATTGGGACCGGGAGACACAGAAGTACAAGCGCCAGGCACAGGCTGACCGAGTGAACCTGCGGAAACTGCGCGGCTACTACAACCAGAGCGAGGACG,GGTCTCACACCCTCCAGTGGATGTATGGCTGCGACCTGGGGCCCGACGGGCGCCTCCTCCGCGGGTATGACCAGTCCGCCTACGACGGCAAGGATTACATCGCCCTGAACGAGGACCTGCGCTCCTGGACCGCCGCGGACACGGCGGCTCAGATCACCCAGCGCAAGTGGGAGGCGGCCCGTGAGGCGGAGCAGTGGAGAGCCTACCTGGAGGGCACGTGCGTGGAGTGGCTCCGCAGATACCTGGAGAACGGGAAGGAGACGCTGCAGCGCGCGG
C*06:40,GCTCCCACTCCATGAGGTATTTCGACACCGCCGTGTCCCGGCCCGGCCGCGGAGAGCCCCGCTTCATCTCAGTGGGCTACGTGGACGACACGCAGTTCGTGCGGTTCGACAGCGACGCCGCGAGTCCGAGAGGGGAGCCCCGGGCGCCGTGGGTGGAGCAGGAGGGGCCGGAGTATTGGGACCGGGAGACACAGAAGTACAAGCGCCAGGCACAGGCTGACCGAGTGAACCTGCGGAAACTGCGCGGCTACTACAACCAGAGCGAGGACG,GGTCTCACACCCTCCAGTGGATGTATGGCTGCGACCTGGGGCCCGACGGGCGCCTCCTCCGCGGGTATGACCAGTCCGCCTACGACGGCAAGGATTACATCGCCCTGAACGAGGACCTGCGCTCCTGGACCGCCGCGGACACGGCGGCTCAGATCACCCAGCGCAAGTGGGAGGCGGCCCGTGAGGCGGAGCAGTGGAGAACCTACCTGGAGGGCACGTGCGTGGAGTGGCTCCGCAGATACCTGGAGAACGGGAAGGAGACGCTGCAGCGCGCGG
C*06:41,GCTCCCACTCCATGAGGTATTTCGACACCGCCGTGTCCCGGCCCGGCCGCGGAGAGCCCCGCTTCATCTCAGTGGGCTACGTGGACGACACGCAGTTCGTGCGGTTCGACAGCGACGCCGCGAGTCCGAGAGGGGAGCCCCGGGCGCCGTGGGTGGAGCAGGAGGGGCCGGAGTATTGGGACCGGGAGACACAGAAGTACAAGCGCCAGGCACAGGCTGACCGAGTGAACCTGCGGAAACTGCGCGGCTACTACAACCAGAGCGAGGACG,GGTCTCACACCCTCCAGTGGATGTATGGCTGCGACCTGGGGCCCGACGGGCGCCTCCTCCGCGGGTATGACCAGTCCGCCTACGACGGCAAGGATTACATCGCCCTGAACGAGGACCTGCGCTCCTGGACCGCCGCGGACACGGCGTCTCAGATCACCCAGCGCAAGTGGGAGGCGGCCCGTGAGGCGGAGCAGTGGAGAGCCTACCTGGAGGGCACGTGCGTGGAGTGGCTCCGCAGATACCTGGAGAACGGGAAGGAGACGCTGCAGCGCGCGG
C*06:42,GCTCCCACTCCATGAGGTATTTCGACACCGCCGTGTCCCGGCCCGGCCGCGGAGAGCCCCGCTTCATCTCAGTGGGCTACGTGGACGACACGCAGTTCGTGCGGTTCGACAGCGACGCCGCGAGTCCGAGAGGGGAGCCCCGGGCGCCGTGGGTGGAGCAGGAGGGGCCGGAGTATTGGGACCGGGAGACACAGAAGTACAAGCGCCAGGCACAGGCTGACCGAGTGAACCTGCGGAAACTGCGCGGCTACTACAACCAGAGCGAGGACG,GGTCTCACACCCTCCAGTGGATGTATGGCTGCGACCTGGGGCCCGACGGGCGCCTCCTCCGCGGGTATGACCAGTCCGCCTACGACGGCAAGGATTACATCGCCCTGAACGAGGACCTGCGCTCCTGGACCGCCGCGGACACGGCGGCTCAGATCACCCAGCGCAAGCGGGAGGCGGCCCGTGAGGCGGAGCAGTGGAGAGCCTACCTGGAGGGCACGTGCGTGGAGTGGCTCCGCAGATACCTGGAGAACGGGAAGGAGACGCTGCAGCGCGCGG
C*06:43,GCTCCCACTCCATGAGGTATTTCGACACCGCCGTGTCCCGGCCCGGCCGCGGAGAGCCCCGCTTCATCTCAGTGGGCTACGTGGACGACACGCAGTTCGTGCGGTTCGACAGCGACGCCGCGAGTCCGAGAGGGGAGCCCCGGGCGCCGTGGGTGGAGCAGGAGGGGCCGGAGTATTGGGACCGGGAGACACAGAAGTACAAGCGCCAGGCACAGGCTGACCGAGTGAACCTGCGGAAACTGCGCGGCTACTACAACCAGAGCGAGGACG,GGTCTCACACCCTCCAGTGGATGTATGGCTGCGACCTGGGGCCCGACGGGCGCCTCCTCCGCAGGTATGACCAGTCCGCCTACGACGGCAAGGATTACATCGCCCTGAACGAGGACCTGCGCTCCTGGACCGCCGCGGACACGGCGGCTCAGATCACCCAGCGCAAGTGGGAGGCGGCCCGTGAGGCGGAGCAGTGGAGAGCCTACCTGGAGGGCACGTGCGTGGAGTGGCTCCGCAGATACCTGGAGAACGGGAAGGAGACGCTGCAGCGCGCGG
C*06:44,GCTCCCACTCCATGAGGTATTTCGACACCGCCGTGTCCCGGCCCGGCCGCGGAGAGCCCCGCTTCATCTCAGTGGGCTACGTGGACGACACGCAGTTCGTGCGGTTCGACAGCGACGCCGCGAGTCCGAGAGGGGAGCCCCGGGCGCCGTGGGTGGAGCAGGAGGGGCCGGAGTATTGGGACCGGGAGACACAGAACTACAAGCGCCAGGCACAGACTGACCGAGTGAACCTGCGGAAACTGCGCGGCTACTACAACCAGAGCGAGGACG,GGTCTCACACCCTCCAGTGGATGTATGGCTGCGACCTGGGGCCCGACGGGCGCCTCCTCCGCGGGTATGACCAGTCCGCCTACGACGGCAAGGATTACATCGCCCTGAACGAGGACCTGCGCTCCTGGACCGCCGCGGACACGGCGGCTCAGATCACCCAGCGCAAGTGGGAGGCGGCCCGTGAGGCGGAGCAGTGGAGAGCCTACCTGGAGGGCACGTGCGTGGAGTGGCTCCGCAGATACCTGGAGAACGGGAAGGAGACGCTGCAGCGCGCGG
C*06:45,GCTCCCACTCCATGAGGTATTTCGACACCGCCGTGTCCCGGCCCGGCCGCGGAGAGCCCCGCTTCATCTCAGTGGGCTACGTGGACGACACGCAGTTCGTGCGGTTCGACAGCTACGCCGCGAGTCCGAGAGGGGAGCCCCGGGCGCCGTGGGTGGAGCAGGAGGGGCCGGAGTATTGGGACCGGGAGACACAGAAGTACAAGCGCCAGGCACAGGCTGACCGAGTGAACCTGCGGAAACTGCGCGGCTACTACAACCAGAGCGAGGACG,GGTCTCACACCCTCCAGTGGATGTATGGCTGCGACCTGGGGCCCGACGGGCGCCTCCTCCGCGGGTATGACCAGTCCGCCTACGACGGCAAGGATTACATCGCCCTGAACGAGGACCTGCGCTCCTGGACCGCCGCGGACACGGCGGCTCAGATCACCCAGCGCAAGTGGGAGGCGGCCCGTGAGGCGGAGCAGTGGAGAGCCTACCTGGAGGGCACGTGCGTGGAGTGGCTCCGCAGATACCTGGAGAACGGGAAGGAGACGCTGCAGCGCGCGG
C*06:47,GCTCCCACTCCATGAGGTATTTCGACACCGCCGTGTCCCGGCCCGGCCGCGGAGAGCCCCGCTTCATCTCAGTGGGCTACGTGGACGACACGCAGTTCGTGCGGTTCGACAGCGACGCCGCGAGTCCGAGAGGGGAGCCCCGGGCGCCGTGGGTGGAGCAGGAGGGGCCGGAGTATTGGGACCGGGAGACACAGAAGTACAAGCGCCAGGCACAGGCTGACCGAGTGAACCTGCGGAAACTGCGCGGCTACTACAACCAGAGCGAGGACG,GGTCTCACACCCTCCAGTGGATGTCTGGCTGCGACCTGGGGCCCGACGGGCGCCTCCTCCGCGGGTATGACCAGTCCGCCTACGACGGCAAGGATTACATCGCCCTGAACGAGGACCTGCGCTCCTGGACCGCCGCGGACACGGCGGCTCAGATCACCCAGCGCAAGTGGGAGGCGGCCCGTGAGGCGGAGCAGTGGAGAGCCTACCTGGAGGGCACGTGCGTGGAGTGGCTCCGCAGATACCTGGAGAACGGGAAGGAGACGCTGCAGCGCGCGG
C*06:48,GCTCCCACTCCATGAGGTATTTCGACACCGCCGTGTCCCGGCCCGGCCGCGGAGAGCCCCGCTTCATCTCAGTGGGCTACGTGGACGACACGCAGTTCGTGCGGTTCGACAGCGACGCCGCGAGTCCGAGAGGGGAGCCCCGGGCGCCGTGGGTGGAGCAGGAGGGGCCGGAGTATTGGGACCGGGAGACACAGAAGTACAAGCGCCAGGCACAGGCTGACCGAGTGAACCTGCGGAAACTGCGCGGCTACTACAACCAGAGCGAGGACG,GGTCTCACACCCTCCAGTGGATGTATGGCTGCGACCTGGGGCCCGACGGGCGCCTCCTCCGCGGGTATGACCAGTCCTCCTACGACGGCAAGGATTACATCGCCCTGAACGAGGACCTGCGCTCCTGGACCGCCGCGGACACGGCGGCTCAGATCACCCAGCGCAAGTGGGAGGCGGCCCGTGAGGCGGAGCAGTGGAGAGCCTACCTGGAGGGCACGTGCGTGGAGTGGCTCCGCAGATACCTGGAGAACGGGAAGGAGACGCTGCAGCGCGCGG
C*06:49N,GCTCCCACTCCATGAGGTATTTCGACACCGCCGTGTCCCGGCCCGGCCGCGGAGAGCCCCGCTTCATCTCAGTGGGCTACGTGGACGACACGCAGTTCGTGCGGTTCGACAGCGACGCCGCGAGTCCGAGAGGGGAGCCCCGGGCGCCGTGGGTGGAGCAGGAGGGGCCGGAGTATTGGGACCGGGAGACACAGAAGTACAAGCGCCAGGCACAGGCTGACCGAGTGAACCTGCGGAAACTGCGCGGCTACTACAACCAGAGCGAGGACG,GGTCTCACACCCTCCAGTGGATGTATGGCTGAGACCTGGGGCCCGACGGGCGCCTCCTCCGCGGGTATGACCAGTCCGCCTACGACGGCAAGGATTACATCGCCCTGAACGAGGACCTGCGCTCCTGGACCGCCGCGGACACGGCGGCTCAGATCACCCAGCGCAAGTGGGAGGCGGCCCGTGAGGCGGAGCAGTGGAGAGCCTACCTGGAGGGCACGTGCGTGGAGTGGCTCCGCAGATACCTGGAGAACGGGAAGGAGACGCTGCAGCGCGCGG
C*06:50,GCTCCCACTCCATGAGGTATTTCGACACCGCCGTGTCCCGGCCCGGCCGCGGAGAGCCCCGCTTCATCTCAGTGGGCTACGTGGACGACACGCAGTTCGTGCGGTTCGACAGCGACGCCGCGAGTCCGAGAGGGGAGCCCCGGGCGCCGTGGGTGGAGCAGGAGGGGCCGGAGTATTGGGACCGGGAGACACAGAAGTACAAGCGCCAGGCACAGGCTGACCGAGTGAACCTGCGGAAACTGCGCGGCTACTACAACCAGAGCGAGGACG,GGTCTCACACCCTCCAGTGGATGTATGGCTGCGACCTGGGGCCCGACGGGCGCCTCCTCCGCGGGTATGACCAGTCCGCCTACGACGGCAAGGATTACATCGCCCTGAACGAGGACCTGCGCTCCTGGACCGCCGCGGACACGGCGGCTCAGATCACCCAGCGCAAGTGGGAGGCGGCCCGTGAGGCGGAGCAGTGGAGAGCCTACCTGGAGGGCACGTGCGTGGAGTGGCTCCACAGATACCTGGAGAACGGGAAGGAGACGCTGCAGCGCGCGG
C*06:51,GCTCCCACTCCATGAGGTATTTCGACACCGCCGTGTCCCGGCCCGGCCGCGGAGAGCCCCGCTTCATCTCAGTGGGCTACGTGGACGACACGCAGTTCGTGCGGTTCGACAGCGACGCCGCGAGTCCGAGAGGGGAGCCCCGGGCGCCGTGGGTGGAGCAGGAGGGGCCGGAGTATTGGGACCGGGAGACACAGAAGTACAAGCGCCAGGCACAGGCTGACCGAGTGAACCTGCGGAAACTGCGCGGCTACTACAACCAGAGCGAGGACG,GGTCTCACACCCTCCAGTGGATGTATGGCTGCGACCTGGGGCCCGACGGGCGCCTCCTCCGCGGGTATGACCAGTCCGCCTACGACGGCAAGGATTACATCGCCCTGAACGAGGACCTGCGCTCCTGCACCGCCGCGGACACGGCGGCTCAGATCACCCAGCGCAAGTGGGAGGCGGCCCGTGAGGCGGAGCAGTGGAGAGCCTACCTGGAGGGCACGTGCGTGGAGTGGCTCCGCAGATACCTGGAGAACGGGAAGGAGACGCTGCAGCGCGCGG
C*06:52,GCTCCCACTCCATGAGGTATTTCGACACCGCCGTGTCCCGGCCCGGCCGCGGAGAGCCCCGCTTCATCTCAGTGGGCTACGTGGACGACACGCAGTTCGTGCGGTTCGACAGCGACGCCGCGAGTCCGAGAGGGGAGCCCCGGGCGCCGTGGGTGGAGCAGGAGGGGCCGGAGTATTGGGACCGGGAGACACAGAAGTACAAGCGCCAGGCACAGGCTGACCGAGTGAACCTGCCGAAACTGCGCGGCTACTACAACCAGAGCGAGGACG,GGTCTCACACCCTCCAGTGGATGTATGGCTGCGACCTGGGGCCCGACGGGCGCCTCCTCCGCGGGTATGACCAGTCCGCCTACGACGGCAAGGATTACATCGCCCTGAACGAGGACCTGCGCTCCTGGACCGCCGCGGACACGGCGGCTCAGATCACCCAGCGCAAGTGGGAGGCGGCCCGTGAGGCGGAGCAGTGGAGAGCCTACCTGGAGGGCACGTGCGTGGAGTGGCTCCGCAGATACCTGGAGAACGGGAAGGAGACGCTGCAGCGCGCGG
C*06:53:01,GCTCCCACTCCATGAGGTATTTCGACACCGCCGTGTCCCGGCCCGGCCGCGGAGAGCCCCGCTTCATCTCAGTGGGCTACGTGGACGACACGCAGTTCGTGCGGTTCGACAGCGACGCCGCGAGTCCGAGAGGGGAGCCCCGGGCGCCGTGGGTGGAGCAGGAGGGGCCGGAGTATTGGGACCGGGAGACACAGAAGTACAAGCGCCAGGCACAGGCTGACCGAGTGAACCTGCGGAAACTGCGCGGCTACTACAACCAGAGCGAGGACA,GGTCTCACACCCTCCAGTGGATGTATGGCTGCGACCTGGGGCCCGACGGGCGCCTCCTCCGCGGGTATGACCAGTCCGCCTACGACGGCAAGGATTACATCGCCCTGAACGAGGACCTGCGCTCCTGGACCGCCGCGGACACGGCGGCTCAGATCACCCAGCGCAAGTGGGAGGCGGCCCGTGAGGCGGAGCAGTGGAGAGCCTACCTGGAGGGCACGTGCGTGGAGTGGCTCCGCAGATACCTGGAGAACGGGAAGGAGACGCTGCAGCGCGCGG
C*06:53:02,GCTCCCACTCCATGAGGTATTTCGACACCGCCGTGTCCCGGCCCGGCCGCGGAGAGCCCCGCTTCATCTCAGTGGGCTACGTGGACGACACGCAGTTCGTGCGGTTCGACAGCGACGCCGCGAGTCCGAGAGGGGAGCCCCGGGCGCCGTGGGTGGAGCAGGAGGGGCCGGAGTATTGGGACCGGGAGACACAGAAGTACAAGCGCCAGGCACAGGCTGACCGAGTGAACCTGCGGAAACTGCGCGGCTACTACAACCAGAGCGAGGACC,GGTCTCACACCCTCCAGTGGATGTATGGCTGCGACCTGGGGCCCGACGGGCGCCTCCTCCGCGGGTATGACCAGTCCGCCTACGACGGCAAGGATTACATCGCCCTGAACGAGGACCTGCGCTCCTGGACCGCCGCGGACACGGCGGCTCAGATCACCCAGCGCAAGTGGGAGGCGGCCCGTGAGGCGGAGCAGTGGAGAGCCTACCTGGAGGGCACGTGCGTGGAGTGGCTCCGCAGATACCTGGAGAACGGGAAGGAGACGCTGCAGCGCGCGG
C*06:54,GCTCCCACTCCATGAGGTATTTCGACACCGCCGTGTCCCGGCCCGGCCGCGGAGAGCCCCGCTTCATCTCAGTGGGCTACGTGGACGACACGCAGTTCGTGCGGTTCGACAGCGACGCCGCGAGTCCGAGAGGGGAGCCCCGGGCGCCGTGGGTGGAGCAGGAGGGGCCGGAGTATTGGGACCGGGAGACACAGAAGTACAAGCGCCAGGCACAGGCTGACCGAGTGAACCTGCGGAAACTGCGCGGCTACTACAACCAGAGCGAGGACG,GGTCTCACACCCTCCAGTGGATGTATGGCTGCGACCTGGGGCCCGACGGGCGCCTCCTCCGCGGGTATGACCAGTCCGCCTACGACGGCAAGGATTACATCGCCCTGAACGAGGACCTGCGCTCCTGGACCGCCGCGGACACGGCGGCTCAGATCACCCAGCGCAAGTGGGAGGCGGCCCGTGAGGCGGAGCAGTGGAGAGCCTACCTGGAGGGCACGTGCGTGGAGTGGCTCCGCAGATACCTGGAGAAGGGGAAGGAGACGCTGCAGCGCGCGG
C*06:56,GCTCCCACTCCATGAGGTATTTCGACACCGCCGTGTCCCGGCCCGGCCGCGGAGAGCCCCGCTTCATCTCAGTGGGCTACGTGGACGACACGCAGTTCGTGCGGTTCGACAGCGACGCCGCGAGTCCGAGAGGGGAGCCCCGGGCGCCGTGGGTGGAGCAGGAGGGGCCGGAGTATTGGGACCGGGAGACACAGAAGTACAAGCGCCAGGCACAGGCTGACCGAGTGAACCTGCGGAAACTGCGCGGCTACTACAACCAGAGCGAGGACG,GGTCTCACACCCTCCAGTGGATGTATGGCTGCGACCTGGGGCCCGACGGGCGCCTCCTCCGCGGGTATGACCAGTCCGCCTACGACAGCAAGGATTACATCGCCCTGAACGAGGACCTGCGCTCCTGGACCGCCGCGGACACGGCGGCTCAGATCACCCAGCGCAAGTGGGAGGCGGCCCGTGAGGCGGAGCAGTGGAGAGCCTACCTGGAGGGCACGTGCGTGGAGTGGCTCCGCAGATACCTGGAGAACGGGAAGGAGACGCTGCAGCGCGCGG
C*06:57,GCTCCCACTCCATGAGGTATTTCGACACCGCCGTGTCCCGGCCCGGCCGCGGAGAGCCCCGCTTCATCTCAGTGGGCTACGTGGACGACACGCAGTTCGTGCGGTTCGACAGCGACGCCGCGAGTCCGAGAGGGGAGCCCCGGGCGCCGTGGGTGGAGCAGGAGGGGCCGGAGTATTGGGACCGGGAGACACAGAAGTACAAGCGCCAGGCACAGGCTGACCGAGTGAACCTGCGGAAACTGCGCGGCTACTACAACCAGAGCGAGGACG,GGTCTCACACCCTCCAGTGGATGTATGGCTGCGACCTGGGGCCCGACGGGCGCCTCCTCCGCGGGTATGACCAGTCCGCCTACGACGGCAAGGATTACATCGCCCTGAACGAGGGCCTGCGCTCCTGGACCGCCGCGGACACGGCGGCTCAGATCACCCAGCGCAAGTGGGAGGCGGCCCGTGAGGCGGAGCAGTGGAGAGCCTACCTGGAGGGCACGTGCGTGGAGTGGCTCCGCAGATACCTGGAGAACGGGAAGGAGACGCTGCAGCGCGCGG
C*06:58,GCTCCCACTCCATGAGGTATTTCGACACCGCCGTGTCCCGGCCCGGCCGCGGAGAGCCCCGCTTCATCTCAGTGGGCTACGTGGACGACACGCAGTTCGTGCGGTTCGACAGCGACGCCGCGAGTCCGAGAGGGGAGCCCCGGGCGCCGTGGGTGGAGCAGGAGGGGCCGGAGTATTGGGACCGGGAGACACAGAAGTACAAGCGCCAGGCACAGGCTGACCGAGTGAACCTGCGGAAACTGCGCGGCTACTACAACCAGAGCGAGGACG,GGTCTCACACCCTCCAGTGGATATATGGCTGCGACCTGGGGCCCGACGGGCGCCTCCTCCGCGGGTATGACCAGTCCGCCTACGACGGCAAGGATTACATCGCCCTGAACGAGGACCTGCGCTCCTGGACCGCCGCGGACACGGCGGCTCAGATCACCCAGCGCAAGTGGGAGGCGGCCCGTGAGGCGGAGCAGTGGAGAGCCTACCTGGAGGGCACGTGCGTGGAGTGGCTCCGCAGATACCTGGAGAACGGGAAGGAGACGCTGCAGCGCGCGG
C*06:59,GCTCCCACTCCATGAGGTATTTCGACACCGCCGTGTCCCGGCCCGGCCGCGGAGAGCCCCGCTTCATCTCAGTGGGCTACGTGGACGACACGCAGTTCGTGCGGTTCGACAGCGACGCCGCGAGTCCGAGAGGGGAGCCCCGGGCGCCGTGGGTGGAGCAGGAGGGGCCGGAGTATTGGGACCGGGAGACACAGAAGTACAAGCGCCAGGCACAGGCTGACCGAGTGAACCTGCGGAAACTGCGCGGCTACTACAACCAGAGCGAGGACG,GGTCTCACACCCTCCAGTGGATGTATGGCTGCGACCTGGGGCCCGACGGGCGCCTCCTCCGCGGGTATGACCAGTCCGCCTACGACGGCAAGGATTACATCGCCCTGAACGAGGACCTGCGCTCCTGGACCGCCGCGGACACGGCGGCTCAGATCACCCAGCGCAAGTGGGAGGCGGCCCGTGAGGCGCAGCAGTGGAGAGCCTACCTGGAGGGCACGTGCGTGGAGTGGCTCCGCAGATACCTGGAGAACGGGAAGGAGACGCTGCAGCGCGCGG
C*06:60,GCTCCCACTCCATGAGGTATTTCGACACCGCCGTGTCCCGGCCCGGCCGCGGAGAGCCCCGCTTCATCTCAGTGGGCTACGTGGACCACACGCAGTTCGTGCGGTTCGACAGCGACGCCGCGAGTCCGAGAGGGGAGCCCCGGGCGCCGTGGGTGGAGCAGGAGGGGCCGGAGTATTGGGACCGGGAGACACAGAAGTACAAGCGCCAGGCACAGGCTGACCGAGTGAACCTGCGGAAACTGCGCGGCTACTACAACCAGAGCGAGGACG,GGTCTCACACCCTCCAGTGGATGTATGGCTGCGACCTGGGGCCCGACGGGCGCCTCCTCCGCGGGTATGACCAGTCCGCCTACGACGGCAAGGATTACATCGCCCTGAACGAGGACCTGCGCTCCTGGACCGCCGCGGACACGGCGGCTCAGATCACCCAGCGCAAGTGGGAGGCGGCCCGTGAGGCGGAGCAGTGGAGAGCCTACCTGGAGGGCACGTGCGTGGAGTGGCTCCGCAGATACCTGGAGAACGGGAAGGAGACGCTGCAGCGCGCGG
C*06:61,GCTCCCACTCCATGAGGTATTTCGACACCGCCGTGTCCCGGCCCGGCCGCGGAGAGCCCCGCTTCATCTCAGTGGGCTACGTGGACGACACGCAGTTCGTGCGGTTCGACAGCGACGCCGCGAGTCCGAGAGGGGAGCCCCGGGCGCCGTGGGTGGAGCAGGAGGGGCCGGAGTATTGGGACCGGGAGACACAGAAGTACAAGCGCCAGGCACAGGCTGACCCAGTGAACCTGCGGAAACTGCGCGGCTACTACAACCAGAGCGAGGACG,GGTCTCACACCCTCCAGTGGATGTATGGCTGCGACCTGGGGCCCGACGGGCGCCTCCTCCGCGGGTATGACCAGTCCGCCTACGACGGCAAGGATTACATCGCCCTGAACGAGGACCTGCGCTCCTGGACCGCCGCGGACACGGCGGCTCAGATCACCCAGCGCAAGTGGGAGGCGGCCCGTGAGGCGGAGCAGTGGAGAGCCTACCTGGAGGGCACGTGCGTGGAGTGGCTCCGCAGATACCTGGAGAACGGGAAGGAGACGCTGCAGCGCGCGG
C*06:62,GCTCCCACTCCATGAGGTATTTCGACACCGCCGTGTCCCGGCCCGGCCGCGGAGAGCCCCGCTTCATCTCAGTGGGCTACGTGGACGACACGCAGTTCGTGCGGTTCGACAGCGACGCCGCGAGTCCGAGAGGGGAGCCCCGGGCGCCGTGGGTGGAGCAGGAGGGGCCGGAGTATTGGGACCGGGAGACACAGAAGTACAAGCGCCAGGCACAGGCTGACCGAGTGAACCTGCGGAAACTGCGCGGCTACTACAACCAGAGCGAGGACG,GGTCTCACACCCTCCAGTGGATGTATGGCTGCGACCTGGGGCCCGACGGGCGCCTCCTCCGCGGGTATGACCAGTCCGCCTACGACGGCAAGGATTACATCGCCCTGAACGAGGACCTGCGCTCCTGGACCGCCGCGGACATGGCGGCTCAGATCACCCAGCGCAAGTGGGAGGCGGCCCGTGAGGCGGAGCAGTGGAGAGCCTACCTGGAGGGCACGTGCGTGGAGTGGCTCCGCAGATACCTGGAGAACGGGAAGGAGACGCTGCAGCGCGCGG
C*06:63,GCTCCCACTCCATGAGGTATTTCGACACCGCCGTGTCCCGGCCCGGCCGCGGAGAGCCCCGCTTCATCTCAGTGGGCTACGTGGACGACACGCAGTTCGTGCGGTTCGACAGCGACGCCGCGAGTCCGAGAGGGGAGCCCCGGGCGCCGTGGGTGGAGCAGGAGGGGCCGGAGTATTGGGACCGGGAGACACAGAAGTACAAGCGCCAGGCACAGGCTGACCGAGTGAACCTGCGGAAACTGCGCGGCTACTACAACCAGAGCGAGGACG,GGTCTCACACCCTCCAGTGGATGTATGGCTGCGACCTGGGGCCCGACGGGCGCCTCCTCCGCGGGTATGACCAGTCCGCCTACGACGGCAAGGATTACATCGCCCTGAACGAGGACCTGCGCTCCTGGACCGCCGCGGACACGGCGGCTCAGATCACCCAGCGCAAGTGGGAGGCGGCCCGTGAGGCGGAGCAGTGGAGAGCCTACCTGGAGGGCACGTGCGTGGAGTGGCTCCGCAGATACCCGGAGAACGGGAAGGAGACGCTGCAGCGCGCGG
C*06:64,GCTCCCACTCCATGAGGTATTTCGACACCGCCGTGTCCCGGCCCGGCCGCGGAGAGCCCCGCTTCATCTCAGTGGGCTACGTGGGCGACACGCAGTTCGTGCGGTTCGACAGCGACGCCGCGAGTCCGAGAGGGGAGCCCCGGGCGCCGTGGGTGGAGCAGGAGGGGCCGGAGTATTGGGACCGGGAGACACAGAAGTACAAGCGCCAGGCACAGGCTGACCGAGTGAACCTGCGGAAACTGCGCGGCTACTACAACCAGAGCGAGGACG,GGTCTCACACCCTCCAGTGGATGTATGGCTGCGACCTGGGGCCCGACGGGCGCCTCCTCCGCGGGTATGACCAGTCCGCCTACGACGGCAAGGATTACATCGCCCTGAACGAGGACCTGCGCTCCTGGACCGCCGCGGACACGGCGGCTCAGATCACCCAGCGCAAGTGGGAGGCGGCCCGTGAGGCGGAGCAGTGGAGAGCCTACCTGGAGGGCACGTGCGTGGAGTGGCTCCGCAGATACCTGGAGAACGGGAAGGAGACGCTGCAGCGCGCGG
C*06:65,GCTCCCACTCCATGAGGTATTTCGACACCGCCGTGTCCCGGCCCGGCCGCGGAGAGCCCCGCTTCATCTCAGTGGGCTACGTGGACGACACGCAGTTCGTGCGGTTCGACAGCGACGCCGCGAGTCCGAGAGGGGAGCCCCGGGCGCCGTGGGTGGAGCAGGAGGGGCCGGAGTATTGGGACCGGGAGACACAGAAGTACAAGCGCCAGGCACATGCTGACCGAGTGAACCTGCGGAAACTGCGCGGCTACTACAACCAGAGCGAGGACG,GGTCTCACACCCTCCAGTGGATGTATGGCTGCGACCTGGGGCCCGACGGGCGCCTCCTCCGCGGGTATGACCAGTCCGCCTACGACGGCAAGGATTACATCGCCCTGAACGAGGACCTGCGCTCCTGGACCGCCGCGGACACGGCGGCTCAGATCACCCAGCGCAAGTGGGAGGCGGCCCGTGAGGCGGAGCAGTGGAGAGCCTACCTGGAGGGCACGTGCGTGGAGTGGCTCCGCAGATACCTGGAGAACGGGAAGGAGACGCTGCAGCGCGCGG
C*06:66,GCTCCCACTCCATGAGGTATTTCGACACCGCCGTGTCCCGGCCCGGCCGCGGAGAGCCCCGCTTCATCTCAGTGGGCTACGTGGACGACACGCAGTTCGTGCGGTTCGACAGCGACGCCGCGAGTCCGAGAGGGGAGCCCCGGGCGCCGTGGGTGGAGCAGGAGGGGCCGGAGTATTGGGACCGGGAGACACAGAAGTACAAGCGCCAGGCACAGGCTGACCGAGTGAACCTGCGGAAACTGCGCGGCTACTACAACCAGAGCGAGGACG,GGTCTCACACCCTCCAGTGGATGTATGGCTGCGACCTGGGGCCCGACGGGCGCCTCCTCCGCGGGTATGACCAGTCCGCCTACGACGGCAAGGATTACATCGCCCTGAACGAGGACCTGCGCTCCTGGACCGCCGCGGACACGGCGGCTCAGATCACCCAGCGCAAGTGGGAGGCGGCCTGTGAGGCGGAGCAGTGGAGAGCCTACCTGGAGGGCACGTGCGTGGAGTGGCTCCGCAGATACCTGGAGAACGGGAAGGAGACGCTGCAGCGCGCGG
C*06:67,GCTCCCACTCCATGAGGTATTTCGACACCGCCGTGTCCCGGCCCGGCCGCGGAGAGCCCCGCTTCATCTCAGTGGGCTACGTGGACGACACGCAGTTCGTGCAGTTCGACAGCGACGCCGCGAGTCCGAGAGGGGAGCCCCGGGCGCCGTGGGTGGAGCAGGAGGGGCCGGAGTATTGGGACCGGGAGACACAGAAGTACAAGCGCCAGGCACAGGCTGACCGAGTGAACCTGCGGAAACTGCGCGGCTACTACAACCAGAGCGAGGACG,GGTCTCACACCCTCCAGTGGATGTATGGCTGCGACCTGGGGCCCGACGGGCGCCTCCTCCGCGGGTATGACCAGTCCGCCTACGACGGCAAGGATTACATCGCCCTGAACGAGGACCTGCGCTCCTGGACCGCCGCGGACACGGCGGCTCAGATCACCCAGCGCAAGTGGGAGGCGGCCCGTGAGGCGGAGCAGTGGAGAGCCTACCTGGAGGGCACGTGCGTGGAGTGGCTCCGCAGATACCTGGAGAACGGGAAGGAGACGCTGCAGCGCGCGG
C*06:68,GCTCCCACTCCATGAGGTATTTCGACACCGCCGTGTCCCGGCCCGGCCGCGGAGAGCTCCGCTTCATCTCAGTGGGCTACGTGGACGACACGCAGTTCGTGCGGTTCGACAGCGACGCCGCGAGTCCGAGAGGGGAGCCCCGGGCGCCGTGGGTGGAGCAGGAGGGGCCGGAGTATTGGGACCGGGAGACACAGAAGTACAAGCGCCAGGCACAGGCTGACCGAGTGAACCTGCGGAAACTGCGCGGCTACTACAACCAGAGCGAGGACG,GGTCTCACACCCTCCAGTGGATGTATGGCTGCGACCTGGGGCCCGACGGGCGCCTCCTCCGCGGGTATGACCAGTCCGCCTACGACGGCAAGGATTACATCGCCCTGAACGAGGACCTGCGCTCCTGGACCGCCGCGGACACGGCGGCTCAGATCACCCAGCGCAAGTGGGAGGCGGCCCGTGAGGCGGAGCAGTGGAGAGCCTACCTGGAGGGCACGTGCGTGGAGTGGCTCCGCAGATACCTGGAGAACGGGAAGGAGACGCTGCAGCGCGCGG
C*06:69,GCTCCCACTCCATGAGGTATTTCGACACCGCCGTGTCCCGGCCCGGCCGCGGAGAGCCCCGCTTCATCTCAGTGGGCTACGTGGACGACACGCAGTTCGTGCGGTTCGACAGCGACGCCGCGAGTCCGAGAGGGGAGCCCCGGGCGCCGTGGGTGGAGCAGGAGGGGCCGGAGTATTGGGACCGGGAGACACAGAAGTACAAGCGCCAGGCACAGGCTGACCGAGAGAACCTGCGGAAACTGCGCGGCTACTACAACCAGAGCGAGGACG,GGTCTCACACCCTCCAGTGGATGTATGGCTGCGACCTGGGGCCCGACGGGCGCCTCCTCCGCGGGTATGACCAGTCCGCCTACGACGGCAAGGATTACATCGCCCTGAACGAGGACCTGCGCTCCTGGACCGCCGCGGACACGGCGGCTCAGATCACCCAGCGCAAGTGGGAGGCGGCCCGTGAGGCGGAGCAGTGGAGAGCCTACCTGGAGGGCACGTGCGTGGAGTGGCTCCGCAGATACCTGGAGAACGGGAAGGAGACGCTGCAGCGCGCGG
C*06:70,GCTCCCACTCCATGAGGTATTTCGACACCGCCGTGTCCCGGCCCGGCCGCGGAGAGCCCCACTTCATCTCAGTGGGCTACGTGGACGACACGCAGTTCGTGCGGTTCGACAGCGACGCCGCGAGTCCGAGAGGGGAGCCCCGGGCGCCGTGGGTGGAGCAGGAGGGGCCGGAGTATTGGGACCGGGAGACACAGAAGTACAAGCGCCAGGCACAGGCTGACCGAGTGAACCTGCGGAAACTGCGCGGCTACTACAACCAGAGCGAGGACG,GGTCTCACACCCTCCAGTGGATGTATGGCTGCGACCTGGGGCCCGACGGGCGCCTCCTCCGCGGGTATGACCAGTCCGCCTACGACGGCAAGGATTACATCGCCCTGAACGAGGACCTGCGCTCCTGGACCGCCGCGGACACGGCGGCTCAGATCACCCAGCGCAAGTGGGAGGCGGCCCGTGAGGCGGAGCAGTGGAGAGCCTACCTGGAGGGCACGTGCGTGGAGTGGCTCCGCAGATACCTGGAGAACGGGAAGGAGACGCTGCAGCGCGCGG
C*06:71,GCTCCCACTCCATGAGGTATTTCGACACCGCCGTGTCCCGGCCCGGCCGCGGAGAGCCCCGCTTCATCTCAGTGGGCTACGTGGACGACACGCAGTTCGTGCGGTTCGACAGCGACGCCGCGAGTCCGAGAGGGGAGCCCCGGGCGCCGTGGGTGGAGCAGGAGGGGCCGGAGTATTGGGACCCGGAGACACAGAAGTACAAGCGCCAGGCACAGGCTGACCGAGTGAACCTGCGGAAACTGCGCGGCTACTACAACCAGAGCGAGGACG,GGTCTCACACCCTCCAGTGGATGTATGGCTGCGACCTGGGGCCCGACGGGCGCCTCCTCCGCGGGTATGACCAGTCCGCCTACGACGGCAAGGATTACATCGCCCTGAACGAGGACCTGCGCTCCTGGACCGCCGCGGACACGGCGGCTCAGATCACCCAGCGCAAGTGGGAGGCGGCCCGTGAGGCGGAGCAGTGGAGAGCCTACCTGGAGGGCACGTGCGTGGAGTGGCTCCGCAGATACCTGGAGAACGGGAAGGAGACGCTGCAGCGCGCGG
C*06:72,GCTCCCACTCCATGAGGTATTTCGACACCGCCGTGTCCCGGCCCGGCCGCGGAGAGCCCCGCTTCATCTCAGTGGGCTACGTGGACGACACGCAGTTCGTGCGGTTCGACAGCGACGCCGCGAGTCCGAGAGGGGAGCCCCGGGCGCCGTGGGTGGAGCAGGAGGGGCCGGAGTATTGGGACCGGGAGACACAGAAGTACAAGCGCCAGGCACAGGCTGACCGAGTGAACCTGCGGAAACTGCGCGGCTACTACAACCAGAGCGAGGACG,GGTCTCACATCATCCAGGTGATGTATGGCTGCGACCTGGGGCCCGACGGGCGCCTCCTCCGCGGGTATGACCAGTCCGCCTACGACGGCAAGGATTACATCGCCCTGAACGAGGACCTGCGCTCCTGGACCGCCGCGGACACGGCGGCTCAGATCACCCAGCGCAAGTGGGAGGCGGCCCGTGAGGCGGAGCAGTGGAGAGCCTACCTGGAGGGCACGTGCGTGGAGTGGCTCCGCAGATACCTGGAGAACGGGAAGGAGACGCTGCAGCGCGCGG
C*06:74,GCTCCCACTCCATGAGGTATTTCGACACCGCCGTGTCCCGGCCCGGCCGCGGAGAGCCCCGCTTCATCTCAGTGGGCTACGTGGACGACACGCAGTTCGTGCGGTTCGACAGCGACGCCGCGAGTCCGAGAGGGGAGCCCCGGGCGCCGTGGGTGGAGCAGGAGGGGCCGGAGTATTGGGACCGGGAGACACAGAAGTACAAGCGCCAGGCACAGGCTGACCGAGTGAACCTGCGGAAACTGCGCGGCTACTACAACCAGAGCGAGGACG,GGTCTCACACCCTCCAGTGGATGTATGGCTGCGACCTGGGGCCCGACGGGCGCCTCCTCCGCGGGTATGACCAGTCCGCCTACGACGGCAAGGATTACATCGCCCTGAACGAGGACCTGCGCTCCTGGACCGCCGCGGACACGGCGGCTCAGATCACCCAGCGCAAGTGGGAGGCGGCCCGTGAGGCGGAGCAGTGGAGAGCCTACCTGGAGGGCACGGGCGTGGAGTGGCTCCGCAGATACCTGGAGAACGGGAAGGAGACGCTGCAGCGCGCGG
C*06:75,GCTCCCACTCCATGAGGTATTTCGACACCGCCGTGTCCCGGCCCGGCCGCGGAGAGCCCCGCTTCATCTCAGTGGGCTACGTGGACTACACGCAGTTCGTGCGGTTCGACAGCGACGCCGCGAGTCCGAGAGGGGAGCCCCGGGCGCCGTGGGTGGAGCAGGAGGGGCCGGAGTATTGGGACCGGGAGACACAGAAGTACAAGCGCCAGGCACAGGCTGACCGAGTGAACCTGCGGAAACTGCGCGGCTACTACAACCAGAGCGAGGACG,GGTCTCACACCCTCCAGTGGATGTATGGCTGCGACCTGGGGCCCGACGGGCGCCTCCTCCGCGGGTATGACCAGTCCGCCTACGACGGCAAGGATTACATCGCCCTGAACGAGGACCTGCGCTCCTGGACCGCCGCGGACACGGCGGCTCAGATCACCCAGCGCAAGTGGGAGGCGGCCCGTGAGGCGGAGCAGTGGAGAGCCTACCTGGAGGGCACGTGCGTGGAGTGGCTCCGCAGATACCTGGAGAACGGGAAGGAGACGCTGCAGCGCGCGG
C*06:76:01,GCTCCCACTCCATGAGGTATTTCTACACCGCCGTGTCCCGGCCCGGCCGCGGAGAGCCCCGCTTCATCGCAGTGGGCTACGTGGACGACACGCAGTTCGTGCGGTTCGACAGCGACGCCGCGAGTCCGAGAGGGGAGCCCCGGGCGCCGTGGGTGGAGCAGGAGGGGCCGGAGTATTGGGACCGGGAGACACAGAAGTACAAGCGCCAGGCACAGGCTGACCGAGTGAACCTGCGGAAACTGCGCGGCTACTACAACCAGAGCGAGGACG,GGTCTCACACCCTCCAGTGGATGTATGGCTGCGACCTGGGGCCCGACGGGCGCCTCCTCCGCGGGTATGACCAGTCCGCCTACGACGGCAAGGATTACATCGCCCTGAACGAGGACCTGCGCTCCTGGACCGCCGCGGACACGGCGGCTCAGATCACCCAGCGCAAGTGGGAGGCGGCCCGTGAGGCGGAGCAGTGGAGAGCCTACCTGGAGGGCACGTGCGTGGAGTGGCTCCGCAGATACCTGGAGAACGGGAAGGAGACGCTGCAGCGCGCGG
C*06:76:02,GCTCCCACTCCATGAGGTATTTCTACACCGCCGTGTCCCGGCCCGGCCGCGGAGAGCCCCGCTTCATCGCAGTGGGCTACGTGGACGACACGCAGTTCGTGCGGTTCGACAGCGACGCCGCGAGTCCAAGAGGGGAGCCGCGGGCGCCGTGGGTGGAGCAGGAGGGGCCGGAGTATTGGGACCGGGAGACACAGAAGTACAAGCGCCAGGCACAGGCTGACCGAGTGAACCTGCGGAAACTGCGCGGCTACTACAACCAGAGCGAGGACG,GGTCTCACACCCTCCAGTGGATGTATGGCTGCGACCTGGGGCCCGACGGGCGCCTCCTCCGCGGGTATGACCAGTCCGCCTACGACGGCAAGGATTACATCGCCCTGAACGAGGACCTGCGCTCCTGGACTGCCGCGGACACGGCGGCTCAGATCACCCAGCGCAAGTGGGAGGCGGCCCGTGAGGCGGAGCAGTGGAGAGCCTACCTGGAGGGCACGTGCGTGGAGTGGCTCCGCAGATACCTGGAGAACGGGAAGGAGACGCTGCAGCGCGCGG
C*06:77,GCTCCCACTCCATGAGGTATTTCCACACCGCCGTGTCCCGGCCCGGCCGCGGAGAGCCCCGCTTCATCTCAGTGGGCTACGTGGACGACACGCAGTTCGTGCGGTTCGACAGCGACGCCGCGAGTCCGAGAGGGGAGCCCCGGGCGCCGTGGGTGGAGCAGGAGGGGCCGGAGTATTGGGACCGGGAGACACAGAAGTACAAGCGCCAGGCACAGGCTGACCGAGTGAACCTGCGGAAACTGCGCGGCTACTACAACCAGAGCGAGGACG,GGTCTCACACCCTCCAGTGGATGTATGGCTGCGACCTGGGGCCCGACGGGCGCCTCCTCCGCGGGTATGACCAGTCCGCCTACGACGGCAAGGATTACATCGCCCTGAACGAGGACCTGCGCTCCTGGACCGCCGCGGACACGGCGGCTCAGATCACCCAGCGCAAGTGGGAGGCGGCCCGTGAGGCGGAGCAGTGGAGAGCCTACCTGGAGGGCACGTGCGTGGAGTGGCTCCGCAGATACCTGGAGAACGGGAAGGAGACGCTGCAGCGCGCGG
C*06:78,GCTCCCACTCCATGAGGTATTTCGACACCGCCGTGTCCCGGCCCGGCCGCGGAGAGCCCCGCTTCATCTCAGTGGACTACGTGGACGACACGCAGTTCGTGCGGTTCGACAGCGACGCCGCGAGTCCGAGAGGGGAGCCCCGGGCGCCGTGGGTGGAGCAGGAGGGGCCGGAGTATTGGGACCGGGAGACACAGAAGTACAAGCGCCAGGCACAGGCTGACCGAGTGAACCTGCGGAAACTGCGCGGCTACTACAACCAGAGCGAGGACG,GGTCTCACACCCTCCAGTGGATGTATGGCTGCGACCTGGGGCCCGACGGGCGCCTCCTCCGCGGGTATGACCAGTCCGCCTACGACGGCAAGGATTACATCGCCCTGAACGAGGACCTGCGCTCCTGGACCGCCGCGGACACGGCGGCTCAGATCACCCAGCGCAAGTGGGAGGCGGCCCGTGAGGCGGAGCAGTGGAGAGCCTACCTGGAGGGCACGTGCGTGGAGTGGCTCCGCAGATACCTGGAGAACGGGAAGGAGACGCTGCAGCGCGCGG
C*06:79N,GCTCCCACTCCATGAGGTATTTCGACACCGCCGTGTCCCGGCCCGGCCGCGGAGAGCCCCGCTTCATCTCAGTGGGCTACGTGGACGACACGCAGTTCGTGCGGTTCGACAGCGACGCCGCGAGTCCGAGAGGGGAGCCCCGGGCGCCGTGGGTGGAGCAGGAGGGGCCGGAGTATTGGGACCGGGAGACACAGAAGTACAAGCGCCAGGCACAGGCTGACCGAGTGAACCTGCGGAAACTGCGCGGCTACTACAACCAGAGCGAGGACG,GGTCTCACACCCTCCAGTGGATGTATGGCTGCGACCTGGGGCCCGACGGGCGCCTCCTCCGCGGGTATGACCAGTCCGCCTACGACGGCAAGGATTACATCGCCCTGAACGAGGACCTGCGCTCCTGGACCGCCGCGGACACGGCGGCTCAGATCACCCAGCGCAAGTGGGAGGCGGCCCGTGAGGCGGAGCAGTGAAGAGCCTACCTGGAGGGCACGTGCGTGGAGTGGCTCCGCAGATACCTGGAGAACGGGAAGGAGACGCTGCAGCGCGCGG
C*06:80,GCTCCCACTCCATGAGGTATTTCGACACCGCCGTGTCCCGGCCCGGCCGCGGAGAGCCCCGCTTCATCTCAGTGGGCTACGTGGACGACACGCAGTTCGTGCGGTTCGACAGCGACGCCGCGAGTCCGAGAGGGGAGCCCCGGGCGCCGTGGGTGGAGCAGGAGGGGCCGGAGTATTGGGACCGGGAGACACAGAAGTACAAGCGCCAGGCACAGGCTGACCGAGTGAACCTGCGGAAACTGCGCGGCTACTACAACCAGAGCGAGGACG,GGTCTCACACCCTCCAGTGGATGTATGGCTGCGACCTGGGGCCCGACGGGCGCCTCCTCCGCGGGTATGACCAGTCCGCCTACGACGGCAAGGATTACATCGCCCTGAACGAGGACCTGCGCTCCTGGACCGCCGCGGACACGGCGGCTCAGATCACCCAGCGCAAGTGGGAGGCGGCCCGTGAGGCGGAGCAGTGGAGAGCCTACCTGGAGGGCACGTGCGTGGAGTGGCTCCGCAGATACCTGGAGAACGGGAAGGAGACGCTGCAGCGCGTGG
C*06:81,GCTCCCACTCCATGAGGTATTTCGACACCGCCGTGTCCCGGCCCGGCCGCGGAGAGCCCCGCTTCATCTCAGTGGGCTACGTGGACGACACGCAGTTCGTGCGGTTCGACAGCGACGCCGCGAGTCCGAGAGGGGAGCCCCGGGCGCCGTGGGTGGAGCAGGAGGGGCCGGAGTATTGGGACCGGGAGACACAGAAGTACAAGCGCCAGGCACAGGCTGACCGAGTGAACCTGCGGAAACTGCGCGGCTACTACAACCAGAGCGAGGACG,GGTCTCACACCCTCCGGTGGATGTATGGCTGCGACCTGGGGCCCGACGGGCGCCTCCTCCGCGGGTATGACCAGTCCGCCTACGACGGCAAGGATTACATCGCCCTGAACGAGGACCTGCGCTCCTGGACCGCCGCGGACACGGCGGCTCAGATCACCCAGCGCAAGTGGGAGGCGGCCCGTGAGGCGGAGCAGTGGAGAGCCTACCTGGAGGGCACGTGCGTGGAGTGGCTCCGCAGATACCTGGAGAACGGGAAGGAGACGCTGCAGCGCGCGG
C*06:82,GCTCCCACTCCATGAGGTATTTCGACACCGCCGTGTCCCGGCCCGGCCGCGGAGAGCCCCGCTTCATCTCAGTGGGCTACGTGGACGACACGCAGTTCGTGCGGTTCGACAGCGACGCCGCGAGTCCGAGAGGGGAGCCCCGGGCGCCGTGGGTGGAGCAGGAGGGGCCGGAGTATTGGGACCGGGAGACACAGAAGTACAAGCGCCAGGCACAGGCTGACCGAGTGAACCTGCGGAACCTGCGCGGCTACTACAACCAGAGCGAGGACG,GGTCTCACACCCTCCAGTGGATGTATGGCTGCGACCTGGGGCCCGACGGGCGCCTCCTCCGCGGGTATGACCAGTCCGCCTACGACGGCAAGGATTACATCGCCCTGAACGAGGACCTGCGCTCCTGGACCGCCGCGGACACGGCGGCTCAGATCACCCAGCGCAAGTGGGAGGCGGCCCGTGAGGCGGAGCAGTGGAGAGCCTACCTGGAGGGCACGTGCGTGGAGTGGCTCCGCAGATACCTGGAGAACGGGAAGGAGACGCTGCAGCGCGCGG
C*06:84,GCTCCCACTCCATGAGGTATTTCGACACCGCCGTGTCCCGGCCCGGCCGCGGAGAGCCCCGCTTCATCTCAGTGGGCTACATGGACGACACGCAGTTCGTGCGGTTCGACAGCGACGCCGCGAGTCCGAGAGGGGAGCCCCGGGCGCCGTGGGTGGAGCAGGAGGGGCCGGAGTATTGGGACCGGGAGACACAGAAGTACAAGCGCCAGGCACAGGCTGACCGAGTGAACCTGCGGAAACTGCGCGGCTACTACAACCAGAGCGAGGACG,GGTCTCACACCCTCCAGTGGATGTATGGCTGCGACCTGGGGCCCGACGGGCGCCTCCTCCGCGGGTATGACCAGTCCGCCTACGACGGCAAGGATTACATCGCCCTGAACGAGGACCTGCGCTCCTGGACCGCCGCGGACACGGCGGCTCAGATCACCCAGCGCAAGTGGGAGGCGGCCCGTGAGGCGGAGCAGTGGAGAGCCTACCTGGAGGGCACGTGCGTGGAGTGGCTCCGCAGATACCTGGAGAACGGGAAGGAGACGCTGCAGCGCGCGG
C*06:85,GCTCCCACTCCATGAGGTATTTCGACACCGCCGTGTCCCGGCCCGGCCGCGGAGAGCCCCGCTTCATCTCAGTGGGCTACGTGGACGACACGCAGTTCGTGCGGTTCGACAGCGACGCCGCGAGTCCGAGAGGGGAGCCCCGGGCGCCGTGGGTGGAGCAGGAGGGGCTGGAGTATTGGGACCGGGAGACACAGAAGTACAAGCGCCAGGCACAGGCTGACCGAGTGAACCTGCGGAAACTGCGCGGCTACTACAACCAGAGCGAGGACG,GGTCTCACACCCTCCAGTGGATGTATGGCTGCGACCTGGGGCCCGACGGGCGCCTCCTCCGCGGGTATGACCAGTCCGCCTACGACGGCAAGGATTACATCGCCCTGAACGAGGACCTGCGCTCCTGGACCGCCGCGGACACGGCGGCTCAGATCACCCAGCGCAAGTGGGAGGCGGCCCGTGAGGCGGAGCAGTGGAGAGCCTACCTGGAGGGCACGTGCGTGGAGTGGCTCCGCAGATACCTGGAGAACGGGAAGGAGACGCTGCAGCGCGCGG
C*06:86,GCTCCCACTCCATGAGGTATTTCGACACCGCCGTGTCCCGGCCCGGCCGCGGAGAGCCCCGCTTCATCTCAGTGGGCTACGTGGACGACACGCAGTTCGTGCGGTTCGACAGCGACGCCGCGAGTCCGAGAGGGGAGCCCCGGGCGCCGTGGGTGGAGCAGGAGGGGCCGGAGTATTGGGACCGGGAGACACAGAAGTACAAGCGCCAGGCACAGGCTGACCGAGTGAACCTGCGGAAACTGCGCGGCTACTACAACCAGAGCGACGACG,GGTCTCACACCCTCCAGTGGATGTATGGCTGCGACCTGGGGCCCGACGGGCGCCTCCTCCGCGGGTATGACCAGTCCGCCTACGACGGCAAGGATTACATCGCCCTGAACGAGGACCTGCGCTCCTGGACCGCCGCGGACACGGCGGCTCAGATCACCCAGCGCAAGTGGGAGGCGGCCCGTGAGGCGGAGCAGTGGAGAGCCTACCTGGAGGGCACGTGCGTGGAGTGGCTCCGCAGATACCTGGAGAACGGGAAGGAGACGCTGCAGCGCGCGG
C*06:87,GCTCCCACTCCATGAGGTATTTCGACACCGCCGTGTCCCGGCCCGGCCGCGGAGAGCCCCGCTTCATCTCAGTGGGCTACGTGGACGACACGCAGTTCGTGCGGTTCGACAGCGACGCCGCGAGTCCGAGAGGGGAGCCCCGGGCGCCGTGGGTGGAGCAGGAGGGGCCGGAGTATTGGGACCGGGAGACACAGAAGTACAAGCGCCAGGCACAGGCTGACCGAGTGAACCTGCGGAAACTGCGCGGCTACTACAACCAGAGCGAGGACG,GGTCTCACACCCTCCAGTGGATGTATGGCTGCGACCTGGGGTCCGACGGGCGCCTCCTCCGCGGGTATGACCAGTCCGCCTACGACGGCAAGGATTACATCGCCCTGAACGAGGACCTGCGCTCCTGGACCGCCGCGGACACGGCGGCTCAGATCACCCAGCGCAAGTGGGAGGCGGCCCGTGAGGCGGAGCAGTGGAGAGCCTACCTGGAGGGCACGTGCGTGGAGTGGCTCCGCAGATACCTGGAGAACGGGAAGGAGACGCTGCAGCGCGCGG
C*06:88,GCTCCCACTCCATGAGGTATTTCGACACCGCCGTGTCCCGGCCCGGCCGCGGAGAGCCCCGCTTCATCTCAGTGGGCTACGTGGACGACACGCAGTTCGTGCGGTGCGACAGCGACGCCGCGAGTCCGAGAGGGGAGCCCCGGGCGCCGTGGGTGGAGCAGGAGGGGCCGGAGTATTGGGACCGGGAGACACAGAAGTACAAGCGCCAGGCACAGGCTGACCGAGTGAACCTGCGGAAACTGCGCGGCTACTACAACCAGAGCGAGGACG,GGTCTCACACCCTCCAGTGGATGTATGGCTGCGACCTGGGGCCCGACGGGCGCCTCCTCCGCGGGTATGACCAGTCCGCCTACGACGGCAAGGATTACATCGCCCTGAACGAGGACCTGCGCTCCTGGACCGCCGCGGACACGGCGGCTCAGATCACCCAGCGCAAGTGGGAGGCGGCCCGTGAGGCGGAGCAGTGGAGAGCCTACCTGGAGGGCACGTGCGTGGAGTGGCTCCGCAGATACCTGGAGAACGGGAAGGAGACGCTGCAGCGCGCGG
C*06:89,GCTCCCACTCCATGAGGTATTTCGACACCGCCGTGTCCCGGCCCGGCCGCGGAGAGCCCCGCTTCATCTCAGTGGGCTACGTGGACGACACGCAGTTCGTGCGGTTCGACAGCGACGCCGCGAGTCCGAGAGGGGAGCCCCGGGCGCCGTGGGTGGAGCAGGAGGGGCCGGAGTATTGGGACCGGGAGACACAGAAGTACAAGCGCCAGGCACAGGCTGACCGAGTGAACCTGCGGAAACTGCGCGGCTACTACAACCAGAGCGAGGACG,GGTCTCACACCCTCCAGTGGATGTATGGCTGCGACCTGGGGCCCGACGGGCGCCTCCTCCGCGGGCATGACCAGTCCGCCTACGACGGCAAGGATTACATCGCCCTGAACGAGGACCTGCGCTCCTGGACCGCCGCGGACACGGCGGCTCAGATCACCCAGCGCAAGTGGGAGGCGGCCCGTGAGGCGGAGCAGTGGAGAGCCTACCTGGAGGGCACGTGCGTGGAGTGGCTCCGCAGATACCTGGAGAACGGGAAGGAGACGCTGCAGCGCGCGG
C*06:90,GCTCCCACTCCATGAGGTATTTCGACACCGCCGTGTCCCGGCCCGGCCGCGGAGAGCCCCGCTTCATCTCAGTGGGCTACGTGGACGACACGCAGTTCGTGCGGTTCGACAGCGACGCCGCGAGTCCGAGAGGGGAGCCCCGGGCGCCGTGGGTGGAGCAGGAGGGGCCGGAGTATTGGGACCGGGAGACACAGAAGTACAAGCGCCAGGCACAGGCTGACCGAGTGAACCTGCGGAAACTGCGCGGCTACTACAACCAGAGCGAGGACG,GGTCTCACACCCTCCAGTGGATGTATGGCTGCGACCTGGGGCCCGACGGGCGCCTCCTCCGCGGGTATGACCAGTCCGCCTACGACCGCAAGGATTACATCGCCCTGAACGAGGACCTGCGCTCCTGGACCGCCGCGGACACGGCGGCTCAGATCACCCAGCGCAAGTGGGAGGCGGCCCGTGAGGCGGAGCAGTGGAGAGCCTACCTGGAGGGCACGTGCGTGGAGTGGCTCCGCAGATACCTGGAGAACGGGAAGGAGACGCTGCAGCGCGCGG
C*06:91,GCTCCCACTCCATGAGGTATTTCGACACCGCCGTGTCCCGGCCCGGCCGCGGAGAGCCCCGCTTCATCTCAGTGGGCTACGTGGACGACACGCAGTTCGTGCGGTTCGACAGCGACGCCGCGAGTCCGAGAGGGGAGCCCCGGGCGCCGTGGGTGGAGCAGGAGGGGCCGGAGTATTGGGACCGGGAGACACAGAAGTACAAGCGCCAGGCACAGGCTGACCGAGTGAACCTGCGGAAACTGCGCGGCTACTACAACCAGAGCGAGGACG,GGTCTCACACCCTCCAGTGGATGTATGGCTGCGACCTGGGGCCCGACGGGCGCCTCCTCCGCGGGTATGACCAGTCCGCCTACGACGGCAAGGATTACATCGCCCAGAACGAGGACCTGCGCTCCTGGACCGCCGCGGACACGGCGGCTCAGATCACCCAGCGCAAGTGGGAGGCGGCCCGTGAGGCGGAGCAGTGGAGAGCCTACCTGGAGGGCACGTGCGTGGAGTGGCTCCGCAGATACCTGGAGAACGGGAAGGAGACGCTGCAGCGCGCGG
C*06:92,GCTCCCACTCCATGAGGTATTTCGACACCGCCGTGTCCCGGCCCGGCCGCGGAGAGCCCCGCTTCATCTCAGTGGGCTACGTGGACGACACGCAGTTCGTGCGGTTCGACAGCGACGCCGCGAGTCCGAGAGGGGAGCCCCGGGCGCCGTGGGTGGAGCAGGAGGGGCCGGAGTATTGGGACCGGGAGACACAGAAGTACAAGCGCCAGGCACAGGCTGACCGAGTGAACCTGCGGAAACTGCGCGGCTACTACAACCAGAGCGAGGACG,GGTCTCACACCCTCCAGTGGATGTATGGCTGCGACCTGGGGCCCGACGGGCGCCTCCTCCGCGGGTATGACCAGTCCGCCTACGACGGCAAGGATTACATCGCCCTGAACGAGGACCTGCGCTCCTGGACCGCCGCGGACAGGGCGGCTCAGATCACCCAGCGCAAGTGGGAGGCGGCCCGTGAGGCGGAGCAGTGGAGAGCCTACCTGGAGGGCACGTGCGTGGAGTGGCTCCGCAGATACCTGGAGAACGGGAAGGAGACGCTGCAGCGCGCGG
C*06:93,GCTCCCACTCCATGAGGTATTTCGACACCGCCGTGTCCCGGCCCGGCCGCGGAGAGCCCCGCTTCATCTCAGTGGGCTACGTGGACGACACGCAGTTCGTGCGGTTCGACAGCGACGCCGCGAGTCCGAGAGGGGAGCCCCGGGCGCCGTGGGTGGAGCAGGAGGGGCCGGAGTATTGGGACCGGGAGACACAGAAGTACAAGCGCCAGGCACAGGCTGACGGAGTGAACCTGCGGAAACTGCGCGGCTACTACAACCAGAGCGAGGACG,GGTCTCACACCCTCCAGTGGATGTATGGCTGCGACCTGGGGCCCGACGGGCGCCTCCTCCGCGGGTATGACCAGTCCGCCTACGACGGCAAGGATTACATCGCCCTGAACGAGGACCTGCGCTCCTGGACCGCCGCGGACACGGCGGCTCAGATCACCCAGCGCAAGTGGGAGGCGGCCCGTGAGGCGGAGCAGTGGAGAGCCTACCTGGAGGGCACGTGCGTGGAGTGGCTCCGCAGATACCTGGAGAACGGGAAGGAGACGCTGCAGCGCGCGG
C*07:01:01G,GCTCCCACTCCATGAGGTATTTCGACACCGCCGTGTCCCGGCCCGGCCGCGGAGAGCCCCGCTTCATCTCAGTGGGCTACGTGGACGACACGCAGTTCGTGCGGTTCGACAGCGACGCCGCGAGTCCGAGAGGGGAGCCGCGGGCGCCGTGGGTGGAGCAGGAGGGGCCGGAGTATTGGGACCGGGAGACACAGAACTACAAGCGCCAGGCACAGGCTGACCGAGTGAGCCTGCGGAACCTGCGCGGCTACTACAACCAGAGCGAGGACG,GGTCTCACACCCTCCAGAGGATGTATGGCTGCGACCTGGGGCCCGACGGGCGCCTCCTCCGCGGGTATGACCAGTCCGCCTACGACGGCAAGGATTACATCGCCCTGAACGAGGACCTGCGCTCCTGGACCGCCGCGGACACCGCGGCTCAGATCACCCAGCGCAAGTTGGAGGCGGCCCGTGCGGCGGAGCAGCTGAGAGCCTACCTGGAGGGCACGTGCGTGGAGTGGCTCCGCAGATACCTGGAGAACGGGAAGGAGACGCTGCAGCGCGCAG
C*07:01:03,GCTCCCACTCCATGAGGTATTTCGACACCGCCGTGTCCCGGCCCGGCCGCGGAGAGCCCCGCTTCATCTCAGTGGGCTACGTGGACGACACGCAGTTCGTGCGGTTCGACAGCGACGCCGCGAGTCCGAGAGGGGAGCCGCGGGCGCCGTGGGTGGAGCAGGAGGGGCCGGAGTATTGGGACCGGGAGACACAGAACTACAAGCGCCAGGCACAGGCTGACCGAGTGAGCCTGCGGAACCTGCGCGGCTACTACAACCAGAGCGAGGACG,GGTCTCACACCCTCCAGAGGATGTATGGTTGCGACCTGGGGCCCGACGGGCGCCTCCTCCGCGGGTATGACCAGTCCGCCTACGACGGCAAGGATTACATCGCCCTGAACGAGGACCTGCGCTCCTGGACCGCCGCGGACACCGCGGCTCAGATCACCCAGCGCAAGTTGGAGGCGGCCCGTGCGGCGGAGCAGCTGAGAGCCTACCTGGAGGGCACGTGCGTGGAGTGGCTCCGCAGATACCTGGAGAACGGGAAGGAGACGCTGCAGCGCGCAG
C*07:01:04,GCTCCCACTCCATGAGGTATTTCGACACCGCCGTGTCCCGGCCCGGCCGCGGAGAGCCCCGCTTCATCTCAGTGGGCTACGTGGACGACACGCAGTTCGTGCGGTTCGACAGCGACGCCGCGAGTCCGAGAGGGGAGCCGCGGGCGCCGTGGGTGGAGCAGGAGGGGCCGGAGTATTGGGACCGGGAGACACAGAACTACAAGCGCCAGGCACAGGCTGACCGAGTGAGCCTGCGGAACCTGCGCGGCTACTACAACCAGAGCGAGGACG,GGTCTCACACCCTCCAGAGGATGTATGGCTGCGACCTGGGGCCCGACGGGCGCCTCCTCCGCGGGTATGACCAGTCCGCCTACGACGGCAAGGATTACATCGCCCTGAACGAGGACCTGCGCTCCTGGACCGCCGCGGACACCGCGGCTCAGATCACCCAGCGCAAGTTGGAGGCGGCCCGTGCGGCGGAGCAGCTGAGAGCCTACCTGGAGGGTACGTGCGTGGAGTGGCTCCGCAGATACCTGGAGAACGGGAAGGAGACGCTGCAGCGCGCAG
C*07:01:05,GCTCCCACTCCATGAGGTATTTCGACACCGCCGTGTCCCGGCCCGGCCGCGGAGAGCCCCGCTTCATCTCAGTGGGCTACGTGGACGACACGCAGTTCGTGCGGTTCGACAGCGACGCCGCGAGTCCGAGAGGGGAGCCGCGGGCGCCGTGGGTGGAGCAGGAGGGGCCGGAGTATTGGGACCGGGAGACACAGAACTACAAGCGCCAGGCACAGGCTGACCGAGTGAGCCTGCGGAACCTGCGCGGCTACTACAACCAGAGCGAGGACG,GGTCTCACACCCTCCAGAGGATGTATGGCTGCGACCTGGGGCCCGACGGGCGCCTCCTCCGCGGGTATGACCAGTCCGCCTACGACGGCAAGGATTACATCGCCCTGAACGAGGACCTGCGCTCCTGGACCGCCGCGGACACCGCGGCTCAGATCACCCAGCGCAAGTTGGAGGCGGCCCGTGCGGCGGAGCAGCTGAGAGCCTACCTGGAGGGCACGTGCGTGGAGTGGCTCCGCAGATACCTGGAGAACGGGAAGGAGACGCTGCAGCGCGCGG
C*07:01:06,GCTCCCACTCCATGAGGTATTTCGACACCGCCGTGTCCCGGCCCGGCCGCGGAGAGCCCCGCTTCATCTCAGTGGGCTACGTGGACGACACGCAGTTCGTGCGGTTCGACAGCGACGCCGCGAGTCCGAGAGGGGAGCCGCGGGCGCCGTGGGTAGAGCAGGAGGGGCCGGAGTATTGGGACCGGGAGACACAGAACTACAAGCGCCAGGCACAGGCTGACCGAGTGAGCCTGCGGAACCTGCGCGGCTACTACAACCAGAGCGAGGACG,GGTCTCACACCCTCCAGAGGATGTATGGCTGCGACCTGGGGCCCGACGGGCGCCTCCTCCGCGGGTATGACCAGTCCGCCTACGACGGCAAGGATTACATCGCCCTGAACGAGGACCTGCGCTCCTGGACCGCCGCGGACACCGCGGCTCAGATCACCCAGCGCAAGTTGGAGGCGGCCCGTGCGGCGGAGCAGCTGAGAGCCTACCTGGAGGGCACGTGCGTGGAGTGGCTCCGCAGATACCTGGAGAACGGGAAGGAGACGCTGCAGCGCGCAG
C*07:01:07,GCTCCCACTCCATGAGGTATTTCGACACCGCCGTGTCCCGGCCCGGCCGCGGAGAGCCCCGCTTCATCTCAGTGGGCTACGTGGACGACACGCAGTTCGTGCGGTTCGACAGCGACGCCGCGAGTCCGAGAGGGGAGCCGCGGGCGCCGTGGGTGGAGCAGGAGGGGCCGGAGTATTGGGACCGGGAGACACAGAACTACAAGCGCCAGGCACAGGCTGACCGAGTGAGCCTGCGGAACCTGCGCGGCTACTACAACCAGAGCGAGGACG,GGTCTCACACCCTCCAGAGGATGTACGGCTGCGACCTGGGGCCCGACGGGCGCCTCCTCCGCGGGTATGACCAGTCCGCCTACGACGGCAAGGATTACATCGCCCTGAACGAGGACCTGCGCTCCTGGACCGCCGCGGACACCGCGGCTCAGATCACCCAGCGCAAGTTGGAGGCGGCCCGTGCGGCGGAGCAGCTGAGAGCCTACCTGGAGGGCACGTGCGTGGAGTGGCTCCGCAGATACCTGGAGAACGGGAAGGAGACGCTGCAGCGCGCAG
C*07:01:08,GCTCCCACTCCATGAGGTATTTCGACACCGCCGTGTCCCGGCCCGGCCGCGGAGAGCCCCGCTTCATCTCAGTGGGCTACGTGGACGACACGCAGTTCGTGCGGTTCGACAGCGACGCCGCGAGTCCGAGAGGGGAGCCGCGGGCGCCGTGGGTGGAGCAGGAGGGGCCGGAGTATTGGGACCGGGAGACACAGAACTACAAGCGCCAGGCACAGGCTGACCGAGTGAGCCTGCGGAACCTGCGCGGCTACTACAACCAGAGCGAGGACG,GGTCTCACACCCTCCAGAGGATGTATGGCTGCGACCTGGGGCCCGACGGGCGCCTCCTCCGCGGGTATGACCAGTCCGCCTACGACGGCAAGGATTACATCGCCCTGAACGAGGACCTGCGCTCCTGGACCGCGGCGGACACCGCGGCTCAGATCACCCAGCGCAAGTTGGAGGCGGCCCGTGCGGCGGAGCAGCTGAGAGCCTACCTGGAGGGCACGTGCGTGGAGTGGCTCCGCAGATACCTGGAGAACGGGAAGGAGACGCTGCAGCGCGCAG
C*07:01:10,GCTCCCACTCCATGAGGTATTTCGACACCGCCGTGTCCCGGCCCGGCCGCGGAGAGCCCCGCTTCATCTCAGTGGGCTACGTGGACGACACGCAGTTCGTGCGGTTCGACAGCGATGCCGCGAGTCCGAGAGGGGAGCCGCGGGCGCCGTGGGTGGAGCAGGAGGGGCCGGAGTATTGGGACCGGGAGACACAGAACTACAAGCGCCAGGCACAGGCTGACCGAGTGAGCCTGCGGAACCTGCGCGGCTACTACAACCAGAGCGAGGACG,GGTCTCACACCCTCCAGAGGATGTATGGCTGCGACCTGGGGCCCGACGGGCGCCTCCTCCGCGGGTATGACCAGTCCGCCTACGACGGCAAGGATTACATCGCCCTGAACGAGGACCTGCGCTCCTGGACCGCCGCGGACACCGCGGCTCAGATCACCCAGCGCAAGTTGGAGGCGGCCCGTGCGGCGGAGCAGCTGAGAGCCTACCTGGAGGGCACGTGCGTGGAGTGGCTCCGCAGATACCTGGAGAACGGGAAGGAGACGCTGCAGCGCGCAG
C*07:01:11,GCTCCCACTCCATGAGGTATTTCGACACCGCCGTGTCCCGGCCCGGCCGCGGAGAGCCCCGCTTCATCTCAGTGGGCTACGTGGACGACACGCAGTTCGTGCGGTTCGACAGCGACGCCGCGAGTCCGAGAGGGGAGCCGCGGGCGCCGTGGGTGGAGCAGGAGGGGCCGGAGTATTGGGACCGGGAGACACAGAACTACAAGCGCCAGGCACAGGCTGACCGAGTGAGCCTGCGGAACCTGCGCGGCTACTACAACCAGAGCGAGGACG,GGTCTCACACGCTCCAGAGGATGTATGGCTGCGACCTGGGGCCCGACGGGCGCCTCCTCCGCGGGTATGACCAGTCCGCCTACGACGGCAAGGATTACATCGCCCTGAACGAGGACCTGCGCTCCTGGACCGCCGCGGACACCGCGGCTCAGATCACCCAGCGCAAGTTGGAGGCGGCCCGTGCGGCGGAGCAGCTGAGAGCCTACCTGGAGGGCACGTGCGTGGAGTGGCTCCGCAGATACCTGGAGAACGGGAAGGAGACGCTGCAGCGCGCAG
C*07:01:12,GCTCCCACTCCATGAGGTATTTCGACACCGCCGTGTCCCGGCCCGGCCGCGGAGAGCCCCGCTTCATCTCAGTGGGCTACGTGGACGACACGCAGTTCGTGCGGTTCGACAGCGACGCCGCGAGTCCGAGAGGGGAGCCGCGGGCGCCGTGGGTGGAGCAGGAGGGGCCGGAGTATTGGGACCGGGAGACACAGAACTACAAGCGCCAGGCACAGGCTGACCGAGTGAGCCTGCGGAACCTGCGCGGCTACTACAACCAGAGCGAGGACG,GGTCTCACACCCTCCAGAGGATGTATGGCTGCGACCTGGGGCCGGACGGGCGCCTCCTCCGCGGGTATGACCAGTCCGCCTACGACGGCAAGGATTACATCGCCCTGAACGAGGACCTGCGCTCCTGGACCGCCGCGGACACCGCGGCTCAGATCACCCAGCGCAAGTTGGAGGCGGCCCGTGCGGCGGAGCAGCTGAGAGCCTACCTGGAGGGCACGTGCGTGGAGTGGCTCCGCAGATACCTGGAGAACGGGAAGGAGACGCTGCAGCGCGCAG
C*07:01:13,GCTCCCACTCCATGAGGTATTTCGACACCGCCGTGTCCCGGCCCGGCCGCGGAGAGCCCCGCTTCATCTCAGTGGGCTACGTGGACGACACGCAGTTCGTGCGGTTCGACAGCGACGCCGCGAGTCCGAGAGGGGAGCCCCGGGCGCCGTGGGTGGAGCAGGAGGGGCCGGAGTATTGGGACCGGGAGACACAGAACTACAAGCGCCAGGCACAGGCTGACCGAGTGAGCCTGCGGAACCTGCGCGGCTACTACAACCAGAGCGAGGACG,GGTCTCACACCCTCCAGAGGATGTATGGCTGCGACCTGGGGCCCGACGGGCGCCTCCTCCGCGGGTATGACCAGTCCGCCTACGACGGCAAGGATTACATCGCCCTGAACGAGGACCTGCGCTCCTGGACCGCCGCGGACACCGCGGCTCAGATCACCCAGCGCAAGTTGGAGGCGGCCCGTGCGGCGGAGCAGCTGAGAGCCTACCTGGAGGGCACGTGCGTGGAGTGGCTCCGCAGATACCTGGAGAACGGGAAGGAGACGCTGCAGCGCGCAG
C*07:01:14,GCTCCCACTCCATGAGATATTTCGACACCGCCGTGTCCCGGCCCGGCCGCGGAGAGCCCCGCTTCATCTCAGTGGGCTACGTGGACGACACGCAGTTCGTGCGGTTCGACAGCGACGCCGCGAGTCCGAGAGGGGAGCCGCGGGCGCCGTGGGTGGAGCAGGAGGGGCCGGAGTATTGGGACCGGGAGACACAGAACTACAAGCGCCAGGCACAGGCTGACCGAGTGAGCCTGCGGAACCTGCGCGGCTACTACAACCAGAGCGAGGACG,GGTCTCACACCCTCCAGAGGATGTATGGCTGCGACCTGGGGCCCGACGGGCGCCTCCTCCGCGGGTATGACCAGTCCGCCTACGACGGCAAGGATTACATCGCCCTGAACGAGGACCTGCGCTCCTGGACCGCCGCGGACACCGCGGCTCAGATCACCCAGCGCAAGTTGGAGGCGGCCCGTGCGGCGGAGCAGCTGAGAGCCTACCTGGAGGGCACGTGCGTGGAGTGGCTCCGCAGATACCTGGAGAACGGGAAGGAGACGCTGCAGCGCGCAG
C*07:01:15,GCTCCCACTCCATGAGGTATTTCGACACCGCCGTGTCCCGGCCCGGCCGCGGAGAGCCCCGCTTCATCTCAGTGGGCTACGTGGACGACACGCAGTTCGTGCGGTTCGACAGCGACGCCGCGAGTCCGAGAGGGGAGCCGCGGGCGCCGTGGGTGGAGCAGGAGGGGCCGGAGTATTGGGACCGGGAGACACAGAACTACAAGCGCCAGGCACAGGCTGACCGAGTGAGCCTGCGGAACCTACGCGGCTACTACAACCAGAGCGAGGACG,GGTCTCACACCCTCCAGAGGATGTATGGCTGCGACCTGGGGCCCGACGGGCGCCTCCTCCGCGGGTATGACCAGTCCGCCTACGACGGCAAGGATTACATCGCCCTGAACGAGGACCTGCGCTCCTGGACCGCCGCGGACACCGCGGCTCAGATCACCCAGCGCAAGTTGGAGGCGGCCCGTGCGGCGGAGCAGCTGAGAGCCTACCTGGAGGGCACGTGCGTGGAGTGGCTCCGCAGATACCTGGAGAACGGGAAGGAGACGCTGCAGCGCGCAG
C*07:01:16,GCTCCCACTCCATGAGGTATTTCGACACCGCCGTGTCCCGGCCCGGCCGCGGAGAGCCCCGCTTCATCTCAGTGGGCTACGTGGACGACACGCAGTTCGTGCGGTTCGACAGCGACGCCGCGAGTCCGAGAGGGGAGCCGCGGGCGCCGTGGGTGGAGCAGGAGGGGCCGGAGTATTGGGACCGGGAGACACAGAACTACAAGCGCCAGGCACAGGCTGACCGAGTGAGCCTGCGGAACCTGCGCGGCTACTACAACCAGAGCGAGGACG,GGTCTCACACCCTCCAGAGGATGTATGGCTGCGACCTGGGGCCCGACGGGCGCCTCCTCCGCGGGTATGACCAGTCCGCCTACGACGGCAAGGATTACATCGCCCTGAACGAGGACCTGCGCTCCTGGACCGCCGCGGACACCGCGGCTCAGATCACCCAGCGCAAGCTGGAGGCGGCCCGTGCGGCGGAGCAGCTGAGAGCCTACCTGGAGGGCACGTGCGTGGAGTGGCTCCGCAGATACCTGGAGAACGGGAAGGAGACGCTGCAGCGCGCAG
C*07:01:17,GCTCCCACTCCATGAGGTATTTCGACACCGCCGTGTCCCGGCCCGGCCGCGGAGAGCCCCGCTTCATCTCAGTGGGCTACGTGGACGACACGCAGTTCGTGCGGTTCGACAGCGACGCCGCGAGTCCGAGAGGGGAGCCGCGGGCGCCGTGGGTGGAGCAGGAGGGGCCGGAGTATTGGGACCGGGAGACACAGAACTACAAGCGCCAGGCACAGGCTGACCGAGTGAGCCTGCGGAACCTGCGCGGCTACTACAACCAGAGCGAGGACG,GGTCTCACACCCTCCAGAGGATGTATGGCTGCGACCTGGGGCCCGACGGGCGCCTCCTCCGCGGGTATGACCAGTCCGCCTACGACGGCAAGGATTACATCGCCCTGAACGAGGACCTGCGCTCCTGGACCGCCGCGGACACCGCGGCTCAGATCACCCAGCGCAAGTTGGAGGCGGCCCGTGCGGCGGAGCAGCTGAGAGCCTACCTGGAGGGCACGTGCGTGGAGTGGCTCCGCAGATACCTGGAGAACGGGAAGGAAACGCTGCAGCGCGCAG
C*07:01:18,GCTCCCACTCCATGAGGTATTTCGACACCGCCGTGTCCCGGCCCGGCCGCGGAGAGCCCCGCTTCATCTCAGTGGGCTACGTGGACGACACGCAGTTCGTGCGGTTCGACAGCGACGCCGCGAGTCCGAGAGGGGAGCCGCGGGCGCCGTGGGTGGAGCAGGAGGGGCCGGAGTATTGGGACCGGGAGACACAGAACTACAAGCGCCAGGCACAGGCTGACCGAGTGAGCCTGCGGAACCTGCGCGGCTACTACAACCAGAGCGAGGACG,GGTCTCACACCCTCCAGAGGATGTATGGCTGCGACCTGGGGCCCGACGGGCGCCTCCTCCGCGGGTATGACCAGTCCGCCTACGACGGCAAGGATTACATCGCCCTGAACGAGGACCTGCGCTCCTGGACCGCCGCGGACACCGCGGCTCAGATCACCCAACGCAAGTTGGAGGCGGCCCGTGCGGCGGAGCAGCTGAGAGCCTACCTGGAGGGCACGTGCGTGGAGTGGCTCCGCAGATACCTGGAGAACGGGAAGGAGACGCTGCAGCGCGCAG
C*07:01:20G,GCTCCCACTCCATGAGGTATTTCGACACCGCCGTGTCCCGGCCCGGCCGCGGAGAGCCCCGCTTCATCTCAGTGGGCTACGTGGACGACACGCAGTTCGTGCGGTTCGACAGCGACGCCGCGAGTCCGAGAGGGGAGCCGCGGGCGCCGTGGGTGGAGCAGGAGGGGCCGGAGTATTGGGACCGGGAGACACAGAACTACAAGCGCCAGGCACAGGCTGACCGAGTGAGCCTGCGGAACCTGCGCGGCTACTACAACCAGAGCGAGGACG,GGTCTCACACCCTCCAGAGGATGTATGGCTGCGACCTGGGGCCCGACGGGCGCCTCCTCCGCGGGTATGACCAGTCCGCCTACGACGGCAAGGATTACATCGCCCTGAACGAGGACCTGCGCTCCTGGACCGCTGCGGACACCGCGGCTCAGATCACCCAGCGCAAGTTGGAGGCGGCCCGTGCGGCGGAGCAGCTGAGAGCCTACCTGGAGGGCACGTGCGTGGAGTGGCTCCGCAGATACCTGGAGAACGGGAAGGAGACGCTGCAGCGCGCAG
C*07:01:21,GCTCCCACTCCATGAGGTATTTCGACACCGCCGTGTCCCGGCCCGGCCGCGGAGAGCCCCGCTTCATCTCAGTGGGCTACGTGGACGACACGCAGTTCGTGCGGTTCGACAGCGACGCCGCGAGTCCGAGAGGGGAGCCGCGGGCGCCGTGGGTGGAGCAGGAGGGGCCGGAGTATTGGGACCGGGAGACACAGAACTACAAGCGCCAGGCACAGGCTGACCGAGTGAGCCTGCGGAACCTGCGCGGCTACTACAACCAGAGTGAGGACG,GGTCTCACACCCTCCAGAGGATGTATGGCTGCGACCTGGGGCCCGACGGGCGCCTCCTCCGCGGGTATGACCAGTCCGCCTACGACGGCAAGGATTACATCGCCCTGAACGAGGACCTGCGCTCCTGGACCGCCGCGGACACCGCGGCTCAGATCACCCAGCGCAAGTTGGAGGCGGCCCGTGCGGCGGAGCAGCTGAGAGCCTACCTGGAGGGCACGTGCGTGGAGTGGCTCCGCAGATACCTGGAGAACGGGAAGGAGACGCTGCAGCGCGCAG
C*07:01:22,GCTCCCACTCCATGAGGTATTTCGACACCGCCGTGTCCCGGCCCGGCCGCGGAGAGCCCCGCTTCATCTCAGTGGGCTACGTGGACGACACGCAGTTCGTGAGGTTCGACAGCGACGCCGCGAGTCCGAGAGGGGAGCCGCGGGCGCCGTGGGTGGAGCAGGAGGGGCCGGAGTATTGGGACCGGGAGACACAGAACTACAAGCGCCAGGCACAGGCTGACCGAGTGAGCCTGCGGAACCTGCGCGGCTACTACAACCAGAGCGAGGACG,GGTCTCACACCCTCCAGAGGATGTATGGCTGCGACCTGGGGCCCGACGGGCGCCTCCTCCGCGGGTATGACCAGTCCGCCTACGACGGCAAGGATTACATCGCCCTGAACGAGGACCTGCGCTCCTGGACCGCCGCGGACACCGCGGCTCAGATCACCCAGCGCAAGTTGGAGGCGGCCCGTGCGGCGGAGCAGCTGAGAGCCTACCTGGAGGGCACGTGCGTGGAGTGGCTCCGCAGATACCTGGAGAACGGGAAGGAGACGCTGCAGCGCGCAG
C*07:01:23,GCTCCCACTCCATGAGGTATTTCGACACCGCCGTGTCCCGGCCCGGCCGCGGGGAGCCCCGCTTCATCTCAGTGGGCTACGTGGACGACACGCAGTTCGTGCGGTTCGACAGCGACGCCGCGAGTCCGAGAGGGGAGCCGCGGGCGCCGTGGGTGGAGCAGGAGGGGCCGGAGTATTGGGACCGGGAGACACAGAACTACAAGCGCCAGGCACAGGCTGACCGAGTGAGCCTGCGGAACCTGCGCGGCTACTACAACCAGAGCGAGGACG,GGTCTCACACCCTCCAGAGGATGTATGGCTGCGACCTGGGGCCCGACGGGCGCCTCCTCCGCGGGTATGACCAGTCCGCCTACGACGGCAAGGATTACATCGCCCTGAACGAGGACCTGCGCTCCTGGACCGCCGCGGACACCGCGGCTCAGATCACCCAGCGCAAGTTGGAGGCGGCCCGTGCGGCGGAGCAGCTGAGAGCCTACCTGGAGGGCACGTGCGTGGAGTGGCTCCGCAGATACCTGGAGAACGGGAAGGAGACGCTGCAGCGCGCAG
C*07:01:24,GCTCCCACTCCATGAGGTATTTCGACACCGCCGTGTCCCGGCCCGGCCGCGGAGAGCCCCGCTTCATCTCAGTGGGCTACGTGGACGACACGCAGTTCGTGCGGTTCGACAGCGACGCCGCGAGTCCGAGAGGGGAGCCGCGGGCGCCGTGGGTGGAGCAGGAGGGGCCGGAGTATTGGGACCGGGAGACACAGAACTACAAGCGCCAGGCACAGGCTGACCGAGTGAGCCTGCGGAACCTGCGCGGCTACTACAACCAGAGCGAGGACG,GGTCTCACACCCTCCAGAGGATGTATGGCTGCGACCTGGGGCCCGACGGACGCCTCCTCCGCGGGTATGACCAGTCCGCCTACGACGGCAAGGATTACATCGCCCTGAACGAGGACCTGCGCTCCTGGACCGCCGCGGACACCGCGGCTCAGATCACCCAGCGCAAGTTGGAGGCGGCCCGTGCGGCGGAGCAGCTGAGAGCCTACCTGGAGGGCACGTGCGTGGAGTGGCTCCGCAGATACCTGGAGAACGGGAAGGAGACGCTGCAGCGCGCAG
C*07:01:25,GCTCCCACTCCATGAGGTATTTCGACACCGCCGTGTCCCGGCCCGGCCGCGGAGAGCCCCGCTTCATCTCAGTGGGCTACGTGGACGACACGCAGTTCGTGCGGTTCGACAGCGACGCCGCGAGTCCGAGAGGGGAGCCGCGGGCGCCGTGGGTGGAGCAGGAGGGGCCGGAGTATTGGGACCGGGAGACACAGAATTACAAGCGCCAGGCACAGGCTGACCGAGTGAGCCTGCGGAACCTGCGCGGCTACTACAACCAGAGCGAGGACG,GGTCTCACACCCTCCAGAGGATGTATGGCTGCGACCTGGGGCCCGACGGGCGCCTCCTCCGCGGGTATGACCAGTCCGCCTACGACGGCAAGGATTACATCGCCCTGAACGAGGACCTGCGCTCCTGGACCGCCGCGGACACCGCGGCTCAGATCACCCAGCGCAAGTTGGAGGCGGCCCGTGCGGCGGAGCAGCTGAGAGCCTACCTGGAGGGCACGTGCGTGGAGTGGCTCCGCAGATACCTGGAGAACGGGAAGGAGACGCTGCAGCGCGCAG
C*07:01:26,GCTCCCACTCCATGAGGTATTTCGACACCGCCGTGTCCCGGCCCGGCCGCGGAGAGCCCCGCTTCATCTCAGTGGGCTATGTGGACGACACGCAGTTCGTGCGGTTCGACAGCGACGCCGCGAGTCCGAGAGGGGAGCCGCGGGCGCCGTGGGTGGAGCAGGAGGGGCCGGAGTATTGGGACCGGGAGACACAGAACTACAAGCGCCAGGCACAGGCTGACCGAGTGAGCCTGCGGAACCTGCGCGGCTACTACAACCAGAGCGAGGACG,GGTCTCACACCCTCCAGAGGATGTATGGCTGCGACCTGGGGCCCGACGGGCGCCTCCTCCGCGGGTATGACCAGTCCGCCTACGACGGCAAGGATTACATCGCCCTGAACGAGGACCTGCGCTCCTGGACCGCCGCGGACACCGCGGCTCAGATCACCCAGCGCAAGTTGGAGGCGGCCCGTGCGGCGGAGCAGCTGAGAGCCTACCTGGAGGGCACGTGCGTGGAGTGGCTCCGCAGATACCTGGAGAACGGGAAGGAGACGCTGCAGCGCGCAG
C*07:01:28,GCTCCCACTCCATGAGGTATTTCGACACCGCCGTGTCCCGGCCCGGCCGCGGAGAGCCCCGCTTCATCTCAGTGGGCTACGTGGACGACACGCAGTTCGTGCGGTTCGACAGCGACGCCGCGAGTCCGAGAGGGGAGCCGCGGGCGCCGTGGGTGGAGCAGGAGGGGCCGGAGTATTGGGACCGGGAGACACAGAACTACAAGCGCCAGGCACAGGCTGACCGAGTGAGCCTGCGGAACCTGCGCGGCTACTACAACCAGAGCGAGGACG,GGTCTCACACTCTCCAGAGGATGTATGGCTGCGACCTGGGGCCCGACGGGCGCCTCCTCCGCGGGTATGACCAGTCCGCCTACGACGGCAAGGATTACATCGCCCTGAACGAGGACCTGCGCTCCTGGACCGCCGCGGACACCGCGGCTCAGATCACCCAGCGCAAGTTGGAGGCGGCCCGTGCGGCGGAGCAGCTGAGAGCCTACCTGGAGGGCACGTGCGTGGAGTGGCTCCGCAGATACCTGGAGAACGGGAAGGAGACGCTGCAGCGCGCAG
C*07:01:29,GCTCCCACTCCATGAGGTATTTCGACACCGCCGTGTCCCGGCCCGGCCGCGGAGAGCCCCGCTTCATCTCAGTGGGCTACGTGGACGACACGCAGTTCGTGCGGTTCGACAGCGACGCCGCGAGTCCGAGAGGGGAGCCGCGGGCGCCGTGGGTGGAGCAGGAGGGGCCGGAGTATTGGGACCGGGAGACACAGAACTACAAGCGCCAGGCACAGGCTGACCGAGTGAGCCTGCGGAACCTGCGCGGCTACTACAACCAGAGCGAGGACG,GGTCTCACACCCTCCAGAGGATGTATGGCTGCGACCTGGGGCCCGACGGGCGCCTCCTCCGCGGGTATGACCAGTCCGCCTACGACGGCAAGGATTACATCGCCCTGAACGAGGACCTGCGCTCCTGGACCGCCGCGGACACCGCGGCTCAGATCACCCAGCGCAAGTTGGAGGCTGCCCGTGCGGCGGAGCAGCTGAGAGCCTACCTGGAGGGCACGTGCGTGGAGTGGCTCCGCAGATACCTGGAGAACGGGAAGGAGACGCTGCAGCGCGCAG
C*07:01:30,GCTCCCACTCCATGAGGTATTTCGACACCGCCGTGTCCCGGCCCGGCCGCGGAGAGCCCCGCTTCATCTCAGTGGGCTACGTGGACGACACGCAGTTCGTGCGGTTCGACAGCGACGCCGCGAGTCCGAGAGGGGAGCCGCGGGCGCCGTGGGTGGAGCAGGAGGGGCCGGAGTATTGGGACCGGGAGACACAGAACTACAAGCGCCAGGCACAGGCTGACCGAGTGAGCCTGCGGAACCTGCGCGGCTACTACAACCAGAGCGAGGACG,GGTCTCACACCCTCCAGAGGATGTATGGCTGCGACCTGGGGCCCGACGGGCGCCTCCTCCGCGGGTATGACCAGTCCGCCTACGACGGCAAGGATTACATCGCCCTGAACGAGGACCTGCGCTCTTGGACCGCCGCGGACACCGCGGCTCAGATCACCCAGCGCAAGTTGGAGGCGGCCCGTGCGGCGGAGCAGCTGAGAGCCTACCTGGAGGGCACGTGCGTGGAGTGGCTCCGCAGATACCTGGAGAACGGGAAGGAGACGCTGCAGCGCGCAG
C*07:01:31,GCTCCCACTCCATGAGGTATTTCGACACCGCCGTGTCCCGGCCCGGCCGCGGAGAGCCCCGCTTCATCTCAGTGGGCTACGTGGACGACACGCAGTTCGTGCGGTTCGACAGCGACGCCGCGAGTCCGAGAGGGGAGCCGCGGGCGCCGTGGGTGGAGCAGGAGGGGCCGGAGTATTGGGACCGGGAGACACAGAACTACAAGCGCCAGGCACAGGCTGACCGAGTGAGCCTGCGGAACCTGCGCGGCTACTACAACCAGAGCGAGGACG,GTTCTCACACCCTCCAGAGGATGTATGGCTGCGACCTGGGGCCCGACGGGCGCCTCCTCCGCGGGTATGACCAGTCCGCCTACGACGGCAAGGATTACATCGCCCTGAACGAGGACCTGCGCTCCTGGACCGCCGCGGACACCGCGGCTCAGATCACCCAGCGCAAGTTGGAGGCGGCCCGTGCGGCGGAGCAGCTGAGAGCCTACCTGGAGGGCACGTGCGTGGAGTGGCTCCGCAGATACCTGGAGAACGGGAAGGAGACGCTGCAGCGCGCAG
C*07:02:01G,GCTCCCACTCCATGAGGTATTTCGACACCGCCGTGTCCCGGCCCGGCCGCGGAGAGCCCCGCTTCATCTCAGTGGGCTACGTGGACGACACGCAGTTCGTGCGGTTCGACAGCGACGCCGCGAGTCCGAGAGGGGAGCCGCGGGCGCCGTGGGTGGAGCAGGAGGGGCCGGAGTATTGGGACCGGGAGACACAGAAGTACAAGCGCCAGGCACAGGCTGACCGAGTGAGCCTGCGGAACCTGCGCGGCTACTACAACCAGAGCGAGGACG,GGTCTCACACCCTCCAGAGGATGTCTGGCTGCGACCTGGGGCCCGACGGGCGCCTCCTCCGCGGGTATGACCAGTCCGCCTACGACGGCAAGGATTACATCGCCCTGAACGAGGACCTGCGCTCCTGGACCGCCGCGGACACCGCGGCTCAGATCACCCAGCGCAAGTTGGAGGCGGCCCGTGCGGCGGAGCAGCTGAGAGCCTACCTGGAGGGCACGTGCGTGGAGTGGCTCCGCAGATACCTGGAGAACGGGAAGGAGACGCTGCAGCGCGCAG
C*07:02:02,GCTCCCACTCCATGAGGTATTTCGACACCGCCGTGTCCCGGCCCGGCCGCGGAGAGCCCCGCTTCATCTCAGTGGGCTACGTGGACGACACGCAGTTCGTGCGGTTCGACAGCGACGCCGCGAGTCCGAGAGGGGAGCCGCGGGCGCCGTGGGTGGAGCAGGAGGGGCCAGAGTATTGGGACCGGGAGACACAGAAGTACAAGCGCCAGGCACAGGCTGACCGAGTGAGCCTGCGGAACCTGCGCGGCTACTACAACCAGAGCGAGGACG,GGTCTCACACCCTCCAGAGGATGTCTGGCTGCGACCTGGGGCCCGACGGGCGCCTCCTCCGCGGGTATGACCAGTCCGCCTACGACGGCAAGGATTACATCGCCCTGAACGAGGACCTGCGCTCCTGGACCGCCGCGGACACCGCGGCTCAGATCACCCAGCGCAAGTTGGAGGCGGCCCGTGCGGCGGAGCAGCTGAGAGCCTACCTGGAGGGCACGTGCGTGGAGTGGCTCCGCAGATACCTGGAGAACGGGAAGGAGACGCTGCAGCGCGCAG
C*07:02:03,GCTCCCACTCCATGAGGTATTTCGACACCGCCGTGTCCCGGCCCGGCCGCGGAGAGCCCCGCTTCATCTCAGTGGGCTACGTGGACGACACGCAGTTCGTGCGGTTCGACAGCGACGCCGCGAGTCCGAGAGGGGAGCCGCGGGCGCCGTGGGTGGAGCAGGAGGGGCCGGAGTATTGGGACCGGGAGACACAGAAGTACAAGCGCCAGGCACAGGCTGACCGAGTGAGCCTGCGGAACCTGCGCGGCTACTACAACCAGAGCGAGGACG,GGTCTCACACCCTCCAGAGGATGTCTGGCTGCGACCTGGGGCCCGACGGGCGCCTCCTCCGCGGGTATGACCAGTCCGCCTACGACGGCAAGGATTACATCGCCCTGAACGAGGACCTGCGCTCCTGGACCGCCGCGGACACCGCGGCTCAGATCACCCAGCGCAAGTTGGAGGCGGCCCGTGCGGCGGAGCAGCTGAGAGCCTACCTGGAGGGCACCTGCGTGGAGTGGCTCCGCAGATACCTGGAGAACGGGAAGGAGACGCTGCAGCGCGCAG
C*07:02:04,GCTCCCACTCCATGAGGTATTTCGACACCGCCGTGTCCCGGCCCGGCCGCGGAGAGCCCCGCTTCATCTCAGTGGGCTACGTGGACGACACGCAGTTCGTGCGGTTCGACAGCGACGCCGCGAGTCCGAGAGGGGAGCCGCGGGCGCCGTGGGTGGAGCAGGAGGGGCCGGAGTATTGGGACCGGGAGACACAGAAGTACAAGCGCCAGGCACAGGCTGACCGAGTGAGCCTGCGGAACCTGCGCGGCTACTACAACCAGAGCGAGGACG,GGTCTCACACCCTCCAGAGGATGTCTGGCTGCGACCTGGGGCCCGACGGGCGCCTCCTCCGCGGGTATGACCAGTCCGCCTACGACGGCAAGGATTACATCGCCCTGAACGAGGACCTGCGCTCCTGGACCGCCGCGGACACCGCGGCTCAGATCACCCAGCGCAAGTTGGAGGCGGCCCGTGCGGCGGAGCAGCTGAGAGCCTACCTGGAGGGCACGTGCGTGGAGTGGCTCCGCAGATACCTGGAGAACGGGAAGGAGACGCTGCAGCGCGCGG
C*07:02:05,GCTCCCACTCCATGAGGTATTTCGACACCGCCGTGTCCCGGCCCGGCCGCGGAGAGCCCCGCTTCATCTCAGTGGGCTACGTGGACGACACGCAGTTCGTGCGGTTCGACAGCGACGCCGCGAGTCCGAGAGGGGAGCCGCGGGCGCCGTGGGTGGAGCAGGAGGGGCCGGAGTATTGGGACCGGGAGACACAGAAGTACAAGCGCCAGGCACAGGCTGACCGAGTGAGCCTGCGGAACCTGCGCGGCTACTACAACCAGAGCGAGGACG,GGTCTCACACCCTCCAGAGGATGTCTGGCTGCGACCTGGGGCCCGACGGGCGCCTCCTCCGCGGGTATGACCAGTCCGCCTACGACGGCAAGGATTACATCGCCCTGAACGAGGACCTGCGCTCCTGGACCGCCGCGGACACCGCGGCTCAGATTACCCAGCGCAAGTTGGAGGCGGCCCGTGCGGCGGAGCAGCTGAGAGCCTACCTGGAGGGCACGTGCGTGGAGTGGCTCCGCAGATACCTGGAGAACGGGAAGGAGACGCTGCAGCGCGCAG
C*07:02:06,GCTCCCACTCCATGAGGTATTTCGACACCGCCGTGTCCCGGCCCGGCCGCGGAGAGCCCCGCTTCATCTCAGTGGGCTACGTGGACGACACGCAGTTCGTGCGGTTCGACAGCGACGCCGCGAGTCCGAGAGGGGAGCCGCGGGCGCCGTGGGTGGAGCAGGAGGGGCCGGAGTATTGGGACCGGGAGACACAGAAGTACAAGCGCCAGGCACAGGCTGACCGAGTGAGCCTGCGGAACCTGCGCGGCTACTACAACCAGAGCGAGGACG,GGTCTCACACCCTCCAGAGGATGTCTGGCTGCGACCTGGGGCCCGACGGGCGCCTCCTCCGCGGGTATGACCAGTCCGCCTACGACGGCAAGGATTACATCGCCCTGAACGAGGACCTGCGCTCCTGGACCGCCGCGGACACCGCGGCTCAGATCACTCAGCGCAAGTTGGAGGCGGCCCGTGCGGCGGAGCAGCTGAGAGCCTACCTGGAGGGCACGTGCGTGGAGTGGCTCCGCAGATACCTGGAGAACGGGAAGGAGACGCTGCAGCGCGCAG
C*07:02:07,GCTCCCACTCCATGAGGTATTTCGACACCGCCGTGTCCCGGCCCGGCCGCGGAGAGCCCCGCTTCATCTCAGTGGGCTACGTGGACGACACGCAGTTCGTGCGGTTCGACAGCGACGCCGCGAGTCCGAGAGGGGAGCCGCGGGCGCCGTGGGTGGAGCAGGAGGGGCCGGAGTATTGGGACCGGGAGACACAGAAGTACAAGCGCCAGGCACAGGCTGACCGAGTGAGCCTGCGGAACCTGCGCGGCTACTACAACCAGAGCGAGGACG,GGTCTCACACCCTCCAGAGGATGTCTGGCTGCGACCTGGGGCCCGACGGGCGCCTCCTCCGCGGGTATGACCAGTCCGCCTACGACGGCAAGGATTACATCGCCCTGAACGAGGACCTGCGCTCCTGGACCGCCGCGGACACCGCGGCTCAGATCACCCAGCGCAAGTTGGAGGCGGCCCGTGCGGCGGAGCAGCTGAGAGCCTACCTGGAGGGCACGTGCGTGGAGTGGCTCCGCAGATACCTGGAAAACGGGAAGGAGACGCTGCAGCGCGCAG
C*07:02:08,GCTCCCACTCCATGAGGTATTTCGACACCGCCGTGTCCCGGCCCGGCCGCGGAGAGCCCCGCTTCATCTCAGTGGGCTACGTGGACGACACGCAGTTCGTGCGGTTCGACAGCGACGCCGCGAGTCCGAGAGGGGAGCCGCGGGCGCCGTGGGTGGAGCAGGAGGGGCCGGAGTATTGGGACCGGGAGACACAGAAGTACAAGCGCCAGGCACAGGCAGACCGAGTGAGCCTGCGGAACCTGCGCGGCTACTACAACCAGAGCGAGGACG,GGTCTCACACCCTCCAGAGGATGTCTGGCTGCGACCTGGGGCCCGACGGGCGCCTCCTCCGCGGGTATGACCAGTCCGCCTACGACGGCAAGGATTACATCGCCCTGAACGAGGACCTGCGCTCCTGGACCGCCGCGGACACCGCGGCTCAGATCACCCAGCGCAAGTTGGAGGCGGCCCGTGCGGCGGAGCAGCTGAGAGCCTACCTGGAGGGCACGTGCGTGGAGTGGCTCCGCAGATACCTGGAGAACGGGAAGGAGACGCTGCAGCGCGCAG
C*07:02:09,GCTCCCACTCCATGAGGTATTTCGACACCGCCGTGTCCCGGCCCGGCCGCGGAGAGCCCCGCTTCATCTCAGTGGGCTACGTGGACGACACGCAGTTCGTGCGGTTCGACAGCGACGCCGCGAGTCCAAGAGGGGAGCCGCGGGCGCCGTGGGTGGAGCAGGAGGGGCCGGAGTATTGGGACCGGGAGACACAGAAGTACAAGCGCCAGGCACAGGCTGACCGAGTGAGCCTGCGGAACCTGCGCGGCTACTACAACCAGAGCGAGGACG,GGTCTCACACCCTCCAGAGGATGTCTGGCTGCGACCTGGGGCCCGACGGGCGCCTCCTCCGCGGGTATGACCAGTCCGCCTACGACGGCAAGGATTACATCGCCCTGAACGAGGACCTGCGCTCCTGGACCGCCGCGGACACCGCGGCTCAGATCACCCAGCGCAAGTTGGAGGCGGCCCGTGCGGCGGAGCAGCTGAGAGCCTACCTGGAGGGCACGTGCGTGGAGTGGCTCCGCAGATACCTGGAGAACGGGAAGGAGACGCTGCAGCGCGCAG
C*07:02:10,GCTCCCACTCCATGAGGTATTTCGACACCGCTGTGTCCCGGCCCGGCCGCGGAGAGCCCCGCTTCATCTCAGTGGGCTACGTGGACGACACGCAGTTCGTGCGGTTCGACAGCGACGCCGCGAGTCCGAGAGGGGAGCCGCGGGCGCCGTGGGTGGAGCAGGAGGGGCCGGAGTATTGGGACCGGGAGACACAGAAGTACAAGCGCCAGGCACAGGCTGACCGAGTGAGCCTGCGGAACCTGCGCGGCTACTACAACCAGAGCGAGGACG,GGTCTCACACCCTCCAGAGGATGTCTGGCTGCGACCTGGGGCCCGACGGGCGCCTCCTCCGCGGGTATGACCAGTCCGCCTACGACGGCAAGGATTACATCGCCCTGAACGAGGACCTGCGCTCCTGGACCGCCGCGGACACCGCGGCTCAGATCACCCAGCGCAAGTTGGAGGCGGCCCGTGCGGCGGAGCAGCTGAGAGCCTACCTGGAGGGCACGTGCGTGGAGTGGCTCCGCAGATACCTGGAGAACGGGAAGGAGACGCTGCAGCGCGCAG
C*07:02:11,GCTCCCACTCCATGAGGTATTTCGACACCGCCGTGTCCCGGCCCGGCCGCGGGGAGCCCCGCTTCATCTCAGTGGGCTACGTGGACGACACGCAGTTCGTGCGGTTCGACAGCGACGCCGCGAGTCCGAGAGGGGAGCCGCGGGCGCCGTGGGTGGAGCAGGAGGGGCCGGAGTATTGGGACCGGGAGACACAGAAGTACAAGCGCCAGGCACAGGCTGACCGAGTGAGCCTGCGGAACCTGCGCGGCTACTACAACCAGAGCGAGGACG,GGTCTCACACCCTCCAGAGGATGTCTGGCTGCGACCTGGGGCCCGACGGGCGCCTCCTCCGCGGGTATGACCAGTCCGCCTACGACGGCAAGGATTACATCGCCCTGAACGAGGACCTGCGCTCCTGGACCGCCGCGGACACCGCGGCTCAGATCACCCAGCGCAAGTTGGAGGCGGCCCGTGCGGCGGAGCAGCTGAGAGCCTACCTGGAGGGCACGTGCGTGGAGTGGCTCCGCAGATACCTGGAGAACGGGAAGGAGACGCTGCAGCGCGCAG
C*07:02:12,GCTCCCACTCCATGAGGTATTTCGACACCGCCGTGTCCCGGCCCGGCCGCGGAGAGCCCCGCTTCATCTCAGTGGGCTACGTGGACGACACGCAGTTCGTGCGGTTCGACAGCGACGCCGCGAGTCCGAGAGGGGAGCCGCGGGCGCCGTGGGTGGAGCAGGAGGGGCCGGAGTATTGGGACCGGGAGACACAGAAGTACAAGCGCCAGGCACAGGCTGACCGAGTGAGCCTGCGGAACCTGCGCGGCTACTACAACCAGAGCGAGGACG,GGTCTCACACCCTCCAGAGGATGTCTGGCTGCGACCTGGGGCCGGACGGGCGCCTCCTCCGCGGGTATGACCAGTCCGCCTACGACGGCAAGGATTACATCGCCCTGAACGAGGACCTGCGCTCCTGGACCGCCGCGGACACCGCGGCTCAGATCACCCAGCGCAAGTTGGAGGCGGCCCGTGCGGCGGAGCAGCTGAGAGCCTACCTGGAGGGCACGTGCGTGGAGTGGCTCCGCAGATACCTGGAGAACGGGAAGGAGACGCTGCAGCGCGCAG
C*07:02:13,GCTCCCACTCCATGAGGTATTTCGACACCGCCGTCTCCCGGCCCGGCCGCGGAGAGCCCCGCTTCATCTCAGTGGGCTACGTGGACGACACGCAGTTCGTGCGGTTCGACAGCGACGCCGCGAGTCCGAGAGGGGAGCCGCGGGCGCCGTGGGTGGAGCAGGAGGGGCCGGAGTATTGGGACCGGGAGACACAGAAGTACAAGCGCCAGGCACAGGCTGACCGAGTGAGCCTGCGGAACCTGCGCGGCTACTACAACCAGAGCGAGGACG,GGTCTCACACCCTCCAGAGGATGTCTGGCTGCGACCTGGGGCCCGACGGGCGCCTCCTCCGCGGGTATGACCAGTCCGCCTACGACGGCAAGGATTACATCGCCCTGAACGAGGACCTGCGCTCCTGGACCGCCGCGGACACCGCGGCTCAGATCACCCAGCGCAAGTTGGAGGCGGCCCGTGCGGCGGAGCAGCTGAGAGCCTACCTGGAGGGCACGTGCGTGGAGTGGCTCCGCAGATACCTGGAGAACGGGAAGGAGACGCTGCAGCGCGCAG
C*07:02:14,GCTCCCACTCCATGAGGTATTTCGACACCGCCGTGTCCCGGCCCGGCCGCGGAGAGCCCCGCTTCATCTCAGTGGGCTACGTGGACGACACGCAGTTCGTGCGGTTCGACAGCGACGCCGCGAGTCCGAGAGGGGAGCCGCGGGCGCCGTGGGTGGAGCAGGAGGGGCCGGAGTATTGGGACCGGGAGACACAGAAGTACAAGCGCCAGGCACAGGCTGACCGAGTGAGCCTGCGGAACCTGCGCGGCTACTACAATCAGAGCGAGGACG,GGTCTCACACCCTCCAGAGGATGTCTGGCTGCGACCTGGGGCCCGACGGGCGCCTCCTCCGCGGGTATGACCAGTCCGCCTACGACGGCAAGGATTACATCGCCCTGAACGAGGACCTGCGCTCCTGGACCGCCGCGGACACCGCGGCTCAGATCACCCAGCGCAAGTTGGAGGCGGCCCGTGCGGCGGAGCAGCTGAGAGCCTACCTGGAGGGCACGTGCGTGGAGTGGCTCCGCAGATACCTGGAGAACGGGAAGGAGACGCTGCAGCGCGCAG
C*07:02:15,GCTCCCACTCCATGAGGTATTTCGACACCGCCGTGTCCCGGCCCGGCCGCGGAGAGCCCCGCTTCATCTCAGTGGGCTACGTGGACGACACGCAGTTCGTGCGGTTCGACAGCGACGCCGCGAGTCCGAGAGGGGAGCCGCGGGCGCCGTGGGTGGAGCAGGAGGGGCCGGAGTATTGGGACCGGGAGACACAGAAGTACAAGCGCCAGGCACAGGCTGACCGAGTGAGCCTGCGGAACCTGCGCGGCTACTACAACCAGAGCGAGGACG,GGTCTCACACCCTCCAGAGGATGTCTGGCTGCGACCTGGGGCCCGATGGGCGCCTCCTCCGCGGGTATGACCAGTCCGCCTACGACGGCAAGGATTACATCGCCCTGAACGAGGACCTGCGCTCCTGGACCGCCGCGGACACCGCGGCTCAGATCACCCAGCGCAAGTTGGAGGCGGCCCGTGCGGCGGAGCAGCTGAGAGCCTACCTGGAGGGCACGTGCGTGGAGTGGCTCCGCAGATACCTGGAGAACGGGAAGGAGACGCTGCAGCGCGCAG
C*07:02:16,GCTCCCACTCCATGAGGTATTTCGACACCGCCGTGTCCCGGCCCGGCCGCGGAGAGCCCCGCTTCATCTCAGTGGGCTACGTGGACGACACGCAGTTCGTGCGGTTCGACAGCGACGCCGCGAGTCCGAGAGGGGAGCCGCGGGCGCCGTGGGTGGAGCAGGAGGGGCCGGAGTATTGGGACCGGGAGACACAGAAGTACAAGCGCCAGGCACAGGCTGACCGAGTGAGCCTGCGGAACCTGCGCGGCTACTACAACCAGAGCGAGGACG,GGTCTCACACCCTCCAGAGGATGTCTGGCTGCGACCTGGGGCCCGACGGGCGCCTCCTCCGCGGGTATGACCAGTCCGCCTACGACGGCAAGGATTACATCGCCCTGAACGAGGACCTGCGCTCCTGGACCGCCGCGGACACCGCGGCTCAGATCACCCAGCGCAAGTTGGAGGCGGCCCGTGCGGCGGAGCAGCTGAGAGCCTACCTGGAGGGCACGTGCGTGGAGTGGCTCCGCAGGTACCTGGAGAACGGGAAGGAGACGCTGCAGCGCGCAG
C*07:02:17,GCTCCCACTCCATGAGGTATTTCGACACCGCCGTGTCCCGGCCCGGCCGCGGAGAGCCCCGCTTCATCTCAGTGGGCTACGTGGACGACACGCAGTTCGTGCGGTTCGACAGCGACGCCGCGAGTCCGAGAGGGGAGCCGCGGGCGCCGTGGGTGGAGCAGGAGGGGCCGGAGTATTGGGACCGGGAGACACAGAAGTACAAGCGCCAGGCACAGGCTGACCGAGTGAGCCTGCGGAACCTGCGCGGCTACTACAACCAGAGCGAGGACG,GGTCTCACACCCTCCAGAGGATGTCTGGCTGCGACCTGGGGCCCGACGGGCGCCTCCTCCGCGGGTATGACCAGTCCGCCTATGACGGCAAGGATTACATCGCCCTGAACGAGGACCTGCGCTCCTGGACCGCCGCGGACACCGCGGCTCAGATCACCCAGCGCAAGTTGGAGGCGGCCCGTGCGGCGGAGCAGCTGAGAGCCTACCTGGAGGGCACGTGCGTGGAGTGGCTCCGCAGATACCTGGAGAACGGGAAGGAGACGCTGCAGCGCGCAG
C*07:02:18,GCTCCCACTCCATGAGGTATTTCGACACCGCCGTGTCCCGGCCCGGCCGCGGAGAGCCCCGCTTCATCTCAGTGGGCTACGTGGACGACACGCAGTTCGTGCGGTTCGACAGCGACGCCGCGAGTCCGAGAGGGGAGCCGCGGGCGCCGTGGGTGGAGCAGGAGGGGCCGGAGTATTGGGACCGGGAGACACAGAAGTACAAGCGCCAGGCACAGGCTGACCGAGTGAGCCTGCGGAACCTGCGCGGCTACTATAACCAGAGCGAGGACG,GGTCTCACACCCTCCAGAGGATGTCTGGCTGCGACCTGGGGCCCGACGGGCGCCTCCTCCGCGGGTATGACCAGTCCGCCTACGACGGCAAGGATTACATCGCCCTGAACGAGGACCTGCGCTCCTGGACCGCCGCGGACACCGCGGCTCAGATCACCCAGCGCAAGTTGGAGGCGGCCCGTGCGGCGGAGCAGCTGAGAGCCTACCTGGAGGGCACGTGCGTGGAGTGGCTCCGCAGATACCTGGAGAACGGGAAGGAGACGCTGCAGCGCGCAG
C*07:02:19,GCTCCCACTCCATGAGGTATTTCGACACCGCCGTGTCCCGGCCCGGCCGCGGAGAGCCCCGCTTCATCTCAGTGGGCTACGTGGACGACACGCAGTTCGTGCGGTTCGACAGCGACGCCGCGAGTCCGAGAGGGGAGCCGCGGGCGCCGTGGGTGGAGCAGGAGGGGCCGGAGTATTGGGACCGGGAGACACAGAAGTACAAGCGCCAGGCACAGGCTGACCGAGTGAGCCTGCGGAACCTGCGTGGCTACTACAACCAGAGCGAGGACG,GGTCTCACACCCTCCAGAGGATGTCTGGCTGCGACCTGGGGCCCGACGGGCGCCTCCTCCGCGGGTATGACCAGTCCGCCTACGACGGCAAGGATTACATCGCCCTGAACGAGGACCTGCGCTCCTGGACCGCCGCGGACACCGCGGCTCAGATCACCCAGCGCAAGTTGGAGGCGGCCCGTGCGGCGGAGCAGCTGAGAGCCTACCTGGAGGGCACGTGCGTGGAGTGGCTCCGCAGATACCTGGAGAACGGGAAGGAGACGCTGCAGCGCGCAG
C*07:02:20,GCTCCCACTCCATGAGGTATTTCGACACCGCCGTGTCCCGGCCCGGCCGCGGAGAGCCCCGCTTCATCTCAGTGGGCTACGTGGACGACACGCAGTTCGTGCGGTTCGACAGCGACGCCGCGAGTCCGAGAGGGGAGCCGCGGGCGCCGTGGGTGGAGCAGGAGGGGCCGGAGTATTGGGACCGGGAGACACAGAAGTACAAGCGCCAGGCACAGGCTGACCGAGTGAGCCTGCGGAACCTGCGCGGCTACTACAACCAGAGCGAGGACG,GGTCTCACACCCTCCAGAGGATGTCTGGCTGCGACCTGGGGCCCGACGGGCGCCTCCTCCGCGGGTATGACCAGTCCGCCTACGACGGCAAGGATTACATCGCCCTGAACGAGGACCTGCGCTCCTGGACCGCCGCGGACACCGCGGCTCAGATCACCCAGCGCAAGTTGGAGGCGGCCCGTGCGGCGGAGCAGCTGAGAGCCTACCTGGAGGGCACTTGCGTGGAGTGGCTCCGCAGATACCTGGAGAACGGGAAGGAGACGCTGCAGCGCGCAG
C*07:02:22,GCTCCCACTCCATGAGGTATTTCGACACCGCCGTGTCCCGGCCCGGCCGCGGAGAGCCCCGCTTCATCTCAGTGGGCTACGTGGACGACACGCAGTTCGTGCGGTTCGACAGCGACGCCGCGAGTCCGAGAGGGGAGCCGCGGGCGCCGTGGGTGGAGCAGGAGGGGCCGGAGTATTGGGACCGGGAGACACAGAAGTACAAGCGCCAGGCACAGGCTGACCGAGTGAGCCTGCGGAACCTGCGCGGCTACTACAACCAGAGCGAGGACG,GGTCTCACACCCTCCAGAGGATGTCTGGCTGCGACCTGGGGCCCGACGGGCGCCTCCTCCGCGGTTATGACCAGTCCGCCTACGACGGCAAGGATTACATCGCCCTGAACGAGGACCTGCGCTCCTGGACCGCCGCGGACACCGCGGCTCAGATCACCCAGCGCAAGTTGGAGGCGGCCCGTGCGGCGGAGCAGCTGAGAGCCTACCTGGAGGGCACGTGCGTGGAGTGGCTCCGCAGATACCTGGAGAACGGGAAGGAGACGCTGCAGCGCGCAG
C*07:02:24,GCTCCCACTCCATGAGGTATTTCGACACCGCCGTGTCCCGGCCCGGCCGCGGAGAGCCCCGCTTCATCTCAGTGGGCTACGTGGACGACACGCAGTTCGTGCGGTTCGACAGCGACGCCGCGAGTCCGAGAGGGGAGCCGCGGGCGCCGTGGGTGGAGCAGGAGGGGCCGGAGTATTGGGACCGGGAGACACAGAAGTACAAGCGCCAGGCACAGGCTGACCGAGTGAGCCTGCGGAACCTGCGCGGCTACTACAACCAGAGCGAGGACG,GGTCTCACACCCTCCAGAGGATGTCTGGCTGCGACCTGGGGCCCGACGGGCGCCTCCTCCGCGGGTATGACCAGTCCGCCTACGACGGCAAGGATTACATCGCCCTGAACGAGGACCTGCGCTCCTGGACCGCCGCGGACACCGCGGCCCAGATCACCCAGCGCAAGTTGGAGGCGGCCCGTGCGGCGGAGCAGCTGAGAGCCTACCTGGAGGGCACGTGCGTGGAGTGGCTCCGCAGATACCTGGAGAACGGGAAGGAGACGCTGCAGCGCGCAG
C*07:02:25,GCTCGCACTCCATGAGGTATTTCGACACCGCCGTGTCCCGGCCCGGCCGCGGAGAGCCCCGCTTCATCTCAGTGGGCTACGTGGACGACACGCAGTTCGTGCGGTTCGACAGCGACGCCGCGAGTCCGAGAGGGGAGCCGCGGGCGCCGTGGGTGGAGCAGGAGGGGCCGGAGTATTGGGACCGGGAGACACAGAAGTACAAGCGCCAGGCACAGGCTGACCGAGTGAGCCTGCGGAACCTGCGCGGCTACTACAACCAGAGCGAGGACG,GGTCTCACACCCTCCAGAGGATGTCTGGCTGCGACCTGGGGCCCGACGGGCGCCTCCTCCGCGGGTATGACCAGTCCGCCTACGACGGCAAGGATTACATCGCCCTGAACGAGGACCTGCGCTCCTGGACCGCCGCGGACACCGCGGCTCAGATCACCCAGCGCAAGTTGGAGGCGGCCCGTGCGGCGGAGCAGCTGAGAGCCTACCTGGAGGGCACGTGCGTGGAGTGGCTCCGCAGATACCTGGAGAACGGGAAGGAGACGCTGCAGCGCGCAG
C*07:02:26,GCTCCCATTCCATGAGGTATTTCGACACCGCCGTGTCCCGGCCCGGCCGCGGAGAGCCCCGCTTCATCTCAGTGGGCTACGTGGACGACACGCAGTTCGTGCGGTTCGACAGCGACGCCGCGAGTCCGAGAGGGGAGCCGCGGGCGCCGTGGGTGGAGCAGGAGGGGCCGGAGTATTGGGACCGGGAGACACAGAAGTACAAGCGCCAGGCACAGGCTGACCGAGTGAGCCTGCGGAACCTGCGCGGCTACTACAACCAGAGCGAGGACG,GGTCTCACACCCTCCAGAGGATGTCTGGCTGCGACCTGGGGCCCGACGGGCGCCTCCTCCGCGGGTATGACCAGTCCGCCTACGACGGCAAGGATTACATCGCCCTGAACGAGGACCTGCGCTCCTGGACCGCCGCGGACACCGCGGCTCAGATCACCCAGCGCAAGTTGGAGGCGGCCCGTGCGGCGGAGCAGCTGAGAGCCTACCTGGAGGGCACGTGCGTGGAGTGGCTCCGCAGATACCTGGAGAACGGGAAGGAGACGCTGCAGCGCGCAG
C*07:02:27,GCTCCCACTCCATGAGGTATTTCGACACCGCCGTGTCCCGGCCCGGCCGCGGAGAGCCCCGCTTCATCTCAGTGGGCTACGTGGACGACACGCAGTTCGTGCGGTTCGACAGCGACGCCGCGAGTCCGAGAGGGGAGCCGCGGGCGCCGTGGGTGGAGCAGGAGGGTCCGGAGTATTGGGACCGGGAGACACAGAAGTACAAGCGCCAGGCACAGGCTGACCGAGTGAGCCTGCGGAACCTGCGCGGCTACTACAACCAGAGCGAGGACG,GGTCTCACACCCTCCAGAGGATGTCTGGCTGCGACCTGGGGCCCGACGGGCGCCTCCTCCGCGGGTATGACCAGTCCGCCTACGACGGCAAGGATTACATCGCCCTGAACGAGGACCTGCGCTCCTGGACCGCCGCGGACACCGCGGCTCAGATCACCCAGCGCAAGTTGGAGGCGGCCCGTGCGGCGGAGCAGCTGAGAGCCTACCTGGAGGGCACGTGCGTGGAGTGGCTCCGCAGATACCTGGAGAACGGGAAGGAGACGCTGCAGCGCGCAG
C*07:02:28,GCTCCCACTCCATGAGGTATTTCGACACCGCCGTGTCCCGGCCCGGCCGCGGAGAGCCCCGCTTCATCTCAGTGGGCTACGTGGACGACACGCAGTTCGTGCGGTTCGACAGCGACGCCGCGAGTCCGAGAGGGGAGCCGCGGGCGCCGTGGGTGGAGCAGGAGGGGCCGGAGTATTGGGACCGGGAGACACAGAAGTACAAGCGCCAGGCACAGGCTGACCGAGTGAGCCTGCGGAACCTGCGCGGCTACTACAACCAGAGCGAGGACG,GGTCTCACACCCTCCAGAGGATGTCTGGCTGCGACCTGGGGCCCGACGGGCGCCTCCTCCGCGGGTATGACCAGTCCGCCTACGACGGCAAGGATTACATCGCCCTGAACGAGGACCTGCGCTCCTGGACCGCCGCGGACACCGCGGCTCAGATCACCCAGCGCAAGTTGGAGGCAGCCCGTGCGGCGGAGCAGCTGAGAGCCTACCTGGAGGGCACGTGCGTGGAGTGGCTCCGCAGATACCTGGAGAACGGGAAGGAGACGCTGCAGCGCGCAG
C*07:02:29,GCTCCCACTCCATGAGGTATTTCGACACCGCCGTGTCCCGGCCCGGCCGCGGAGAGCCCCGCTTCATCTCAGTGGGCTACGTGGACGACACGCAGTTCGTGCGGTTCGACAGCGACGCCGCGAGTCCGAGAGGGGAGCCGCGGGCGCCGTGGGTGGAGCAGGAGGGGCCGGAGTATTGGGACCGGGAGACACAGAAGTACAAGCGCCAGGCACAGGCTGATCGAGTGAGCCTGCGGAACCTGCGCGGCTACTACAACCAGAGCGAGGACG,GGTCTCACACCCTCCAGAGGATGTCTGGCTGCGACCTGGGGCCCGACGGGCGCCTCCTCCGCGGGTATGACCAGTCCGCCTACGACGGCAAGGATTACATCGCCCTGAACGAGGACCTGCGCTCCTGGACCGCCGCGGACACCGCGGCTCAGATCACCCAGCGCAAGTTGGAGGCGGCCCGTGCGGCGGAGCAGCTGAGAGCCTACCTGGAGGGCACGTGCGTGGAGTGGCTCCGCAGATACCTGGAGAACGGGAAGGAGACGCTGCAGCGCGCAG
C*07:02:30,GCTCCCACTCCATGAGGTATTTCGACACCGCCGTGTCCCGGCCCGGCCGCGGAGAGCCCCGCTTCATCTCAGTGGGCTACGTGGACGACACCCAGTTCGTGCGGTTCGACAGCGACGCCGCGAGTCCGAGAGGGGAGCCGCGGGCGCCGTGGGTGGAGCAGGAGGGGCCGGAGTATTGGGACCGGGAGACACAGAAGTACAAGCGCCAGGCACAGGCTGACCGAGTGAGCCTGCGGAACCTGCGCGGCTACTACAACCAGAGCGAGGACG,GGTCTCACACCCTCCAGAGGATGTCTGGCTGCGACCTGGGGCCCGACGGGCGCCTCCTCCGCGGGTATGACCAGTCCGCCTACGACGGCAAGGATTACATCGCCCTGAACGAGGACCTGCGCTCCTGGACCGCCGCGGACACCGCGGCTCAGATCACCCAGCGCAAGTTGGAGGCGGCCCGTGCGGCGGAGCAGCTGAGAGCCTACCTGGAGGGCACGTGCGTGGAGTGGCTCCGCAGATACCTGGAGAACGGGAAGGAGACGCTGCAGCGCGCAG
C*07:02:31,GCTCCCACTCCATGAGGTATTTCGACACCGCCGTGTCCCGGCCCGGCCGCGGAGAGCCCCGCTTCATCTCAGTGGGCTACGTGGACGACACGCAGTTCGTGAGGTTCGACAGCGACGCCGCGAGTCCGAGAGGGGAGCCGCGGGCGCCGTGGGTGGAGCAGGAGGGGCCGGAGTATTGGGACCGGGAGACACAGAAGTACAAGCGCCAGGCACAGGCTGACCGAGTGAGCCTGCGGAACCTGCGCGGCTACTACAACCAGAGCGAGGACG,GGTCTCACACCCTCCAGAGGATGTCTGGCTGCGACCTGGGGCCCGACGGGCGCCTCCTCCGCGGGTATGACCAGTCCGCCTACGACGGCAAGGATTACATCGCCCTGAACGAGGACCTGCGCTCCTGGACCGCCGCGGACACCGCGGCTCAGATCACCCAGCGCAAGTTGGAGGCGGCCCGTGCGGCGGAGCAGCTGAGAGCCTACCTGGAGGGCACGTGCGTGGAGTGGCTCCGCAGATACCTGGAGAACGGGAAGGAGACGCTGCAGCGCGCAG
C*07:02:32,GCTCCCACTCCATGAGGTATTTCGACACCGCCGTGTCCCGGCCCGGCCGCGGAGAGCCCCGCTTCATCTCAGTGGGCTACGTGGACGACACGCAGTTCGTGCGGTTCGACAGCGACGCCGCGAGTCCGAGAGGGGAGCCGCGGGCGCCGTGGGTGGAGCAGGAGGGGCCGGAGTATTGGGACCGGGAGACACAGAAGTACAAGCGCCAGGCACAGGCTGACCGAGTGAGCCTGCGGAACCTGCGCGGCTACTACAACCAGAGCGAGGACG,GGTCTCACACCCTCCAGAGGATGTCTGGCTGCGACCTGGGGCCCGACGGGCGCCTCCTCCGCGGGTATGACCAGTCCGCCTACGACGGCAAGGATTACATCGCCCTGAACGAGGATCTGCGCTCCTGGACCGCCGCGGACACCGCGGCTCAGATCACCCAGCGCAAGTTGGAGGCGGCCCGTGCGGCGGAGCAGCTGAGAGCCTACCTGGAGGGCACGTGCGTGGAGTGGCTCCGCAGATACCTGGAGAACGGGAAGGAGACGCTGCAGCGCGCAG
C*07:02:33,GCTCCCACTCCATGAGGTATTTCGACACCGCCGTGTCCCGGCCCGGCCGCGGAGAGCCCCGCTTCATCTCAGTGGGCTACGTGGACGACACGCAGTTCGTGCGGTTCGACAGCGACGCCGCGAGTCCGAGAGGGGAGCCGCGGGCGCCGTGGGTGGAGCAGGAGGGGCCGGAGTATTGGGACCGGGAGACACAGAAGTACAAGCGCCAGGCACAGGCTGACCGAGTTAGCCTGCGGAACCTGCGCGGCTACTACAACCAGAGCGAGGACG,GGTCTCACACCCTCCAGAGGATGTCTGGCTGCGACCTGGGGCCCGACGGGCGCCTCCTCCGCGGGTATGACCAGTCCGCCTACGACGGCAAGGATTACATCGCCCTGAACGAGGACCTGCGCTCCTGGACCGCCGCGGACACCGCGGCTCAGATCACCCAGCGCAAGTTGGAGGCGGCCCGTGCGGCGGAGCAGCTGAGAGCCTACCTGGAGGGCACGTGCGTGGAGTGGCTCCGCAGATACCTGGAGAACGGGAAGGAGACGCTGCAGCGCGCAG
C*07:02:34,GCTCCCACTCCATGAGGTATTTCGACACCGCCGTGTCCCGGCCCGGCCGCGGAGAGCCCCGCTTCATCTCAGTGGGCTACGTGGACGACACGCAGTTCGTGCGGTTCGACAGCGACGCCGCGAGTCCGAGAGGGGAGCCGCGGGCGCCGTGGGTGGAGCAGGAGGGGCCGGAGTATTGGGACCGGGAGACACAGAAGTACAAGCGCCAGGCACAGGCTGACCGAGTGAGCCTGCGGAACCTGCGCGGCTACTACAACCAGAGCGAGGACG,GGTCTCACACCCTCCAGAGGATGTCTGGCTGCGACCTGGGGCCCGACGGGCGCCTCCTCCGCGGGTATGACCAGTCCGCCTACGACGGCAAGGATTACATCGCCCTGAACGAGGACCTGCGCTCCTGGACCGCCGCGGACACCGCGGCTCAGATCACCCAGCGCAAGTTGGAGGCGGCCCGTGCGGCGGAGCAGCTGAGAGCCTACCTGGAGGGCACGTGCGTAGAGTGGCTCCGCAGATACCTGGAGAACGGGAAGGAGACGCTGCAGCGCGCAG
C*07:02:35,GCTCCCACTCCATGAGGTATTTCGACACCGCCGTGTCCCGGCCCGGCCGCGGAGAGCCCCGCTTCATCTCAGTGGGCTACGTGGACGACACGCAGTTCGTGCGGTTCGACAGCGACGCCGCGAGTCCGAGAGGGGAGCCGCGGGCGCCGTGGGTGGAGCAGGAGGGGCCGGAGTATTGGGACCGGGAGACACAGAAGTACAAGCGCCAGGCACAGGCTGACCGAGTGAGCCTGCGGAACCTGCGCGGCTACTACAACCAGAGCGAGGACG,GGTCTCACACCCTCCAGAGGATGTCTGGCTGCGACCTGGGGCCCGACGGGCGCCTCCTCCGCGGGTATGACCAGTCCGCCTACGACGGCAAGGATTACATCGCCCTGAATGAGGACCTGCGCTCCTGGACCGCCGCGGACACCGCGGCTCAGATCACCCAGCGCAAGTTGGAGGCGGCCCGTGCGGCGGAGCAGCTGAGAGCCTACCTGGAGGGCACGTGCGTGGAGTGGCTCCGCAGATACCTGGAGAACGGGAAGGAGACGCTGCAGCGCGCAG
C*07:02:36,GCTCCCACTCCATGAGGTATTTCGACACCGCCGTGTCCCGGCCTGGCCGCGGAGAGCCCCGCTTCATCTCAGTGGGCTACGTGGACGACACGCAGTTCGTGCGGTTCGACAGCGACGCCGCGAGTCCGAGAGGGGAGCCGCGGGCGCCGTGGGTGGAGCAGGAGGGGCCGGAGTATTGGGACCGGGAGACACAGAAGTACAAGCGCCAGGCACAGGCTGACCGAGTGAGCCTGCGGAACCTGCGCGGCTACTACAACCAGAGCGAGGACG,GGTCTCACACCCTCCAGAGGATGTCTGGCTGCGACCTGGGGCCCGACGGGCGCCTCCTCCGCGGGTATGACCAGTCCGCCTACGACGGCAAGGATTACATCGCCCTGAACGAGGACCTGCGCTCCTGGACCGCCGCGGACACCGCGGCTCAGATCACCCAGCGCAAGTTGGAGGCGGCCCGTGCGGCGGAGCAGCTGAGAGCCTACCTGGAGGGCACGTGCGTGGAGTGGCTCCGCAGATACCTGGAGAACGGGAAGGAGACGCTGCAGCGCGCAG
C*07:02:37,GCTCCCACTCCATGAGGTATTTCGACACCGCCGTGTCCCGGCCCGGCCGCGGAGAGCCCCGCTTCATCTCAGTGGGCTACGTGGACGACACGCAGTTCGTGCGGTTCGACAGCGACGCCGCGAGTCCGAGAGGGGAGCCGCGGGCGCCGTGGGTGGAGCAGGAGGGGCCGGAGTATTGGGACCGGGAGACACAGAAGTACAAGCGCCAGGCACAGGCTGACCGAGTGAGCCTGCGGAACCTGCGCGGCTACTACAACCAGAGCGAGGACG,GGTCTCACACCCTCCAGAGGATGTCTGGCTGCGACCTGGGGCCCGACGGGCGCCTCCTCCGCGGGTATGACCAGTCCGCCTACGACGGCAAGGATTACATCGCCCTGAACGAGGACCTGCGCTCCTGGACCGCCGCGGATACCGCGGCTCAGATCACCCAGCGCAAGTTGGAGGCGGCCCGTGCGGCGGAGCAGCTGAGAGCCTACCTGGAGGGCACGTGCGTGGAGTGGCTCCGCAGATACCTGGAGAACGGGAAGGAGACGCTGCAGCGCGCAG
C*07:02:38,GCTCCCACTCCATGAGGTATTTCGACACCGCCGTGTCCCGGCCCGGCCGCGGAGAGCCCCGCTTCATCTCAGTGGGCTACGTGGACGACACGCAGTTCGTGCGGTTCGACAGCGACGCCGCGAGTCCGAGAGGGGAGCCGCGGGCGCCGTGGGTGGAGCAGGAGGGGCCGGAGTATTGGGACCGGGAGACACAGAAGTACAAGCGCCAGGCACAGGCTGACCGAGTGAGCCTGCGGAACCTGCGCGGCTACTACAACCAGAGCGAGGACG,GGTCTCACACCCTCCAGAGGATGTCTGGCTGCGACCTGGGGCCCGACGGGCGCCTCCTCCGCGGGTATGACCAGTCCGCCTACGACGGCAAGGATTACATCGCCCTGAACGAGGACCTGCGCTCCTGGACCGCTGCGGACACCGCGGCTCAGATCACCCAGCGCAAGTTGGAGGCGGCCCGTGCGGCGGAGCAGCTGAGAGCCTACCTGGAGGGCACGTGCGTGGAGTGGCTCCGCAGATACCTGGAGAACGGGAAGGAGACGCTGCAGCGCGCAG
C*07:02:39,GCTCCCACTCCATGAGGTATTTCGACACCGCCGTGTCCCGGCCCGGCCGCGGAGAGCCCCGCTTCATCTCAGTGGGCTACGTGGATGACACGCAGTTCGTGCGGTTCGACAGCGACGCCGCGAGTCCGAGAGGGGAGCCGCGGGCGCCGTGGGTGGAGCAGGAGGGGCCGGAGTATTGGGACCGGGAGACACAGAAGTACAAGCGCCAGGCACAGGCTGACCGAGTGAGCCTGCGGAACCTGCGCGGCTACTACAACCAGAGCGAGGACG,GGTCTCACACCCTCCAGAGGATGTCTGGCTGCGACCTGGGGCCCGACGGGCGCCTCCTCCGCGGGTATGACCAGTCCGCCTACGACGGCAAGGATTACATCGCCCTGAACGAGGACCTGCGCTCCTGGACCGCCGCGGACACCGCGGCTCAGATCACCCAGCGCAAGTTGGAGGCGGCCCGTGCGGCGGAGCAGCTGAGAGCCTACCTGGAGGGCACGTGCGTGGAGTGGCTCCGCAGATACCTGGAGAACGGGAAGGAGACGCTGCAGCGCGCAG
C*07:03,GCTCCCACTCCATGAGGTATTTCGACACCGCCGTGTCCCGGCCCGGCGCCGGAGAGCCCCGCTTCATCTCAGTGGGCTACGTGGACGACACGCAGTTCGTGCGGTTCGACAGCGACGCCGCGAGTCCGAGAGGGGAGCCGCGGGCGCCGTGGGTGGAGCAGGAGGGGCCGGAGTATTGGGACCGGGAGACACAGAAGTACAAGCGCCAGGCACAGGCTGACCGAGTGAGCCTGCGGAACCTGCGCGGCTACTACAACCAGAGCGAGGACG,GGTCTCACACCCTCCAGAGGATGTCTGGCTGCGACCTGGGGCCCGACGGGCGCCTCCTCCGCGGGTATGACCAGTCCGCCTACGACGGCAAGGATTACATCGCCCTGAACGAGGACCTGCGCTCCTGGACCGCGGCGGACACCGCGGCTCAGATCACCCAGCGCAAGTGGGAGGCGGCCCGTGCGGCGGAGCAGCTGAGAGCCTACCTGGAGGGACTGTGCGTGGAGTGGCTCCGCAGATACCTGGAGAACGGGAAGGAGACGCTGCAGCGCGCAG
C*07:04:01G,GCTCCCACTCCATGAGGTATTTCGACACCGCCGTGTCCCGGCCCGGCCGCGGAGAGCCCCGCTTCATCTCAGTGGGCTACGTGGACGACACGCAGTTCGTGCGGTTCGACAGCGACGCCGCGAGTCCGAGAGGGGAGCCCCGGGCGCCGTGGGTGGAGCAGGAGGGGCCGGAGTATTGGGACCGGGAGACACAGAAGTACAAGCGCCAGGCACAGGCTGACCGAGTGAGCCTGCGGAACCTGCGCGGCTACTACAACCAGAGCGAGGACG,GGTCTCACACCTTCCAGAGGATGTATGGCTGCGACCTGGGGCCCGACGGGCGCCTCCTCCGCGGGTATGACCAGTTCGCCTACGACGGCAAGGATTACATCGCCCTGAACGAGGACCTGCGCTCCTGGACCGCCGCGGACACCGCGGCTCAGATCACCCAGCGCAAGTTGGAGGCGGCCCGTGCGGCGGAGCAGGACAGAGCCTACCTGGAGGGCACGTGCGTGGAGTGGCTCCGCAGATACCTGGAGAACGGGAAGAAGACGCTGCAGCGCGCGG
C*07:04:02,GCTCCCACTCCATGAGGTATTTCGACACCGCCGTGTCCCGGCCCGGCCGCGGAGAGCCCCGCTTCATCTCAGTGGGCTACGTGGACGACACGCAGTTCGTGCGGTTCGACAGCGACGCCGCGAGTCCGAGAGGGGAGCCCCGGGCGCCGTGGGTGGAGCAGGAGGGGCCGGAGTATTGGGACCGGGAGACACAGAAGTACAAGCGCCAGGCACAGGCTGACCGAGTGAGCCTGCGGAACCTGCGCGGCTACTATAACCAGAGCGAGGACG,GGTCTCACACCTTCCAGAGGATGTATGGCTGCGACCTGGGGCCCGACGGGCGCCTCCTCCGCGGGTATGACCAGTTCGCCTACGACGGCAAGGATTACATCGCCCTGAACGAGGACCTGCGCTCCTGGACCGCCGCGGACACCGCGGCTCAGATCACCCAGCGCAAGTTGGAGGCGGCCCGTGCGGCGGAGCAGGACAGAGCCTACCTGGAGGGCACGTGCGTGGAGTGGCTCCGCAGATACCTGGAGAACGGGAAGAAGACGCTGCAGCGCGCGG
C*07:04:03,GCTCCCACTCCATGAGGTATTTCGACACCGCCGTGTCCCGGCCCGGCCGCGGAGAGCCCCGCTTCATCTCAGTGGGCTACGTGGACGACACGCAGTTCGTGCGGTTCGACAGCGACGCCGCGAGTCCGAGAGGGGAGCCCCGGGCGCCGTGGGTGGAGCAGGAGGGGCCGGAGTATTGGGACCGGGAGACACAGAAGTACAAGCGCCAGGCACAGGCTGACCGAGTGAGCCTGCGGAACCTGCGCGGCTACTACAACCAGAGCGAGGACG,GGTCTCACACCTTCCAGAGGATGTACGGCTGCGACCTGGGGCCCGACGGGCGCCTCCTCCGCGGGTATGACCAGTTCGCCTACGACGGCAAGGATTACATCGCCCTGAACGAGGACCTGCGCTCCTGGACCGCCGCGGACACCGCGGCTCAGATCACCCAGCGCAAGTTGGAGGCGGCCCGTGCGGCGGAGCAGGACAGAGCCTACCTGGAGGGCACGTGCGTGGAGTGGCTCCGCAGATACCTGGAGAACGGGAAGAAGACGCTGCAGCGCGCGG
C*07:04:04,GCTCCCACTCCATGAGGTATTTCGACACCGCCGTGTCCCGGCCCGGCCGCGGAGAGCCCCGCTTCATCTCAGTGGGCTACGTGGACGACACGCAGTTCGTGCGGTTCGACAGCGACGCCGCGAGTCCGAGAGGGGAGCCCCGGGCGCCGTGGGTGGAGCAGGAGGGGCCGGAGTATTGGGACCGGGAGACACAGAAGTACAAGCGCCAGGCACAGGCTGACCGAGTGAGCCTGCGGAACCTGCGCGGCTACTACAACCAGAGCGAGGACG,GGTCTCACACCTTCCAGAGGATGTATGGCTGCGACCTGGGGCCCGACGGGCGCCTCCTCCGCGGGTATGACCAGTTCGCCTACGACGGCAAGGATTACATCGCCCTGAACGAGGACCTGCGCTCCTGGACCGCCGCGGACACCGCGGCTCAGATCACCCAGCGCAAGTTGGAGGCGGCCCGTGCGGCGGAGCAGGACAGAGCTTACCTGGAGGGCACGTGCGTGGAGTGGCTCCGCAGATACCTGGAGAACGGGAAGAAGACGCTGCAGCGCGCGG
C*07:04:05,GCTCCCACTCCATGAGGTATTTCGACACCGCCGTGTCCCGGCCCGGCCGCGGGGAGCCCCGCTTCATCTCAGTGGGCTACGTGGACGACACGCAGTTCGTGCGGTTCGACAGCGACGCCGCGAGTCCGAGAGGGGAGCCCCGGGCGCCGTGGGTGGAGCAGGAGGGGCCGGAGTATTGGGACCGGGAGACACAGAAGTACAAGCGCCAGGCACAGGCTGACCGAGTGAGCCTGCGGAACCTGCGCGGCTACTACAACCAGAGCGAGGACG,GGTCTCACACCTTCCAGAGGATGTATGGCTGCGACCTGGGGCCCGACGGGCGCCTCCTCCGCGGGTATGACCAGTTCGCCTACGACGGCAAGGATTACATCGCCCTGAACGAGGACCTGCGCTCCTGGACCGCCGCGGACACCGCGGCTCAGATCACCCAGCGCAAGTTGGAGGCGGCCCGTGCGGCGGAGCAGGACAGAGCCTACCTGGAGGGCACGTGCGTGGAGTGGCTCCGCAGATACCTGGAGAACGGGAAGAAGACGCTGCAGCGCGCGG
C*07:04:06,GCTCCCACTCCATGAGGTATTTCGACACCGCCGTGTCCCGGCCCGGCCGCGGAGAGCCCCGCTTCATCTCAGTGGGCTACGTGGACGACACGCAGTTCGTGCGGTTCGACAGCGACGCCGCGAGTCCGAGAGGGGAGCCCCGGGCGCCGTGGGTGGAGCAGGAGGGGCCGGAGTATTGGGACCGGGAGACACAGAAGTACAAGCGCCAGGCACAGGCTGACCGAGTGAGCCTGCGGAACCTGCGCGGCTACTACAACCAGAGCGAGGACG,GGTCTCACACCTTCCAGAGGATGTATGGCTGCGACCTGGGGCCCGACGGGCGCCTCCTCCGCGGGTATGACCAGTTCGCCTACGACGGCAAGGATTACATCGCCCTGAACGAGGACCTGCGCTCCTGGACCGCCGCGGACACCGCGGCTCAGATCACCCAGCGCAAGTTGGAGGCGGCCCGTGCGGCGGAGCAGGACAGAGCCTACCTGGAGGGCACGTGCGTGGAGTGGCTCCGCAGATACCTGGAGAACGGGAAGAAGACGCTGCAGCGTGCGG
C*07:04:07,GCTCCCACTCCATGAGGTATTTCGACACCGCCGTGTCCCGGCCCGGCCGCGGAGAGCCCCGCTTCATCTCAGTGGGCTACGTGGACGACACGCAGTTCGTGCGGTTCGACAGCGACGCCGCGAGTCCGAGAGGGGAGCCCCGGGCGCCGTGGGTGGAGCAGGAGGGGCCGGAGTATTGGGACCGGGAGACACAGAAGTACAAGCGCCAGGCACAGGCTGACCGAGTGAGCCTGCGGAACCTGCGCGGCTACTACAACCAGAGCGAGGACG,GGTCTCATACCTTCCAGAGGATGTATGGCTGCGACCTGGGGCCCGACGGGCGCCTCCTCCGCGGGTATGACCAGTTCGCCTACGACGGCAAGGATTACATCGCCCTGAACGAGGACCTGCGCTCCTGGACCGCCGCGGACACCGCGGCTCAGATCACCCAGCGCAAGTTGGAGGCGGCCCGTGCGGCGGAGCAGGACAGAGCCTACCTGGAGGGCACGTGCGTGGAGTGGCTCCGCAGATACCTGGAGAACGGGAAGAAGACGCTGCAGCGCGCGG
C*07:04:08,GCTCCCACTCCATGAGGTATTTCGACACCGCCGTGTCCCGGCCCGGCCGCGGAGAGCCCCGCTTCATCTCAGTGGGCTACGTGGACGACACGCAGTTCGTGCGGTTCGACAGCGACGCCGCGAGTCCGAGAGGGGAGCCCCGGGCGCCGTGGGTGGAGCAGGAGGGGCCGGAGTATTGGGACCGGGAGACACAGAAGTACAAGCGCCAGGCACAGGCTGACCGAGTGAGCCTGCGGAACCTGCGCGGCTACTACAACCAGAGCGAGGACG,GGTCTCACACCTTCCAGAGGATGTATGGCTGCGACCTGGGGCCCGACGGGCGCCTCCTCCGCGGGTATGACCAGTTCGCCTACGACGGCAAGGATTACATCGCCCTGAACGAGGACCTGCGCTCCTGGACCGCTGCGGACACCGCGGCTCAGATCACCCAGCGCAAGTTGGAGGCGGCCCGTGCGGCGGAGCAGGACAGAGCCTACCTGGAGGGCACGTGCGTGGAGTGGCTCCGCAGATACCTGGAGAACGGGAAGAAGACGCTGCAGCGCGCGG
C*07:05,GCTCCCACTCCATGAGGTATTTCGACACCGCCGTGTCCCGGCCCGGCCGCGGAGAGCCCCGCTTCATCTCAGTGGGCTACGTGGACGACACGCAGTTCGTGCGGTTCGACAGCGACGCCGCGAGTCCGAGAGGGGAGCCGCGGGCGCCGTGGGTGGAGCAGGAGGGGCCGGAGTATTGGGACCGGGAGACACAGAAGTACAAGCGCCAGGCACAGGCTGACCGAGTGAGCCTGCGGAACCTGCGCGGCTACTACAACCAGAGCGAGGACG,GGTCTCACACCCTCCAGAATATGTATGGCTGCGACCTGGGGCCCGACGGGCGCCTCCTCCGCGGGTATGACCAGTCCGCCTACGACGGCAAGGATTACATCGCCCTGAACGAGGACCTGCGCTCCTGGACCGCCGCGGACACCGCGGCTCAGATCACCCAGCGCAAGTTGGAGGCGGCCCGTGCGGCGGAGCAGCTGAGAGCCTACCTGGAGGGCACGTGCGTGGAGTGGCTCCGCAGATACCTGGAGAACGGGAAGGAGACGCTGCAGCGCGCAG
C*07:07,GCTCCCACTCCATGAGGTATTTCGACACCGCCGTGTCCCGGCCCGGCCGCGGAGAGCCCCGCTTCATCTCAGTGGGCTACGTGGACGACACGCAGTTCGTGCGGTTCGACAGCGACGCCGCGAGTCCGAGAGGGGAGCCGCGGGCGCCGTGGGTGGAGCAGGAGGGGCCGGAGTATTGGGACCGGGAGACACAGAACTACAAGCGCCAGGCACAGGCTGACCGAGTGAACCTGCGGAAACTGCGCGGCTACTACAACCAGAGCGAGGCCG,GGTCTCACACCCTCCAGAGGATGTATGGCTGCGACCTGGGGCCCGACGGGCGCCTCCTCCGCGGGTATGACCAGTCCGCCTACGACGGCAAGGATTACATCGCCCTGAACGAGGACCTGCGCTCCTGGACCGCCGCGGACACCGCGGCTCAGATCACCCAGCGCAAGTTGGAGGCGGCCCGTGCGGCGGAGCAGCTGAGAGCCTACCTGGAGGGCACGTGCGTGGAGTGGCTCCGCAGATACCTGGAGAACGGGAAGGAGACGCTGCAGCGCGCAG
C*07:08,GCTCCCACTCCATGAGGTATTTCGACACCGCCGTGTCCCGGCCCGGCCGCGGAGAGCCCCGCTTCATCTCAGTGGGCTACGTGGACGACACGCAGTTCGTGCGGTTCGACAGCGACGCCGCGAGTCCGAGAGGGGAGCCGCGGGCGCCGTGGGTGGAGCAGGAGGGGCCGGAGTATTGGGACCGGGAGACACAGAAGTACAAGCGCCAGGCACAGGCTGACCGAGTGAGCCTGCGGAACCTGCGCGGCTACTACAACCAGAGCGAGGACG,GGTCTCACACCCTCCAGAGGATGTTTGGCTGCGACCTGGGGCCCGACGGGCGCCTCCTCCGCGGGTATGACCAGTCCGCCTACGACGGCAAGGATTACATCGCCCTGAACGAGGACCTGCGCTCCTGGACCGCCGCGGACACCGCGGCTCAGATCACCCAGCGCAAGTTGGAGGCGGCCCGTGCGGCGGAGCAGCTGAGAGCCTACCTGGAGGGCACGTGCGTGGAGTGGCTCCGCAGATACCTGGAGAACGGGAAGGAGACGCTGCAGCGCGCAG
C*07:09,GCTCCCACTCCATGAGGTATTTCGACACCGCCGTGTCCCGGCCCGGCCGCGGAGAGCCCCGCTTCATCTCAGTGGGCTACGTGGACGACACGCAGTTCGTGCGGTTCGACAGCGACGCCGCGAGTCCGAGAGGGGAGCCGCGGGCGCCGTGGGTGGAGCAGGAGGGGCCGGAGTATTGGGACCGGGAGACACAGAACTACAAGCGCCAGGCACAGGCTGACCGAGTGAACCTGCGGAAACTGCGCGGCTACTACAACCAGAGCGAGGACG,GGTCTCACACCCTCCAGAGGATGTATGGCTGCGACCTGGGGCCCGACGGGCGCCTCCTCCGCGGGTATGACCAGTCCGCCTACGACGGCAAGGATTACATCGCCCTGAACGAGGACCTGCGCTCCTGGACCGCCGCGGACACCGCGGCTCAGATCACCCAGCGCAAGTTGGAGGCGGCCCGTGCGGCGGAGCAGCTGAGAGCCTACCTGGAGGGCACGTGCGTGGAGTGGCTCCGCAGATACCTGGAGAACGGGAAGGAGACGCTGCAGCGCGCAG
C*07:10,GCTCCCACTCCATGAGGTATTTCGACACCGCCGTGTCCCGGCCCGGCCGCGGAGAGCCCCGCTTCATCTCAGTGGGCTACGTGGACGACACGCAGTTCGTGCGGTTCGACAGCGACGCCGCGAGTCCGAGAGGGGAGCCGCGGGCGCCGTGGGTGGAGCAGGAGGGGCCGGAGTATTGGGACCGGGAGACACAGAAGTACAAGCGCCAGGCACAGGCTGACCGAGTGAGCCTGCGGAACCTGCGCGGCTACTACAACCAGAGCGAGGACG,GGTCTCACATCATCCAGAGGATGTCTGGCTGCGACCTGGGGCCCGACGGGCGCCTCCTCCGCGGGTATGACCAGTCCGCCTACGACGGCAAGGATTACATCGCCCTGAACGAGGACCTGCGCTCCTGGACCGCCGCGGACACCGCGGCTCAGATCACCCAGCGCAAGTTGGAGGCGGCCCGTGCGGCGGAGCAGCTGAGAGCCTACCTGGAGGGCACGTGCGTGGAGTGGCTCCGCAGATACCTGGAGAACGGGAAGGAGACGCTGCAGCGCGCAG
C*07:12,GCTCCCACTCCATGAGGTATTTCGACACCGCCGTGTCCCGGCCCGGCCGCGGAGAGCCCCGCTTCATCTCAGTGGGCTACGTGGACGACACGCAGTTCGTGCGGTTCGACAGCGACGCCGCGAGTCCGAGAGGGGAGCCCCGGGCGCCGTGGGTGGAGCAGGAGGGGCCGGAGTATTGGGACCGGGAGACACAGAAGTACAAGCGCCAGGCACAGGCTGACCGAGTGAGCCTGCGGAACCTGCGCGGCTACTACAACCAGAGCGAGGACG,GGTCTCACACCTTCCAGAGGATGTATGGCTGCGACCTGGGGCCCGACGGGCGCCTCCTCCGCGGGTATGACCAGTTCGCCTACGACGGCAAGGATTACATCGCCCTGAACGAGGACCTGCGCTCCTGGACCGCCGCGGACACCGCGGCTCAGATCACCCAGCGCAAGTGGGAGGCGGCCCGTGCGGCGGAGCAGGACAGAGCCTACCTGGAGGGCACGTGCGTGGAGTGGCTCCGCAGATACCTGGAGAACGGGAAGAAGACGCTGCAGCGCGCGG
C*07:13,GCTCCCACTCCATGAGGTATTTCGACACCGCCGTGTCCCGGCCCGGCCGCGGAGAGCCCCGCTTCATCTCAGTGGGCTACGTGGACGACACGCAGTTCGTGCGGTTCGACAGCGACGCCGCGAGTCCGAGAGGGGAGCCGCGGGCGCCGTGGGTGGAGCAGGAGGGGCCGGAGTATTGGGACCGGGAGACACAGAAGTACAAGCGCCAGGCACAGGCTGACCGAGTGAGCCTGCGGAACCTGCGCGGCTACTACAACCAGAGCGAGGACG,GGTCTCACACCCTCCAGAGGATGTCTGGCTGCGACCTGGGGCCCGACGGGCGCCTCCTCCGCGGGTATGACCAGTTCGCCTACGACGGCAAGGATTACATCGCCCTGAACGAGGACCTGCGCTCCTGGACCGCCGCGGACACCGCGGCTCAGATCACCCAGCGCAAGTTGGAGGCGGCCCGTGCGGCGGAGCAGCTGAGAGCCTACCTGGAGGGCACGTGCGTGGAGTGGCTCCGCAGATACCTGGAGAACGGGAAGGAGACGCTGCAGCGCGCAG
C*07:14,GCTCCCACTCCATGAGGTATTTCGACACCGCCGTGTCCCGGCCCGGCCGCGGAGAGCCCCGCTTCATCTCAGTGGGCTACGTGGACGACACGCAGTTCGTGCGGTTCGACAGCGACGCCGCGAGTCCGAGAGGGGAGCCGCGGGCGCCGTGGGTGGAGCAGGAGGGGCCGGAGTATTGGGACCGGGAGACACAGAAGTACAAGCGCCAGGCACAGGCTGACCGAGTGAGCCTGCGGAACCTGCGCGGCTACTACAACCAGAGCGAGGACG,GGTCTCACACCCTCCAGAGGATGTACGGCTGCGACCTGGGGCCCGACGGGCGCCTCCTCCGCGGGTATGACCAGTCCGCCTACGACGGCAAGGATTACATCGCCCTGAACGAGGACCTGCGCTCCTGGACCGCCGCGGACACCGCGGCTCAGATCACCCAGCGCAAGTTGGAGGCGGCCCGTGCGGCGGAGCAGCTGAGAGCCTACCTGGAGGGCACGTGCGTGGAGTGGCTCCGCAGATACCTGGAGAACGGGAAGGAGACGCTGCAGCGCACAG
C*07:15,GCTCCCACTCCATGAGGTATTTCGACACCGCCGTGTCCCGGCCCGGCCGCGGAGAGCCCCGCTTCATCTCAGTGGGCTACGTGGACGACACGCAGTTCGTGCGGTTCGACAGCGACGCCGCGAGTCCGAGAGGGGAGCCGCGGGCGCCGTGGGTGGAGCAGGAGGGGCCGGAGTATTGGGACCGGGAGACACAGAAGTACAAGCGCCAGGCACAGGCTGACCGAGTGAGCCTGCGGAACCTGCGCGGCTACTACAACCAGAGCGAGGACG,GGTCTCACACCCTCCAGAGGATGTCTGGCTGCGACCTGGGGCCCGACGGGCGCCTCCTCCGCGGGTATGACCAGTCCGCCTACGACGGCAAGGATTACATCGCCCTGAACGAGGACCTGCGCTCCTGGACCGCCGCGGACACCGCGGCTCAGATCACCCAGCGCAAGTTGGAGGCGGCCCGTGCGGCGGAGCAGCTGAGAGCCTACCTGGAGGGCGAGTGCGTGGAGTGGCTCCGCAGATACCTGGAGAACGGGAAGGAGACGCTGCAGCGCGCAG
C*07:16,GCTCCCACTCCATGAGGTATTTCGACACCGCCGTGTCCCGGCCCGGCCGCGGAGAGCCCCGCTTCATCTCAGTGGGCTACGTGGACGACACGCAGTTCGTGCGGTTCGACAGCGACGCCGCGAGTCCGAGAGGGGAGCCGCGGGCGCCGTGGGTGGAGCAGGAGGGGCCGGAGTATTGGGACCGGGAGACACAGAACTACAAGCGCCAGGCACAGGCTGACCGAGTGAGCCTGCGGAACCTGCGCGGCTACTACAACCAGAGCGAGGCCG,GGTCTCACACCCTCCAGAGGATGTATGGCTGCGACCTGGGGCCCGACGGGCGCCTCCTCCGCGGGTATGACCAGTCCGCCTACGACGGCAAGGATTACATCGCCCTGAACGAGGACCTGCGCTCCTGGACCGCCGCGGACACCGCGGCTCAGATCACCCAGCGCAAGTTGGAGGCGGCCCGTGCGGCGGAGCAGCTGAGAGCCTACCTGGAGGGCACGTGCGTGGAGTGGCTCCGCAGATACCTGGAGAACGGGAAGGAGACGCTGCAGCGCGCAG
C*07:17:01,GCTCCCACTCCATGAGGTATTTCGACACCGCCGTGTCCCGGCCCGGCCGCGGAGAGCCCCGCTTCATCTCAGTGGGCTACGTGGACGACACGCAGTTCGTGCGGTTCGACAGCGACGCCGCGAGTCCGAGAGGGGAGCCGCGGGCGCCGTGGGTGGAGCAGGAGGGGCCGGAGTATTGGGACCGGGAGACACAGAAGTACAAGCGCCAGGCACAGGCTGACCGAGTGAGCCTGCGGAACCTGCGCGGCTACTACAACCAGAGCGAGGACG,GGTCTCACACCCTCCAGAGGATGTCTGGCTGCGACCTGGGGCCCGACGGGCGCCTCCTCCGCGGGTATGACCAGTCCGCCTACGACGGCAAGGATTACATCGCCCTGAACGAGGACCTGCGCTCCTGGACCGCCGCGGACACCGCGGCTCAGATCACCCAGCGCAAGTGGGAGGCGGCCCGTGCGGCGGAGCAGCTGAGAGCCTACCTGGAGGGCACGTGCGTGGAGTGGCTCCGCAGATACCTGGAGAACGGGAAGGAGACGCTGCAGCGCGCAG
C*07:17:02,GCTCCCACTCCATGAGGTATTTCGACACCGCCGTGTCCCGGCCCGGCCGCGGAGAGCCCCGCTTCATCTCAGTGGGCTACGTGGACGACACGCAGTTCGTGCGGTTCGACAGCGACGCCGCGAGTCCGAGAGGGGAGCCGCGGGCGCCGTGGGTGGAGCAGGAGGGGCCGGAGTATTGGGACCGGGAGACACAGAAGTACAAGCGCCAGGCACAGGCTGACCGAGTGAGCCTGCGGAACCTGCGCGGCTACTACAACCAGAGCGAGGACG,GGTCTCACACCCTCCAGAGGATGTCTGGCTGCGACCTGGGGCCCGACGGGCGCCTCCTCCGCGGGTATGACCAGTCCGCCTACGACGGCAAGGATTACATCGCCCTGAACGAGGACCTGCGCTCCTGGACCGCCGCGGACACGGCGGCTCAGATCACCCAGCGCAAGTGGGAGGCGGCCCGTGCGGCGGAGCAGCTGAGAGCCTACCTGGAGGGCACGTGCGTGGAGTGGCTCCGCAGATACCTGGAGAACGGGAAGGAGACGCTGCAGCGCGCAG
C*07:19,GCTCCCACTCCATGAGGTATTTCGACACCGCCGTGTCCCGGCCCGGCCGCGGAGAGCCCCGCTTCATCTCAGTGGGCTACGTGGACGACACGCAGTTCGTGCGGTTCGACAGCGACGCCGCGAGTCCGAGAGGGGAGCCGCGGGCGCCGTGGGTGGAGCAGGAGGGGCCGGAGTATTGGGACCGGGAGACACAGAACTACAAGCGCCAGGCACAGGCTGACCGAGTGAGCCTGCGGAACCTGCGCGGCTACTACAACCAGAGCGAGGACG,GGTCTCACACCCTCCAGAGGATGTCTGGCTGCGACCTGGGGCCCGACGGGCGCCTCCTCCGCGGGTATGACCAGTCCGCCTACGACGGCAAGGATTACATCGCCCTGAACGAGGACCTGCGCTCCTGGACCGCCGCGGACACCGCGGCTCAGATCACCCAGCGCAAGTTGGAGGCGGCCCGTGCGGCGGAGCAGCTGAGAGCCTACCTGGAGGGCACGTGCGTGGAGTGGCTCCGCAGATACCTGGAGAACGGGAAGGAGACGCTGCAGCGCGCAG
C*07:20,GCTCCCACTCCATGAGGTATTTCGACACCGCCGTGTCCCGGCCCGGCCGCGGGGAGCCCCACTTCATCGCAGTGGGCTACGTGGACGACACGCAGTTCGTGCGGTTCGACAGCGACGCCGCGAGTCCGAGAGGGGAGCCGCGGGCGCCGTGGGTGGAGCAGGAGGGGCCGGAGTATTGGGACCGGGAGACACAGAACTACAAGCGCCAGGCACAGGCTGACCGAGTGAGCCTGCGGAACCTGCGCGGCTACTACAACCAGAGCGAGGACG,GGTCTCACACCCTCCAGAGGATGTATGGCTGCGACCTGGGGCCCGACGGGCGCCTCCTCCGCGGGTATGACCAGTCCGCCTACGACGGCAAGGATTACATCGCCCTGAACGAGGACCTGCGCTCCTGGACCGCCGCGGACACCGCGGCTCAGATCACCCAGCGCAAGTTGGAGGCGGCCCGTGCGGCGGAGCAGCTGAGAGCCTACCTGGAGGGCACGTGCGTGGAGTGGCTCCGCAGATACCTGGAGAACGGGAAGGAGACGCTGCAGCGCGCAG
C*07:21,GCTCCCACTCCATGAGGTATTTCGACACCGCCGTGTCCCGGCCCGGCCGCGGAGAGCCCCGCTTCATCTCAGTGGGCTACGTGGACGACACGCAGTTCGTGCGGTTCGACAGCGACGCCGCGAGTTCGAGAGGGGAGCCGCGGGCGCCGTGGGTGGAGCAGGAGGGGCCGGAGTATTGGGACCGGGAGACACAGAACTACAAGCGCCAGGCACAGGCTGACCGAGTGAGCCTGCGGAACCTGCGCGGCTACTACAACCAGAGCGAGGACG,GGTCTCACACCCTCCAGAGGATGTATGGCTGCGACCTGGGGCCCGACGGGCGCCTCCTCCGCGGGTATGACCAGTCCGCCTACGACGGCAAGGATTACATCGCCCTGAACGAGGACCTGCGCTCCTGGACCGCCGCGGACACCGCGGCTCAGATCACCCAGCGCAAGTTGGAGGCGGCCCGTGCGGCGGAGCAGCTGAGAGCCTACCTGGAGGGCACGTGCGTGGAGTGGCTCCGCAGATACCTGGAGAACGGGAAGGAGACGCTGCAGCGCGCAG
C*07:22,GCTCCCACTCCATGAGGTATTTCGACACCGCCGTGTCCCGGCCCGGCCGCGGAGAGCCCCGCTTCATCTCAGTGGGCTACGTGGACGACACGCAGTTCGTGCGGTTCGACAGCGACGCCGCGAGTCCGAGAGGGGAGCCGCGGGCGCCGTGGGTGGAGCAGGAGGGGCCGGAGTATTGGGACCGGGAGACACAGAACTACAAGCGCCAGGCACAGGCTGACCGAGTGAGCCTGCGGAACCTGCGCGGCTACTACAACCAGAGCGAGGACG,GGTCTCACACCCTCCAGAGGATGTATGGCTGCGACCTGGGGCCCGACGGGCGCCTCCTCCGCGGGTATGACCAGTCCGCCTACGACGGCAAGGATTACATCGCCCTGAACGAGGACCTGCGCTCCTGGACCGCCGCGGACACCGCGGCTCAGATCACCCAGCGCAAGTTGGAGGCGGCCCGTGCGGCGGAGCAGTGGAGAGCCTACCTGGAGGGCACGTGCGTGGAGTGGCTCCGCAGATACCTGGAGAACGGGAAGGAGACGCTGCAGCGCGCAG
C*07:23,GCTCCCACTCCATGAGGTATTTCGACACCGCCGTGTCCCGGCCCGGCCGCGGAGAGCCCCGCTTCATCTCAGTGGGCTACGTGGACGACACGCAGTTCGTGCGGTTCGACAGCGACGCCGCGAGTCCGAGAGGGGAGCCGCGGGCGCCGTGGGTGGAGCAGGAGGGGCCGGAGTATTGGGACCGGGAGACACAGAAGTACAAGCGCCAGGCACAGGCTGACCGAGTGAGCCTGCGGAACCTGCGCGGCTACTACAACCAGAGCGAGGACG,GGTCTCACACCCTCCAGAGGATGTCTGGCTGCGACCTGGGGCCCGACGGGCGCCTCCTCCGCGGGTATGACCAGTCCGCCTACGACGGCAAGGATTACATCGCCCTGAACGAGGACCTGCGCTCCTGGACCGCCGCGGACACCGCGGCTCAGATCACCCACCGCAAGTTGGAGGCGGCCCGTGCGGCGGAGCAGCTGAGAGCCTACCTGGAGGGCACGTGCGTGGAGTGGCTCCGCAGATACCTGGAGAACGGGAAGGAGACGCTGCAGCGCGCAG
C*07:24,GCTCCCACTCCATGAGGTATTTCGACACCGCCGTGTCCCGGCCCGGCCGCGGAGAGCCCCGCTTCATCTCAGTGGGCTACGTGGACGACACGCAGTTCGTGCGGTTCGACAGCGACGCCGCGAGTCCGAGAGGGGAGCCGCGGGCGCCGTGGGTGGAGCAGGAGGGGCCGGAGTATTGGGACCGGGAGACACAGAACTACAAGCGCCAGGCACAGGCTGACCGAGTGAGCCTGCGGAACCTGCGCGGCTACTACAACCAGAGCGAGGACG,GGTCTCACACCCTCCAGAGGATGTATGGCTGCGACCTGGGGTCCGACGGGCGCCTCCTCCGCGGGTATGACCAGTCCGCCTACGACGGCAAGGATTACATCGCCCTGAACGAGGACCTGCGCTCCTGGACCGCCGCGGACACCGCGGCTCAGATCACCCAGCGCAAGTTGGAGGCGGCCCGTGCGGCGGAGCAGCTGAGAGCCTACCTGGAGGGCACGTGCGTGGAGTGGCTCCGCAGATACCTGGAGAACGGGAAGGAGACGCTGCAGCGCGCAG
C*07:25,GCTCCCACTCCATGAGGTATTTCGACACCGCCGTGTCCCGGCCCGGCCGCGGAGAGCCCCGCTTCATCTCAGTGGGCTACGTGGACGACACGCAGTTCGTGCGGTTCGACAGCGACGCCGCGAGTCCGAGAGGGGAGCCGCGGGCGCCGTGGGTGGAGCAGGAGGGGCCGGAGTATTGGGACCGGGAGACACAGAAGTACAAGCGCCAGGCACAGGCTGACCGAGTGAGCCTGCGGAACCTGCGCGGCTACTACAACCAGAGCGAGGACG,GGTCTCACACCCTCCAGAGGATGTCTGGCTGCGACCTGGGGCCCGACGGGCGCCTCCTCCGCGGGTATGACCAGTCCGCCTACGACGGCAAGGATTACATCGCCCTGAACGAGGACCTGCGCTCCTGGACCGCCGCGGACACCGCGGCTCAGATCACCCAGCGCAAGTTGGAGGCGGCCCATGCGGCGGAGCAGCTGAGAGCCTACCTGGAGGGCACGTGCGTGGAGTGGCTCCGCAGATACCTGGAGAACGGGAAGGAGACGCTGCAGCGCGCAG
C*07:26,GCTCCCACTCCATGAGGTATTTCTACACCGCCGTGTCCCGGCCCGGCCGCGGAGAGCCCCGCTTCATCTCAGTGGGCTACGTGGACGACACGCAGTTCGTGCGGTTCGACAGCGACGCCGCGAGTCCGAGAGGGGAGCCGCGGGCGCCGTGGGTGGAGCAGGAGGGGCCGGAGTATTGGGACCGGGAGACACAGAACTACAAGCGCCAGGCACAGGCTGACCGAGTGAGCCTGCGGAACCTGCGCGGCTACTACAACCAGAGCGAGGACG,GGTCTCACACCCTCCAGAGGATGTATGGCTGCGACCTGGGGCCCGACGGGCGCCTCCTCCGCGGGTATGACCAGTCCGCCTACGACGGCAAGGATTACATCGCCCTGAACGAGGACCTGCGCTCCTGGACCGCCGCGGACACCGCGGCTCAGATCACCCAGCGCAAGTTGGAGGCGGCCCGTGCGGCGGAGCAGCTGAGAGCCTACCTGGAGGGCACGTGCGTGGAGTGGCTCCGCAGATACCTGGAGAACGGGAAGGAGACGCTGCAGCGCGCAG
C*07:27:01,GCTCCCACTCCATGAGGTATTTCGACACCGCCGTGTCCCGGCCCGGCCGCGGAGAGCCCCGCTTCATCTCAGTGGGCTACGTGGACGACACGCAGTTCGTGCGGTTCGACAGCGACGCCGCGAGTCCGAGAGGGGAGCCGCGGGCGCCGTGGGTGGAGCAGGAGGGGCCGGAGTATTGGGACCGGGAGACACAGAAGTACAAGCGCCAGGCACAGGCTGACCGAGTGAGCCTGCGGAACCTGCGCGGCTACTACAACCAGAGCGAGGACG,GGTCTCACACCCTCCAGAGGATGTATGGCTGCGACCTGGGGCCCGACGGGCGCCTCCTCCGCGGGTATGACCAGTCCGCCTACGACGGCAAGGATTACATCGCCCTGAACGAGGACCTGCGCTCCTGGACCGCCGCGGACACCGCGGCTCAGATCACCCAGCGCAAGTTGGAGGCGGCCCGTGCGGCGGAGCAGCTGAGAGCCTACCTGGAGGGCACGTGCGTGGAGTGGCTCCGCAGATACCTGGAGAACGGGAAGGAGACGCTGCAGCGCGCAG
C*07:27:02,GCTCCCACTCCATGAGGTATTTCGACACCGCCGTGTCCCGGCCCGGCCGCGGAGAGCCCCGCTTCATCTCAGTGGGCTACGTGGACGACACGCAGTTCGTGCGGTTCGACAGCGACGCCGCGAGTCCGAGAGGGGAGCCGCGGGCGCCGTGGGTGGAGCAGGAGGGGCCGGAGTATTGGGACCGGGAGACACAGAAGTACAAGCGCCAGGCACAGGCTGACCGAGTGAGCCTGCGGAACCTGCGCGGCTACTACAACCAGAGCGAGGACG,GGTCTCACACCCTCCAGAGGATGTACGGCTGCGACCTGGGGCCCGACGGGCGCCTCCTCCGCGGGTATGACCAGTCCGCCTACGACGGCAAGGATTACATCGCCCTGAACGAGGACCTGCGCTCCTGGACCGCCGCGGACACCGCGGCTCAGATCACCCAGCGCAAGTTGGAGGCGGCCCGTGCGGCGGAGCAGCTGAGAGCCTACCTGGAGGGCACGTGCGTGGAGTGGCTCCGCAGATACCTGGAGAACGGGAAGGAGACGCTGCAGCGCGCAG
C*07:28,GCTCCCACTCCATGAGGTATTTCGACACCGCCGTGTCCCGGCCCGGCCGCGGAGAGCCCCGCTTCATCTCAGTGGGCTACGTGGACGACACGCAGTTCGTGCGGTTCGACAGCGACGCCGCGAGTCCGAGAGGGGAGCCGCGGGCGCCGTGGGTGGAGCAGGAGGGGCCGGAGTATTGGGACCGGGAGACACAGAACTACAAGCGCCAGGCACAGGCTGACCGAGTGAGCCTGCGGAACCTGCGCGGCTACTACAACCAGAGCGAGGACG,GGTCTCACACCCTCCAGAGGATGTATGGCTGCGACCTGGGGCCCGACGGGCGCCTCCTCCGCGGGTATAACCAGTTCGCCTACGACGGCAAGGATTACATCGCCCTGAACGAGGACCTGCGCTCCTGGACCGCCGCGGACACCGCGGCTCAGATCACCCAGCGCAAGTTGGAGGCGGCCCGTGCGGCGGAGCAGCTGAGAGCCTACCTGGAGGGCACGTGCGTGGAGTGGCTCCGCAGATACCTGGAGAACGGGAAGGAGACGCTGCAGCGCGCAG
C*07:29,GCTCCCACTCCATGAGGTATTTCGACACCGCCGTGTCCCGGCCCGGCCGCGGAGAGCCCCGCTTCATCTCAGTGGGCTACGTGGACGACACGCAGTTCGTGCGGTTCGACAGCGACGCCGCGAGTCCGAGAGGGGAGCCGCGGGCGCCGTGGGTGGAGCAGGAGGGGCCGGAGTATTGGGACCGGGAGACACAGAAGTACAAGCGCCAGGCACAGGCTGACCGAGTGAGCCTGCGGAACCTGCGCGGCTACTACAACCAGAGCGAGGACG,GGTCTCACACCCTCCAGAGGATGTCTGGCTGCGACCTGGGGCCCGACGGGCGCCTCCTCCGCGGGTATGACCAGTACGCCTACGACGGCAAGGATTACATCGCCCTGAACGAGGACCTGCGCTCCTGGACCGCCGCGGACACCGCGGCTCAGATCACCCAGCGCAAGTTGGAGGCGGCCCGTGCGGCGGAGCAGCTGAGAGCCTACCTGGAGGGCACGTGCGTGGAGTGGCTCCGCAGATACCTGGAGAACGGGAAGGAGACGCTGCAGCGCGCAG
C*07:30,GCTCCCACTCCATGAGGTATTTCGACACCGCCGTGTCCCGGCCCGGCCGCGGAGAGCCCCGCTTCATCTCAGTGGGCTACGTGGACGACACGCAGTTCGTGCGGTTCGACAGCGACGCCGCGAGTCCGAGAGGGGAGCCGCGGGCGCCGTGGGTGGAGCAGGAGGGGCCGGAGTATTGGGACCGGGAGACACAGAACTACAAGCGCCAGGCACAGGCTGACCGAGTGAGCCTGCGGAACCTGCGCGGCTACTACAACCAGAGCGAGGACG,GGTCTCACACCCTCCAGAGGATGTATGGCTGCGACCTGGGGCCCGACGGGCGCCTCCTCCGCGGGTATGACCAGTCCGCCTACGACGGCAAGGATTACATCGCCCTGAACGAGGACCTGCGCTCCTGGACCGCCGCGGACACCGCGGCTCAGATCACCCAGCGCAAGTTGGAGGCGGCCCGTGGGGCGGAGCAGCTGAGAGCCTACCTGGAGGGCACGTGCGTGGAGTGGCTCCGCAGATACCTGGAGAACGGGAAGGAGACGCTGCAGCGCGCAG
C*07:31:01,GCTCCCACTCCATGAGGTATTTCGACACCGCCGTGTCCCGGCCCGGCCGCGGAGAGCCCCGCTTCATCTCAGTGGGCTACGTGGACGACACGCAGTTCGTGCGGTTCGACAGCGACGCCGCGAGTCCGAGAGGGGAGCCGCGGGCGCCGTGGGTGGAGCAGGAGGGGCCGGAGTATTGGGACCGGGAGACACAGAAGTACAAGCGCCAGGCACAGGCTGACCGAGTGAGCCTGCGGAACCTGCGCGGCTACTACAACCAGAGCGAGGACG,GGTCTCACACCCTCCAGTGGATGTATGGCTGCGACCTGGGGCCCGACGGGCGCCTCCTCCGCGGGTATGACCAGTCCGCCTACGACGGCAAGGATTACATCGCCCTGAACGAGGACCTGCGCTCCTGGACCGCCGCGGACACCGCGGCTCAGATCACCCAGCGCAAGTTGGAGGCGGCCCGTGCGGCGGAGCAGCTGAGAGCCTACCTGGAGGGCACGTGCGTGGAGTGGCTCCGCAGATACCTGGAGAACGGGAAGGAGACGCTGCAGCGCGCAG
C*07:31:02,GCTCCCACTCCATGAGGTATTTCGACACCGCCGTGTCCCGGCCCGGCCGCGGAGAGCCCCGCTTCATCTCAGTGGGCTACGTGGACGACACGCAGTTCGTGCGGTTCGACAGCGACGCCGCGAGTCCGAGAGGGGAGCCGCGGGCGCCGTGGGTGGAGCAGGAGGGGCCGGAGTATTGGGACCGGGAGACACAGAAGTACAAGCGCCAGGCACAGGCTGACCGAGTGAGCCTGCGGAACCTGCGCGGCTACTACAACCAGAGCGAGGACG,GGTCTCACACCCTCCAGTGGATGTACGGCTGCGACCTGGGGCCCGACGGGCGCCTCCTCCGCGGGTATGACCAGTCCGCCTACGACGGCAAGGATTACATCGCCCTGAACGAGGACCTGCGCTCCTGGACCGCCGCGGACACCGCGGCTCAGATCACCCAGCGCAAGTTGGAGGCGGCCCGTGCGGCGGAGCAGCTGAGAGCCTACCTGGAGGGCACGTGCGTGGAGTGGCTCCGCAGATACCTGGAGAACGGGAAGGAGACGCTGCAGCGCGCAG
C*07:35,GCTCCCACTCCATGAGGTATTTCGACACCGCCGTGTCCCGGCCCGGCCGCGGAGAGCCCCGCTTCATCTCAGTGGGCTACGTGGACGACACGCAGTTCGTGCGGTTCGACAGCGACGCCGCGAGTCCGAGAGGGGAGCCGCGGGCGCCGTGGGTGGAGCAGGAGGGGCCGGAGTATTGGGACCGGGAGACACAGAACTACAAGCGCCAGGCACAGGCTGACCGAGTGAGCCTGCGGAACCTGCGCGGCTACTACAACCAGAGCGAGGACG,GGTCTCACACCCTCCAGAGGATGTATGGCTGCGACCTGGGGCCCGACGGGCGCCTCCTCCGCGGGTGTGACCAGTCCGCCTACGACGGCAAGGATTACATCGCCCTGAACGAGGACCTGCGCTCCTGGACCGCCGCGGACACCGCGGCTCAGATCACCCAGCGCAAGTTGGAGGCGGCCCGTGCGGCGGAGCAGCTGAGAGCCTACCTGGAGGGCACGTGCGTGGAGTGGCTCCGCAGATACCTGGAGAACGGGAAGGAGACGCTGCAGCGCGCAG
C*07:36,GCTCCCACTCCATGAGGTATTTCGACACCGCCGTGTCCCGGCCCGGCCACGGAGAGCCCCGCTTCATCTCAGTGGGCTACGTGGACGACACGCAGTTCGTGCGGTTCGACAGCGACGCCGCGAGTCCGAGAGGGGAGCCGCGGGCGCCGTGGGTGGAGCAGGAGGGGCCGGAGTATTGGGACCGGGAGACACAGAACTACAAGCGCCAGGCACAGGCTGACCGAGTGAGCCTGCGGAACCTGCGCGGCTACTACAACCAGAGCGAGGACG,GGTCTCACACCCTCCAGAGGATGTATGGCTGCGACCTGGGGCCCGACGGGCGCCTCCTCCGCGGGTATGACCAGTCCGCCTACGACGGCAAGGATTACATCGCCCTGAACGAGGACCTGCGCTCCTGGACCGCCGCGGACACCGCGGCTCAGATCACCCAGCGCAAGTTGGAGGCGGCCCGTGCGGCGGAGCAGCTGAGAGCCTACCTGGAGGGCACGTGCGTGGAGTGGCTCCGCAGATACCTGGAGAACGGGAAGGAGACGCTGCAGCGCGCAG
C*07:37,GCTCCCACTCCATGAGGTATTTCGACACCGCCGTGTCCCGGCCCGGCCGCGGAGAGCCCCGCTTCATCTCAGTGGGCTACGTGGACGACACGCAGTTCGTGCGGTTCGACAGCGACGCCGCGAGTCCGAGAGGGGAGCCGCGGGCGCCGTGGGTGGAGCAGGAGGGGCCGGAGTATTGGGACCGGGAGACACAGAAGTACAAGCGCCAGGCACAGGCTGACCGAGTGAGCCTGCGGAACCTGCGCGGCTACTACAACCAGAGCGAGGACG,GGTCTCACACCCTCCAGAGGATGTCTGGCTGCGACCTGGGGCCCGACGGGCGCCTCCTCCGCGGGTATGACCAGTCCGCCTACGACGGCAAGGATTACATCGCCCTGAACGAGGACCTGCGCTCCTGGACCGCCGCGGACACCGCGGCTCAGATCACCCAGCGCAAGTTGGAGGCGGCCCGTGCGGCGGAGCAGCGGAGAGCCTACCTGGAGGGCACGTGCGTGGAGTGGCTCCGCAGATACCTGGAGAACGGGAAGGAGACGCTGCAGCGCGCAG
C*07:38:01,GCTCCCACTCCATGAGGTATTTCGACACCGCCGTGTCCCGGCCCGGCCGCGGAGAGCCCCGCTTCATCTCAGTGGGCTACGTGGACGACACGCAGTTCGTGCGGTTCGACAGCGACGCCGCGAGTCCGAGAGGGGAGCCGCGGGCGCCGTGGGTGGAGCAGGAGGGGCCGGAGTATTGGGACCGGGAGACACAGAAGTACAAGCGCCAGGCACAGGCTGACCGAGTGAGCCTGCGGAACCTGCGCGGCTACTACAACCAGAGCGAGGACG,GGTCTCACACCCTCCAGAGGATGTCTGGCTGCGACCTGGGGCCCGACGGGCGCCTCCTCCGCGGGTATGACCAGTCCGCCTACGACGGCAAGGATTACATCGCCCTGAACGAGGACCTGCGCTCCTGGACCGCCGCGGACACCGCGGCTCAGATCACCCAGCGCAAGTTGGAGGCGGCCCGTGCGGCGGAGCAGCTGAGAGCCTACCTGGAGGGCACGTGCGTGGAGTGGCTCCGCAGATACCTGGAGAACGGGAAGGACAAGCTGGAGCGCGCAG
C*07:38:02,GCTCCCACTCCATGAGGTATTTCGACACCGCCGTGTCCCGGCCCGGCCGCGGAGAGCCCCGCTTCATCTCAGTGGGCTACGTGGACGACACGCAGTTCGTGCGGTTCGACAGCGACGCCGCGAGTCCGAGAGGGGAGCCGCGGGCGCCGTGGGTGGAGCAGGAGGGGCCGGAGTATTGGGACCGGGAGACACAGAAGTACAAGCGCCAGGCACAGGCTGACCGAGTGAGCCTGCGGAACCTGCGCGGCTACTACAACCAGAGCGAGGACG,GGTCTCACACCCTCCAGAGGATGTCTGGCTGCGACCTGGGGCCCGACGGGCGCCTCCTCCGCGGGTATGACCAGTCCGCCTACGACGGCAAGGATTACATCGCCCTGAACGAGGACCTGCGCTCCTGGACCGCCGCGGACACCGCGGCTCAGATCACCCAGCGCAAGTTGGAGGCGGCCCGTGCGGCGGAGCAGCTGAGAGCCTACCTGGAGGGCACGTGCGTGGAGTGGCTCCGCAGATACCTGGAGAACGGGAAGGACAAGCTGGAGCGCGCTG
C*07:39,GCTCCCACTCCATGAGGTATTTCGACACCGCCGTGTCCCGGCCCGGCCGCGGAGAGCCCCGCTTCATCTCAGTGGGCTACGTGGACGACACGCAGTTCGTGCGGTTCGACAGCGACGCCGCGAGTCCGAGAGGGGAGCCGCGGGCGCCGTGGGTGGAGCAGGAGGGGCCGGAGTATTGGGACCGGGAGACACAGAAGTACAAGCGCCAGGCACAGACTGACCGAGTGAGCCTGCGGAACCTGCGCGGCTACTACAACCAGAGCGAGGACG,GGTCTCACACCCTCCAGAGGATGTCTGGCTGCGACCTGGGGCCCGACGGGCGCCTCCTCCGCGGGTATGACCAGTCCGCCTACGACGGCAAGGATTACATCGCCCTGAACGAGGACCTGCGCTCCTGGACCGCCGCGGACACCGCGGCTCAGATCACCCAGCGCAAGTTGGAGGCGGCCCGTGCGGCGGAGCAGCTGAGAGCCTACCTGGAGGGCACGTGCGTGGAGTGGCTCCGCAGATACCTGGAGAACGGGAAGGAGACGCTGCAGCGCGCAG
C*07:40,GCTCCCACTCCATGAGGTATTTCGACACCGCCGTGTCCCGGCCCGGCCGCGGAGAGCCCCGCTTCATCTCAGTGGGCTACGTGGACGACACGCAGTTCGTGCGGTTCGACAGCGACGCCGCGAGTCCGAGAGGGGAGCCGCGGGCGCCGTGGGTGGAGCAGGAGGGGCCGGAGTATTGGGACCGGGAGACACAGAACTACAAGCGCCAGGCACAGACTGACCGAGTGAGCCTGCGGAACCTGCGCGGCTACTACAACCAGAGCGAGGACG,GGTCTCACACCCTCCAGAGGATGTATGGCTGCGACCTGGGGCCCGACGGGCGCCTCCTCCGCGGGTATGACCAGTCCGCCTACGACGGCAAGGATTACATCGCCCTGAACGAGGACCTGCGCTCCTGGACCGCCGCGGACACCGCGGCTCAGATCACCCAGCGCAAGTTGGAGGCGGCCCGTGCGGCGGAGCAGCTGAGAGCCTACCTGGAGGGCACGTGCGTGGAGTGGCTCCGCAGATACCTGGAGAACGGGAAGGAGACGCTGCAGCGCGCAG
C*07:41,GCTCCCACTCCATGAGGTATTTCGACACCGCCGTGTCCCGGCCCGGCCGCGGAGAGCCCCGCTTCATCTCAGTGGGCTACGTGGACGACACGCAGTTCGTGCGGTTCGACAGCGACGCCGCGAGTCCGAGAGGGGAGCCGCGGGCGCCGTGGGTGGAGCAGGAGGGGCCGGAGTATTGGGACCGGGAGACACAGAAGTACAAGCGCCAGGCACAGGCTGACCGAGTGAGCCTGCGGAACCTGCGCGGCTACTACAACCAGAGCGAGGACG,GGTCTCACACCCTCCAGAGGATGTATGGCTGCGACCTGGGGCCCGACGGGCGCCTCCTCCGCGGGTATAACCAGTTCGCCTACGACGGCAAGGATTACATCGCCCTGAATGAGGACCTGCGCTCCTGGACCGCCGCGGACAAGGCGGCTCAGATCACCCAGCGCAAGTGGGAGGCGGCCCGTGAGGCGGAGCAGCGGAGAGCCTACCTGGAGGGCACGTGCGTGGAGTGGCTCCGCAGATACCTGGAGAACGGGAAGAAGACGCTGCAGCGCGCGG
C*07:42,GCTCCCACTCCATGAGGTATTTCGACACCGCCGTGTCCCGGCCCGGCCGCGGAGAGCCCCGCTTCATCTCAGTGGGCTACGTGGACGACACGCAGTTCGTGCGGTTCGACAGCGACGCCGCGAGTCCGAGAGGGGAGCCGCGGGCGCCGTGGGTGGAGCAGGAGGGGCCGGAGTATTGGGACCGGGAGACACAGAAGTACAAGCGCCAGGCACAGGCTGACCGAGTGAGCCTGCGGAACCTGCGCGGCTACTACAACCAGAGCGAGGACG,GGTCTCACACCCTCCAGAGGATGTCTGGCTGCGACCTGGGGCCCGACGGGCGCCTCCTCCGCGGGTTTGACCAGTCCGCCTACGACGGCAAGGATTACATCGCCCTGAACGAGGACCTGCGCTCCTGGACCGCCGCGGACACCGCGGCTCAGATCACCCAGCGCAAGTTGGAGGCGGCCCGTGCGGCGGAGCAGCTGAGAGCCTACCTGGAGGGCACGTGCGTGGAGTGGCTCCGCAGATACCTGGAGAACGGGAAGGAGACGCTGCAGCGCGCAG
C*07:43,GCTCCCACTCCATGAGGTATTTCGACACCGCCGTGTCCCGGCCCGGCCGCGGAGAGCCCCGCTTCATCTCAGTGGGCTACGTGGACGACACGCAGTTCGTGCGGTTCGACAGCGACGCCGCGAGTCCGAGAGGGGAGCCGCGGGCGCCGTGGGTGGAGCAGGAGGGGCCGGAGTATTGGGACCGGGAGACACAGAAGTACAAGCGCCAGGCACAGGCTGACCGAGTGAGCCTGCGGAACCTGCGCGGCTACTACAACCAGAGCGAGGACG,GGTCTCACATCATCCAGAGGATGTATGGCTGCGACCTGGGGCCCGACGGGCGCCTCCTCCGCGGGTATGACCAGTCCGCCTACGACGGCAAGGATTACATCGCCCTGAACGAGGACCTGCGCTCCTGGACCGCCGCGGACACCGCGGCTCAGATCACCCAGCGCAAGTTGGAGGCGGCCCGTGCGGCGGAGCAGCTGAGAGCCTACCTGGAGGGCACGTGCGTGGAGTGGCTCCGCAGATACCTGGAGAACGGGAAGGAGACGCTGCAGCGCGCAG
C*07:44,GCTCCCACTCCATGAGGTATTTCGACACCGCCGTGTCCCGGCCCGGCCGCGGAGAGCCCCGCTTCATCTCAGTGGGCTACGTGGACGACACGCAGTTCGTGCGGTTCGACAGCGACGCCGCGAGTCCGAGAGGGGAGCCGCGGGCGCCGTGGGTGGAGCAGGAGGGGCCGGAGTATTGGGACCGGGAGACACAGAACTACAAGCGCCAGGCACAGGCTGACCGAGTGAGCCTGCGGAACCTGCGCGGCTACTACAACCAGAGCGAGGACG,GGTCTCACACCCTCCAGAGGATGTATGGCTGCGACCTGGGGCCCGACGGGCGCCTCCTCCGCGGGTATGACCAGTCCGCCTACGACGGCAAGGATTACATCGCCCTGAACGAGGACCTGCGCTCCTGGACCGCCGCGGACTACGCGGCTCAGATCACCCAGCGCAAGTTGGAGGCGGCCCGTGCGGCGGAGCAGCTGAGAGCCTACCTGGAGGGCACGTGCGTGGAGTGGCTCCGCAGATACCTGGAGAACGGGAAGGAGACGCTGCAGCGCGCAG
C*07:45,GCTCCCACTCCATGAGGTATTTCGACACCGCCGTGTCCCGGCCCGGCCGCGGAGAGCCCCGCTTCATCTCAGTGGGCTACGTGGACGACACGCAGTTCGTGCGGTTCGACAGCGACGCCGCGAGTCCGAGAGGGGAGCCCCGGGCGCCGTGGGTGGAGCAGGAGGGGCCGGAGTATTGGGACCGGGAGACACAGAAGTACAAGCGCCAGGCACAGGCTGACCGAGTGAGCCTGCGGAACCTGCGCGGCTACTACAACCAGAGCGAGGACG,GGTCTCACACCTTCCAGAGGATGTATGGCTGCGACCTGGGGCCCGACGGGCGCCTCCTCCGCGGGTATGACCAGTTCGCCTACGACGGCAAGGATTACATCGCCCTGAACGAGGACCTGCGCTCCTGGACCGCCGCGGACACCGCGGCTCAGATCACCCAGCGCAAGTTGGAGGCGGCCCGTGCGGCGGAGCAGGACAGAGCCTACCTGGAGGGCACGTGCGTGGAGTGGCTCCGCAGATACCTGGAGAACGGGAAGGAGACGCTGCAGCGCGCGG
C*07:46,GCTCCCACTCCATGAGGTATTTCGACACCGCCGTGTCCCGGCCCGGCCGCGGAGAGCCCCGCTTCATCTCAGTGGGCTACGTGGACGACACGCAGTTCGTGCGGTTCGACAGCGACGCCGCGAGTCCGAGAGAGGAGCCGCGGGCGCCGTGGGTGGAGCAGGAGGGGCCGGAGTATTGGGACCGGGAGACACAGAAGTACAAGCGCCAGGCACAGGCTGACCGAGTGAGCCTGCGGAACCTGCGCGGCTACTACAACCAGAGCGAGGACG,GGTCTCACACCCTCCAGAGGATGTCTGGCTGCGACCTGGGGCCCGACGGGCGCCTCCTCCGCGGGTATGACCAGTCCGCCTACGACGGCAAGGATTACATCGCCCTGAACGAGGACCTGCGCTCCTGGACCGCCGCGGACACCGCGGCTCAGATCACCCAGCGCAAGTTGGAGGCGGCCCGTGCGGCGGAGCAGCTGAGAGCCTACCTGGAGGGCACGTGCGTGGAGTGGCTCCGCAGATACCTGGAGAACGGGAAGGAGACGCTGCAGCGCGCAG
C*07:47,GCTCCCACTCCATGAGGTATTTCGACACCGCCGTGTCCCGGCCCGGCCGCGGAGAGCCCCGCTTCATCTCAGTGGGCTACGTGGACGACACGCAGTTCGTGCGGTTCGACAGCGACGCCGCGAGTCCGAGAGGGGAGCCGCGGGCGCCGTGGGTGGAGCAGGAGGGGCCGGAGTATTGGGACCGGGAGACACAGAAGTACAAGCGCCAGGCACAGGCTGACCGAGTGAGCCTGCGGAACCTGCGCGGCTACTACAACCAGAGCGAGGACG,GGTCTCACACCCTCCAGAGGATGTCTGGCTGCGACCTGGGGCCCGAAGGGCGCCTCCTCCGCGGATATGACCAGTCCGCCTACGACGGCAAGGATTACATCGCCCTGAACGAGGACCTGCGCTCCTGGACCGCCGCGGACACCGCGGCTCAGATCACCCAGCGCAAGTTGGAGGCGGCCCGTGCGGCGGAGCAGCTGAGAGCCTACCTGGAGGGCACGTGCGTGGAGTGGCTCCGCAGATACCTGGAGAACGGGAAGGAGACGCTGCAGCGCGCAG
C*07:48,GCTCCCACTCCATGAGGTATTTCGACACCGCCGTGTCCCGGCCCGGCCGCGGAGAGCCCCGCTTCATCTCAGTGGGCTACGTGGACGACACGCAGTTCGTGCGGTTCGACAGCGACGCCGCGAGTCCGAGAGGGGAGCCGCGGGCGCCGTGGGTGGAGCAGGAGGGGCCGGAGTATTGGGACCGGGAGACACAGAAGTACAAGCGCCAGGCACAGGCTGACCGAGTGAGCCTGCGGAACCTGCGCGGCTACTACAACCAGAGCGAGGACG,GGTCTCACACCCTCCAGAGGATGTCTGGCTGCGACCTGGGGCCCGACGGGCGCCTCCTCCGCGGGTATGACCAGTCCGCCTACGACGGCAAGGATTACATCGCCCTGAACGAGGACCTGCGCTCCTGGACCGCCGCGGACACCGCGACTCAGATCACCCAGCGCAAGTTGGAGGCGGCCCGTGCGGCGGAGCAGCTGAGAGCCTACCTGGAGGGCACGTGCGTGGAGTGGCTCCGCAGATACCTGGAGAACGGGAAGGAGACGCTGCAGCGCGCAG
C*07:49,GCTCCCACTCCATGAGGTATTTCGACACCGCCGTGTCCCGGCCCGGCCGCGGAGAGCCCCGCTTCATCTCAGTGGGCTACGTGGACGACACGCAGTTCGTGCGGTTCGACAGCGACGCCGCGAGTCCGAGAGGGGAGCCGCGGGCGCCGTGGGTGGAGCAGGAGGGGCCGGAGTATTGGGACCGGGAGACACAGAAGTACAAGCGCCAGGCACAGGCTGACCGAGTGAACCTGCGGAACCTGCGCGGCTACTACAACCAGAGCGAGGACG,GGTCTCACACCCTCCAGAGGATGTCTGGCTGCGACCTGGGGCCCGACGGGCGCCTCCTCCGCGGGTATGACCAGTCCGCCTACGACGGCAAGGATTACATCGCCCTGAACGAGGACCTGCGCTCCTGGACCGCCGCGGACACCGCGGCTCAGATCACCCAGCGCAAGTTGGAGGCGGCCCGTGCGGCGGAGCAGCTGAGAGCCTACCTGGAGGGCACGTGCGTGGAGTGGCTCCGCAGATACCTGGAGAACGGGAAGGAGACGCTGCAGCGCGCAG
C*07:51,GCTCCCACTCCATGAGGTATTTCGACACCGCCGTGTCCCGGCCCGGCCGCGGAGAGCCCCGCTTCATCTCAGTGGGCTACGTGGACGACACGCAGTTCGTGCGGTTCGACAGCGACGCCGCGAGTCCGAGAGGGGAGCCGCGGGCGCCGTGGGTGGAGCAGGAGGGGCCGGAGTATTGGGACCGGGAGACACAGAAGTACAAGCGCCAGGCACAGGCTGACCGAGTGAGCCTGCGGAACCTGCGCGGCTACTACAACCAGAGCGAGGCCG,GGTCTCACACCCTCCAGAGGATGTCTGGCTGCGACCTGGGGCCCGACGGGCGCCTCCTCCGCGGGTATGACCAGTCCGCCTACGACGGCAAGGATTACATCGCCCTGAACGAGGACCTGCGCTCCTGGACCGCCGCGGACACCGCGGCTCAGATCACCCAGCGCAAGTTGGAGGCGGCCCGTGCGGCGGAGCAGCTGAGAGCCTACCTGGAGGGCACGTGCGTGGAGTGGCTCCGCAGATACCTGGAGAACGGGAAGGAGACGCTGCAGCGCGCAG
C*07:53,GCTCCCACTCCATGAGGTATTTCGACACCGCCGTGTCCCGGCCCGGCCGCGGAGAGCCCCGCTTCATCTCAGTGGGCTACGTGGACGACACGCAGTTCGTGCGGTTCGACAGCGACGCCGCGAGTCCGAGAGGGGAGCCGCGGGCGCCGTGGGTGGAGCAGGAGGGGCCGGAGTATTGGGACCGGGAGACACAGAACTACAAGCGCCAGGCACAGGCTGACCGAGTGAGCCTGCGGAACCTGCGCGGCTACTACAACCAGAGCGAGGACG,GGTCTCACACCCTCCAGAGGATGTATGGCTGCGACCTGGGGCCCGACGGGCGCCTCCTCCGCGGGTATGACCAGTCCGCCTACGACGGCAAGGATTACATCGCCCTGAACGAGGACCTGCGCTCCTGGACCGCCGCGGACACCGCGGCTCAGATCACCCAGCGCAAGTTGGAGGCGGCCCGTGCGGCGGAGCAGCAGAGAGCCTACCTGGAGGGCACGTGCGTGGAGTGGCTCCGCAGATACCTGGAGAACGGGAAGGAGACGCTGCAGCGCGCAG
C*07:54,GCTCCCACTCCATGAGGTATTTCGACACCGCCGTGTCCCGGCCCGGCCGCGGAGAGCCCCGCTTCATCTCAGTGGGCTACGTGGACGACACGCAGTTCGTGCGGTTCGACAGCGACGCCGCGAGTCCGAGAGGGGAGCCGCGGGCGCCGTGGGTGGAGCAGGAGGGGCCGGAGTATTGGGACCGGGAGACACAGAAGTACAAGCGCCAGGCACAGGCTGACCGAGTGAGCCTGCGGAACCTGCGCGGCTACTACAACCAGAGCGAGGACG,GGTCTCACACCCTCCAGAGGATGTCTGGCTGCGACCTGGGGCCCGACGGGCGCCTCCTCCGCGGGTATGACCAGTCCGCCTACCACGGCAAGGATTACATCGCCCTGAACGAGGACCTGCGCTCCTGGACCGCCGCGGACACCGCGGCTCAGATCACCCAGCGCAAGTTGGAGGCGGCCCGTGCGGCGGAGCAGCTGAGAGCCTACCTGGAGGGCACGTGCGTGGAGTGGCTCCGCAGATACCTGGAGAACGGGAAGGAGACGCTGCAGCGCGCAG
C*07:55N,GCTCCCACTCCATGAGGTATTTCGACACCGCCGTGTCCCGGCCCGGCCGCGGAGAGCCCCGCTTCATCTCAGTGGGCTACGTGGACGACACGCAGTTCGTGCGGTTCGACAGCGACGCCGCGAGTCCGAGAGGGGAGCCGCGGGCGCCGTGGGTGGAGCAGGAGGGGCCGGAGTATTGGGACCGGGAGACACAGAACTACAAGCGCCAGGCACAGGCTGACCGAGTGAGCCTGCGGAACCTGCGCGGCTACTACAACCAGAGCGAGGACG,GGTCTCACACCCTCCAGAGGATGTATGGCTGCGACCTGGGGCCCGACGGGCGCCTCCTCCGCGGGTAGGACCAGTCCGCCTACGACGGCAAGGATTACATCGCCCTGAACGAGGACCTGCGCTCCTGGACCGCCGCGGACACCGCGGCTCAGATCACCCAGCGCAAGTTGGAGGCGGCCCGTGCGGCGGAGCAGCTGAGAGCCTACCTGGAGGGCACGTGCGTGGAGTGGCTCCGCAGATACCTGGAGAACGGGAAGGAGACGCTGCAGCGCGCAG
C*07:56:01,GCTCCCACTCCATGAGGTATTTCGACACCGCCGTGTCCCGGCCCGGCCGCGGAGAGCCCCGCTTCATCTCAGTGGGCTACGTGGACGACACGCAGTTCGTGCGGTTCGACAGCGACGCCGCGAGTCCGAGAGGGGAGCCGCGGGCGCCGTGGGTGGAGCAGGAGGGGCCGGAGTATTGGGACCGGGAGACACAGAAGTACAAGCGCCAGGCACAGGCTGACCGAGTGAGCCTGCGGAACCTGCGCGGCTACTACAACCAGAGCGAGGACA,GGTCTCACACCCTCCAGAGGATGTCTGGCTGCGACCTGGGGCCCGACGGGCGCCTCCTCCGCGGGTATGACCAGTCCGCCTACGACGGCAAGGATTACATCGCCCTGAACGAGGACCTGCGCTCCTGGACCGCCGCGGACACCGCGGCTCAGATCACCCAGCGCAAGTTGGAGGCGGCCCGTGCGGCGGAGCAGCTGAGAGCCTACCTGGAGGGCACGTGCGTGGAGTGGCTCCGCAGATACCTGGAGAACGGGAAGGAGACGCTGCAGCGCGCAG
C*07:56:02,GCTCCCACTCCATGAGGTATTTCGACACCGCCGTGTCCCGGCCCGGCCGCGGAGAGCCCCGCTTCATCTCAGTGGGCTACGTGGACGACACGCAGTTCGTGCGGTTCGACAGCGACGCCGCGAGTCCGAGAGGGGAGCCGCGGGCGCCGTGGGTGGAGCAGGAGGGGCCGGAGTATTGGGACCGGGAGACACAGAAGTACAAGCGCCAGGCACAGGCTGACCGAGTGAGCCTGCGGAACCTGCGCGGCTACTACAACCAGAGCGAGGACC,GGTCTCACACCCTCCAGAGGATGTCTGGCTGCGACCTGGGGCCCGACGGGCGCCTCCTCCGCGGGTATGACCAGTCCGCCTACGACGGCAAGGATTACATCGCCCTGAACGAGGACCTGCGCTCCTGGACCGCCGCGGACACCGCGGCTCAGATCACCCAGCGCAAGTTGGAGGCGGCCCGTGCGGCGGAGCAGCTGAGAGCCTACCTGGAGGGCACGTGCGTGGAGTGGCTCCGCAGATACCTGGAGAACGGGAAGGAGACGCTGCAGCGCGCAG
C*07:57,GCTCCCACTCCATGAGGTATTTCGACACCGCCGTGTCCCGGCCCGGCCGCGGAGAGCCCCGCTTCATCTCAGTGGGCTACGTGGACGACACGCAGTTCGTGCGGTTCGACAGCGACGCCGCGAGTCCGAGAGGGGAGCCGCGGGCGCCGTGGGTGGAGCAGGAGGGGCCGGAGTATTGGGACCGGGAGACACAGAACTACAAGCGCCAGGCACAGGCTGACCGAGTGAGCCTGCGGAACCTGCGCGGCTACTACAACCAGAGCGAGGACG,GGTCTCACACCCTCCAGAGGATGTATGGCTGCGACCTGGGGCCCGACGGGCGCCTCCTCCGCGGGTATGACCAGTCCGCCTACGACGGCAAGGATTACATCGCCCTGAACGAGGACCTGCGCTCCTGGACCGCCGCGGACACCGCGGCTCAGATCACCCAGCGCAAGTTGGAGGCGGCCCGTGCGGCGGAGCAGCTGAGAGCCTACCTGGAGGGCACGTGCGTGGAGTGGCTCCGCAGATACCTGGAGAACGGGAAGGAGACGCTGCAGCGCACGG
C*07:58,GCTCCCACTCCATGAGGTATTTCGACACCGCCGTGTCCCGGCCCGGCCGCGGAGAGCCCCGCTTCATCTCAGTGGGCTACGTGGACGACACGCAGTTCGTGCGGTTCGACAGCGACGCCGCGAGTCCGAGAGGGGAGCCGCGGGCGCCGTGGGTGGAGCAGGAGGGGCCGGAGTATTGGGACCGGGAGACACAGAACTACAAGCGCCAGGCACAGGCTGACCGAGTGAGCCTGCGGAACCTGCGCGGCTACTACAACCAGAGCGAGGACG,GGTCTCACACCCTCCAGAGGATGTATGGCTGCGACCTGGGGCCCGACGGGCGCCTCCTCCGCGGGTATGACCAGTCCGCCTACGACGGCAAGGATTACATCGCCCTGAACGAGGACCTGCGCTCCTGGACCGCCGCGGACACCGCGGCTCAGATCACCCAGCGCAAGTTGGAGGCGGCCCCTGCGGCGGAGCAGCTGAGAGCCTACCTGGAGGGCACGTGCGTGGAGTGGCTCCGCAGATACCTGGAGAACGGGAAGGAGACGCTGCAGCGCGCAG
C*07:59,GCTCCCACTCCATGAGGTATTTCGACACCGCCGTGTCCCGGCCCGGCCGCGTAGAGCCCCGCTTCATCTCAGTGGGCTACGTGGACGACACGCAGTTCGTGCGGTTCGACAGCGACGCCGCGAGTCCGAGAGGGGAGCCGCGGGCGCCGTGGGTGGAGCAGGAGGGGCCGGAGTATTGGGACCGGGAGACACAGAACTACAAGCGCCAGGCACAGGCTGACCGAGTGAGCCTGCGGAACCTGCGCGGCTACTACAACCAGAGCGAGGACG,GGTCTCACACCCTCCAGAGGATGTATGGCTGCGACCTGGGGCCCGACGGGCGCCTCCTCCGCGGGTATGACCAGTCCGCCTACGACGGCAAGGATTACATCGCCCTGAACGAGGACCTGCGCTCCTGGACCGCCGCGGACACCGCGGCTCAGATCACCCAGCGCAAGTTGGAGGCGGCCCGTGCGGCGGAGCAGCTGAGAGCCTACCTGGAGGGCACGTGCGTGGAGTGGCTCCGCAGATACCTGGAGAACGGGAAGGAGACGCTGCAGCGCGCAG
C*07:60,GCTCCCACTCCATGAGGTATTTCGACACCGCCGTGTCCCGGCCCGGCCGCGGAGAGCCCCGCTTCATCTCAGTGGGCTACGTGGACGACACGCAGTTCGTGCGGTTCGACAGCGACGCCGCGAGTCCGAGAGGGGAGCCGCGGGCGCCGTGGGTGGAGCAGGAGGGGCCGGAGTATTGGGACCGGGAGACACAGAACTACAAGCGCCAGGCACAGGCTGACCGAGTGAGCCTGCGGAACCTGCGCGGCTACTACAACCAGAGCGAGGCCA,GGTCTCACACCCTCCAGAGGATGTATGGCTGCGACCTGGGGCCCGACGGGCGCCTCCTCCGCGGGTATGACCAGTCCGCCTACGACGGCAAGGATTACATCGCCCTGAACGAGGACCTGCGCTCCTGGACCGCCGCGGACACCGCGGCTCAGATCACCCAGCGCAAGTTGGAGGCGGCCCGTGCGGCGGAGCAGCTGAGAGCCTACCTGGAGGGCACGTGCGTGGAGTGGCTCCGCAGATACCTGGAGAACGGGAAGGAGACGCTGCAGCGCGCAG
C*07:61N,GCTCCCACTCCATGAGGTATTTCGACACCGCCGTGTCCCGGCCCGGCCGCGGAGAGCCCCGCTTCATCTCAGTGGGCTACGTGGACGACACGCAGTTCGTGCGGTTCGACAGCGACGCCGCGAGTCCGAGAGGGGAGCCGCGGGCGCCGTGGGTGGAGCAGGAGGGGCCGGAGTATTGGGACCGGGAGACACAGAAGTACAAGCGCTAGGCACAGGCTGACCGAGTGAGCCTGCGGAACCTGCGCGGCTACTACAACCAGAGCGAGGACG,GGTCTCACACCCTCCAGAGGATGTCTGGCTGCGACCTGGGGCCCGACGGGCGCCTCCTCCGCGGGTATGACCAGTCCGCCTACGACGGCAAGGATTACATCGCCCTGAACGAGGACCTGCGCTCCTGGACCGCCGCGGACACCGCGGCTCAGATCACCCAGCGCAAGTTGGAGGCGGCCCGTGCGGCGGAGCAGCTGAGAGCCTACCTGGAGGGCACGTGCGTGGAGTGGCTCCGCAGATACCTGGAGAACGGGAAGGAGACGCTGCAGCGCGCAG
C*07:62,GCTCCTACTCCATGAGGTATTTCGACACCGCCGTGTCCCGGCCCGGCCGCGGAGAGCCCCGCTTCATCTCAGTGGGCTACGTGGACGACACGCAGTTCGTGCGGTTCGACAGCGACGCCGCGAGTCCGAGAGGGGAGCCGCGGGCGCCGTGGGTGGAGCAGGAGGGGCCGGAGTATTGGGACCGGGAGACACAGAAGTACAAGCGCCAGGCACAGGCTGACCGAGTGAGCCTGCGGAACCTGCGCGGCTACTACAACCAGAGCGAGGACG,GGTCTCACACCCTCCAGAGGATGTCTGGCTGCGACCTGGGGCCCGACGGGCGCCTCCTCCGCGGGTATGACCAGTCCGCCTACGACGGCAAGGATTACATCGCCCTGAACGAGGACCTGCGCTCCTGGACCGCCGCGGACACCGCGGCTCAGATCACCCAGCGCAAGTTGGAGGCGGCCCGTGCGGCGGAGCAGCTGAGAGCCTACCTGGAGGGCACGTGCGTGGAGTGGCTCCGCAGATACCTGGAGAACGGGAAGGAGACGCTGCAGCGCGCAG
C*07:63,GCTCCCACTCCATGAGGTATTTCGACACCGCCGTGTCCCGGCCCGGCCGCGGAGAGCCCCGCTTCATCTCAGTGGGCTACGTGGACGACACGCAGTTCGTGCGGTTCGACAGCGACGCCGCGAGTCCGAGAGGGGAGCCCCGGGCGCCGTGGGTGGAGCAGGAGGGGCCGGAGTATTGGGACCGGGAGACACAGAAGTACAAGCGCCAGGCACAGGCTGACCGAGTGAGCCTGCGGAACCTGCGCGGCTACTACAACCAGAGCGAGGACG,GGTCTCACACCTTCCAGAGGATGTATGGCTGCGACCTGGGGCCCTACGGGCGCCTCCTCCGCGGGTATGACCAGTTCGCCTACGACGGCAAGGATTACATCGCCCTGAACGAGGACCTGCGCTCCTGGACCGCCGCGGACACCGCGGCTCAGATCACCCAGCGCAAGTTGGAGGCGGCCCGTGCGGCGGAGCAGGACAGAGCCTACCTGGAGGGCACGTGCGTGGAGTGGCTCCGCAGATACCTGGAGAACGGGAAGAAGACGCTGCAGCGCGCGG
C*07:64,GCTCCCACTCCATGAGGTATTTCTCCACATCCGTGTCCTGGCCCGGCCGCGGGGAGCCCCGCTTCATCGCAGTGGGCTACGTGGACGACACGCAGTTCGTGCGGTTCGACAGCGACGCCGCGAGTCCGAGAGGGGAGCCGCGGGCGCCGTGGGTGGAGCAGGAGGGGCCGGAGTATTGGGACCGGGAGACACAGAAGTACAAGCGCCAGGCACAGGCTGACCGAGTGAGCCTGCGGAACCTGCGCGGCTACTACAACCAGAGCGAGGACG,GGTCTCACACCCTCCAGAGGATGTCTGGCTGCGACCTGGGGCCCGACGGGCGCCTCCTCCGCGGGTATGACCAGTCCGCCTACGACGGCAAGGATTACATCGCCCTGAACGAGGACCTGCGCTCCTGGACCGCCGCGGACACCGCGGCTCAGATCACCCAGCGCAAGTTGGAGGCGGCCCGTGCGGCGGAGCAGCTGAGAGCCTACCTGGAGGGCACGTGCGTGGAGTGGCTCCGCAGATACCTGGAGAACGGGAAGGAGACGCTGCAGCGCGCAG
C*07:67,GCTCCCACTCCATGAGGTATTTCGACACCGCCGTGTCCCGGCCCGGCCGCGGAGAGCCCCGCTTCATCTCAGTGGGCTACGTGGACGACACGCAGTTCGTGCGGTTCGACAGCGACGCCGCGAGTCCGAGAGGGGAGCCGCGGGCGCCGTGGGTGGAGCAGGAGGGGCCGGAGTATTGGGACCGGGAGACACAGAAGTACAAGCGCCAGGCACAGGCTGACCGAGTGAGCCTGCGGAACCTGCGCGGCTACTACAACCAGAGCGAGGACG,GGTCTCACACCCTCCAGAGGATGTCTGGCTGCGACCTGGGGCCCGACGGGCGCCTCCTCCGCGGGTATGACCAGTCCGCCTACGACGGCAAGGATTACATCGCCCTGAACGAGGACCTGCGCTCCTGGACCGCCGCGGACACCGCGGCTCAGATCACCCAGCGCAAGTTGGAGGCGGCCCGTGCGGCGGAGCAGCTGAGAGCCTACCTGGTGGGCACGTGCGTGGAGTGGCTCCGCAGATACCTGGAGAACGGGAAGGAGACGCTGCAGCGCGCAG
C*07:68,GCTCCCACTCCATGAGGTATTTCGACACCGCCGTGTCCCGGCCCGGCCGCGGAGAGCCCCGCTTCATCTCAGTGGGCTACGTGGACGACACGCAGTTCGTGCGGTTCGACAGCGACGCCGCGAGTCCGAGAGGGGAGCCCCGGGCGCCGTGGGTGGAGCAGGAGGGGCCGGAGTATTGGGACCGGGAGACACAGAAGTACAAGCGCCAGGCACAGGCTGACCGAGTGAGCCTGCGGAACCTGCGCGGCTACTACAACCAGAGCGAGGACG,GGTCTCACACCCTCCAGAGGATGTCTGGCTGCGACCTGGGGCCCGACGGGCGCCTCCTCCGCGGGTATGACCAGTCCGCCTACGACGGCAAGGATTACATCGCCCTGAACGAGGACCTGCGCTCCTGGACCGCCGCGGACACCGCGGCTCAGATCACCCAGCGCAAGTTGGAGGCGGCCCGTGCGGCGGAGCAGGACAGAGCCTACCTGGAGGGCACGTGCGTGGAGTGGCTCCGCAGATACCTGGAGAACGGGAAGAAGACGCTGCAGCGCGCGG
C*07:69,GCTCCCACTCCATGAGGTATTTCGACACCGCCGTGTCCCGGCCCGGCCGCGGAGAGCCCCGCTTCATCTCAGTGGGCTACGTGGACGACACGCAGTTCGTGCGGTTCGACAGCGACGCCACGAGTCCGAGAGGGGAGCCGCGGGCGCCGTGGGTGGAGCAGGAGGGGCCGGAGTATTGGGACCGGGAGACACAGAACTACAAGCGCCAGGCACAGGCTGACCGAGTGAGCCTGCGGAACCTGCGCGGCTACTACAACCAGAGCGAGGACG,GGTCTCACACCCTCCAGAGGATGTATGGCTGCGACCTGGGGCCCGACGGGCGCCTCCTCCGCGGGTATGACCAGTCCGCCTACGACGGCAAGGATTACATCGCCCTGAACGAGGACCTGCGCTCCTGGACCGCCGCGGACACCGCGGCTCAGATCACCCAGCGCAAGTTGGAGGCGGCCCGTGCGGCGGAGCAGCTGAGAGCCTACCTGGAGGGCACGTGCGTGGAGTGGCTCCGCAGATACCTGGAGAACGGGAAGGAGACGCTGCAGCGCGCAG
C*07:70,GCTCCCACTCCATGAGGTATTTCGACACCGCCGTGTCCCGGCCCGGCCGCGGAGAGCCCCGCTTCATCTCAGTGGGCTACGTGGACGACACGCAGTTCGTGCGGTTCGACAGCGACGCCGCGAGTCCGAGAGGGGAGCCGCGGGCGCCGTGGGTGGAGCAGGAGGGGCCGGAGTATTGGGACCGGGAGACACAGAACTACAAGCGCCAGGCACAGGCTGACCGAGTGAGCCTGCGGAACCTGCGCGGCTACTACAACCAGAGCGAGGACG,GGTCTCACACCCTCCAGAGGATGTATGGCTGCGACCTGGGGCCCAACGGGCGCCTCCTCCGCGGGTATGACCAGTCCGCCTACGACGGCAAGGATTACATCGCCCTGAACGAGGACCTGCGCTCCTGGACCGCCGCGGACACCGCGGCTCAGATCACCCAGCGCAAGTTGGAGGCGGCCCGTGCGGCGGAGCAGCTGAGAGCCTACCTGGAGGGCACGTGCGTGGAGTGGCTCCGCAGATACCTGGAGAACGGGAAGGAGACGCTGCAGCGCGCAG
C*07:71,GCTCCCACTCCATGAGGTATTTCGACACCGCCGTGTCCCGGCCCGGCCGCGGAGAGCCCCGCTTCATCTCAGTGGGCTACGTGGACGACACGCAGTTCGTGCGGTTCGACAGCGACGCCGCGAGTCCGAGAGGGGAGCCGCGGGCGCCGTGGGTGGAGCAGCAGGGGCCGGAGTATTGGGACCGGGAGACACAGAACTACAAGCGCCAGGCACAGGCTGACCGAGTGAGCCTGCGGAACCTGCGCGGCTACTACAACCAGAGCGAGGACG,GGTCTCACACCCTCCAGAGGATGTATGGCTGCGACCTGGGGCCCGACGGGCGCCTCCTCCGCGGGTATGACCAGTCCGCCTACGACGGCAAGGATTACATCGCCCTGAACGAGGACCTGCGCTCCTGGACCGCCGCGGACACCGCGGCTCAGATCACCCAGCGCAAGTTGGAGGCGGCCCGTGCGGCGGAGCAGCTGAGAGCCTACCTGGAGGGCACGTGCGTGGAGTGGCTCCGCAGATACCTGGAGAACGGGAAGGAGACGCTGCAGCGCGCAG
C*07:72,GCTCCCACTCCATGAGGTATTTCGACACCGCCGTGTCCCGGCCCGGCCGCGGAGAGCCCCGCTTCATCTCAGTGGGCTACGTGGACGACACGCAGTTCGTGCGGTTCGACAGCGACGCCGCGAATCCGAGAGGGGAGCCGCGGGCGCCGTGGGTGGAGCAGGAGGGGCCGGAGTATTGGGACCGGGAGACACAGAAGTACAAGCGCCAGGCACAGGCTGACCGAGTGAGCCTGCGGAACCTGCGCGGCTACTACAACCAGAGCGAGGACG,GGTCTCACACCCTCCAGAGGATGTCTGGCTGCGACCTGGGGCCCGACGGGCGCCTCCTCCGCGGGTATGACCAGTCCGCCTACGACGGCAAGGATTACATCGCCCTGAACGAGGACCTGCGCTCCTGGACCGCCGCGGACACCGCGGCTCAGATCACCCAGCGCAAGTTGGAGGCGGCCCGTGCGGCGGAGCAGCTGAGAGCCTACCTGGAGGGCACGTGCGTGGAGTGGCTCCGCAGATACCTGGAGAACGGGAAGGAGACGCTGCAGCGCGCAG
C*07:73,GCTCCCACTCCATGAGGTATTTCGACACCGCCGTGTCCCGGCCCGGCCGCGGAGAGCCCCGCTTCATCGCAGTGGGCTACGTGGACGACACGCAGTTCGTGCGGTTCGACAGCGACGCCGCGAGTCCGAGAGGGGAGCCGCGGGCGCCGTGGGTGGAGCAGGAGGGGCCGGAGTATTGGGACCGGGAGACACAGAACTACAAGCGCCAGGCACAGGCTGACCGAGTGAGCCTGCGGAACCTGCGCGGCTACTACAACCAGAGCGAGGACG,GGTCTCACACCCTCCAGAGGATGTATGGCTGCGACCTGGGGCCCGACGGGCGCCTCCTCCGCGGGTATGACCAGTCCGCCTACGACGGCAAGGATTACATCGCCCTGAACGAGGACCTGCGCTCCTGGACCGCCGCGGACACCGCGGCTCAGATCACCCAGCGCAAGTTGGAGGCGGCCCGTGCGGCGGAGCAGCTGAGAGCCTACCTGGAGGGCACGTGCGTGGAGTGGCTCCGCAGATACCTGGAGAACGGGAAGGAGACGCTGCAGCGCGCAG
C*07:75,GCTCCCACTCCATGAGGTATTTCGACACCGCCGTGTCCCGGCCCGGCCGCGGAGAGCCCCGCTTCATCTCAGTGGGCTACGTGGACGACACGCAGTTCGTGCGGTTCGACAGCGACGCCGCGAGTCCGAGAGGGGAGCCGCGGGCGCCGTGGGTGGAGCAGGAGGGGCCGGAGTATTGGGACCGGGAGACACAGAAGTACAAGCGCCAGGCACAGGCTGACCGAGTGAGCCTGCGGAACCTGCGCGGCCACTACAACCAGAGCGAGGACG,GGTCTCACACCCTCCAGAGGATGTCTGGCTGCGACCTGGGGCCCGACGGGCGCCTCCTCCGCGGGTATGACCAGTCCGCCTACGACGGCAAGGATTACATCGCCCTGAACGAGGACCTGCGCTCCTGGACCGCCGCGGACACCGCGGCTCAGATCACCCAGCGCAAGTTGGAGGCGGCCCGTGCGGCGGAGCAGCTGAGAGCCTACCTGGAGGGCACGTGCGTGGAGTGGCTCCGCAGATACCTGGAGAACGGGAAGGAGACGCTGCAGCGCGCAG
C*07:76,GCTCCCACTCCATGAGGTATTTCGACACCGCCGTGTCCCGGCCCGGCCGCGGAGAGCCCCGCTTCATCTCAGTGGGCTACGTGGACGACACGCAGTTCGTGCGGTTCGACAGCGACGCCGCGAGTCCGAGAGGGGAGCCGCGGGCGCCGTGGGTGGAGCAGGAGGGGCCGGAGTATTGGGACCGGGAGACACAGAAGTACAAGCGCCAGGCACAGGCTGACCGAGTGAACCTGCGGAAACTGCGCGGCTACTACAACCAGAGCGAGGACG,GGTCTCACACCCTCCAGAGGATGTCTGGCTGCGACCTGGGGCCCGACGGGCGCCTCCTCCGCGGGTATGACCAGTCCGCCTACGACGGCAAGGATTACATCGCCCTGAACGAGGACCTGCGCTCCTGGACCGCCGCGGACACCGCGGCTCAGATCACCCAGCGCAAGTTGGAGGCGGCCCGTGCGGCGGAGCAGCTGAGAGCCTACCTGGAGGGCACGTGCGTGGAGTGGCTCCGCAGATACCTGGAGAACGGGAAGGAGACGCTGCAGCGCGCAG
C*07:77,GCTCCCACTCCATGAGGTATTTCGACACCGCCGTGTCCCGGCCCGGCCGCGGAGAGCCCCGCTTCATCTCAGTGGGCTACGTGGACGACACGCAGTTCGTGCGGTTCGACAGCGACGCCGCGAGTCCGAGAGGGGAGCCGCGGGCGCCGTGGGTGGAGCAGGAGGGGCCGGAGTATTGGGACCGGGAGACACAGAACTACAAGCGCCAGGCACAGGCTGACCGAGTGAGCCTGCGGAACCTGCGCGGCTACTACAACCAGAGCGAGGACG,GGTCTCACACCCTCCAGAGGATGTATGGCTGCGACCTGGGGCCCGACGGGCGCCTCCTCCGCGGGTATGACCAGTCCGCCTACGACGGCAAGGATTACATCGCCCTGAACGAGGACCTGTGCTCCTGGACCGCCGCGGACACCGCGGCTCAGATCACCCAGCGCAAGTTGGAGGCGGCCCGTGCGGCGGAGCAGCTGAGAGCCTACCTGGAGGGCACGTGCGTGGAGTGGCTCCGCAGATACCTGGAGAACGGGAAGGAGACGCTGCAGCGCGCAG
C*07:78,GCTCCCACTCCATGAGGTATTTCGACACCGCCGTGTCCCGGCCCGGCCGCGGAGAGCCCCGCTTCATCTCAGTGGGCTACGTGGACGACACGCAGTTCGTGCGGTTCGACAGCGACGCCGCGAGTCCGAGAGGGGAGCCGCGGGCGCCGTGGGTGGAGCAGGAGGGGCCGGAGTATTGGGACCGGGAGACACAGAACTACAAGCGCCAGGCACAGGCTGACCGAGTGAGCCTGCGGAACCTGCTCGGCTACTACAACCAGAGCGAGGACG,GGTCTCACACCCTCCAGAGGATGTATGGCTGCGACCTGGGGCCCGACGGGCGCCTCCTCCGCGGGTATGACCAGTCCGCCTACGACGGCAAGGATTACATCGCCCTGAACGAGGACCTGCGCTCCTGGACCGCCGCGGACACCGCGGCTCAGATCACCCAGCGCAAGTTGGAGGCGGCCCGTGCGGCGGAGCAGCTGAGAGCCTACCTGGAGGGCACGTGCGTGGAGTGGCTCCGCAGATACCTGGAGAACGGGAAGGAGACGCTGCAGCGCGCAG
C*07:79,GCTCCCACTCCATGAGGTATTTCGACACCGCCGTGTCCCGGCCCGGCCGCGGAGAGCCCCGCTTCATCTCAGTGGGCTACGTGGACGACACGCAGTTCGTGCGGTTCGACAGCGACGCCGCGAGTCCGAGAGGGGAGCCGCGGGCGCCGTGGGTGGAGCAGGAGGGGCCGGAGTATTGGGACCGGGAGACACAGAAGTACAAGCGCCAGGCACAGGCTGACCGAGTGAGCCTGCGGAACCTGCGCGGCTACTACAACCAGAGCGAGGCCA,GGTCTCACACCCTCCAGAGGATGTCTGGCTGCGACCTGGGGCCCGACGGGCGCCTCCTCCGCGGGTATGACCAGTCCGCCTACGACGGCAAGGATTACATCGCCCTGAACGAGGACCTGCGCTCCTGGACCGCCGCGGACACCGCGGCTCAGATCACCCAGCGCAAGTTGGAGGCGGCCCGTGCGGCGGAGCAGCTGAGAGCCTACCTGGAGGGCACGTGCGTGGAGTGGCTCCGCAGATACCTGGAGAACGGGAAGGAGACGCTGCAGCGCGCAG
C*07:80,GCTCCCACTCCATGAGGTATTTCGACACCGCCGTGTCCCGGCCCGGCCGCGGAGAGCCCCGCTTCATCTCAGTGGGCTACGTGGACGACACGCAGTTCGTGCGGTTCGACAGCGACGCCGCGAGTCCGAGAGGGGAGCCGCGGGCGCCGTGGGTGGAGCGGGAGGGGCCGGAGTATTGGGACCGGGAGACACAGAAGTACAAGCGCCAGGCACAGGCTGACCGAGTGAGCCTGCGGAACCTGCGCGGCTACTACAACCAGAGCGAGGACG,GGTCTCACACCCTCCAGAGGATGTCTGGCTGCGACCTGGGGCCCGACGGGCGCCTCCTCCGCGGGTATGACCAGTCCGCCTACGACGGCAAGGATTACATCGCCCTGAACGAGGACCTGCGCTCCTGGACCGCCGCGGACACCGCGGCTCAGATCACCCAGCGCAAGTTGGAGGCGGCCCGTGCGGCGGAGCAGCTGAGAGCCTACCTGGAGGGCACGTGCGTGGAGTGGCTCCGCAGATACCTGGAGAACGGGAAGGAGACGCTGCAGCGCGCAG
C*07:81,GCTCCCACTCCATGAGGTATTTCGACACCGCCGTGTCCCGGCCCGGCCGCGGAGAGCCCCGCTTCATCTCAGTGGGCTACGTGGACGACACGCAGTTCGTGCGGTTCGACAGCGACGCCGCGAGTCCGAGAGGGGAGCCGCGGGCGCCGTGGGTGGAGCAGGAGGGGCCGGAGTATTGGGACCGGGAGACACAGAACTACAAGCGCCAGGCACAGGCTGACCGAGTGAGCCTGCGGAACCTGCGCGGCTACTACAACCAGAGCGAGGACG,GGTCTCACACCCTCCAGAGGATGTATGGCTGCGACCTGGGGCCCGACGGGCGCCTCCTCCGCGGGTATGACCAGTCCGCCTACGACGGCAAGGATTACATCTCCCTGAACGAGGACCTGAGCTCCTGGACCGCCGCGGACACCGCGGCTCAGATCACCCAGCGCAAGTTGGAGGCGGCCCGTGCGGCGGAGCAGCTGAGAGCCTACCTGGAGGGCACGTGCGTGGAGTGGCTCCGCAGATACCTGGAGAACGGGAAGGAGACGCTGCAGCGCGCAG
C*07:82,GCTCCCACTCCATGAGGTATTTCGACACCGCCGTGTCCCGGCCCGGCCGCGGAGAGCCCCGCTTCATCTCAGTGGGCTACGTGGACGACACGCAGTTCGTGCGGTTCGACAGCGACGCCGCGAGTCCGAGAGGGGAGCCGCGGGCGCCGTGGGTGGAGCAGGAGGGGCCGGAGTATTGGGACCGGGAGACACAGAACTACAAGCGCCAGGCACAGGCTGACCGAGTGAGCCTGCGGAACCTGCGCGGCTACTACAACCAGAGCGAGGACG,GGTCTCACACCCTCCAGAGGATGTATGGCTGCGACCTGGGGCCCGACGGGCGCCTCCTCCGCGGGTATGACCAGTCCGCCTACGACGTCAAGGATTACATCGCCCTGAACGAGGACCTGCGCTCCTGGACCGCCGCGGACACCGCGGCTCAGATCACCCAGCGCAAGTTGGAGGCGGCCCGTGCGGCGGAGCAGCTGAGAGCCTACCTGGAGGGCACGTGCGTGGAGTGGCTCCGCAGATACCTGGAGAACGGGAAGGAGACGCTGCAGCGCGCAG
C*07:83,GCTCCCACTCCATGAGGTATTTCGACACCGCCGTGTCCCGGCCCGGCCGCGGAGAGCCCCGCTTCATCTCAGTGGGCTACGTGGACGACACGCAGTTCGTGCGGTTCGACAGCGACGCCGCGAGTCCGAGAGGGGAGCCGCGGGCGCCGTGGGTGGAGCAGGAGGGGCCGGAGTATTGGGACCGGGAGACACAGAACTACAAGCGCCAGGCACAGGCTGACCGAGTGAGCCTGCGGAACCTGCGCGGCTACTACAACCAGAGCGAGGACG,GGTCTCACACCCTCCAGAGGATGTATGGCTGCGACCTGGGGCCCGACGGGCGCCTCCTCCGCGGGTATGACCAGTCCGCCTACGACGGCAAGGATTACATCGCCCTGAACGAGGGCCTGCGCTCCTGGACCGCCGCGGACACCGCGGCTCAGATCACCCAGCGCAAGTTGGAGGCGGCCCGTGCGGCGGAGCAGCTGAGAGCCTACCTGGAGGGCACGTGCGTGGAGTGGCTCCGCAGATACCTGGAGAACGGGAAGGAGACGCTGCAGCGCGCAG
C*07:84,GCTCCCACTCCATGAGGTATTTCGACACCGCCGTGTCCCGGCCCGGCCGCGGAGAGCCCCGCTTCATCTCAGTGGGCTACGTGGACGACACGCAGTTCGTGCCGTTCGACAGCGACGCCGCGAGTCCGAGAGGGGAGCCGCGGGCGCCGTGGGTGGAGCAGGAGGGGCCGGAGTATTGGGACCGGGAGACACAGAAGTACAAGCGCCAGGCACAGGCTGACCGAGTGAGCCTGCGGAACCTGCGCGGCTACTACAACCAGAGCGAGGACG,GGTCTCACACCCTCCAGAGGATGTCTGGCTGCGACCTGGGGCCCGACGGGCGCCTCCTCCGCGGGTATGACCAGTCCGCCTACGACGGCAAGGATTACATCGCCCTGAACGAGGACCTGCGCTCCTGGACCGCCGCGGACACCGCGGCTCAGATCACCCAGCGCAAGTTGGAGGCGGCCCGTGCGGCGGAGCAGCTGAGAGCCTACCTGGAGGGCACGTGCGTGGAGTGGCTCCGCAGATACCTGGAGAACGGGAAGGAGACGCTGCAGCGCGCAG
C*07:85,GCTCCCACTCCATGAGGTATTTCGACACCGCCGTGTCCCGGCCCGGCCGCGGAGAGCCCCGCTTCATCTCAGTGGGCTACGTGGACGACACGCAGTTCGTGCGGTTCGACAGCGACGCCGCGAGTCCGAGAGGGGAGCCGCGGGCGCCGTGGGTGGAGCAGGAGGGGCCGGAGTATTGGGACCGGGAGACACAGAACTACAGGCGCCAGGCACAGGCTGACCGAGTGAGCCTGCGGAACCTGCGCGGCTACTACAACCAGAGCGAGGACG,GGTCTCACACCCTCCAGAGGATGTATGGCTGCGACCTGGGGCCCGACGGGCGCCTCCTCCGCGGGTATGACCAGTCCGCCTACGACGGCAAGGATTACATCGCCCTGAACGAGGACCTGCGCTCCTGGACCGCCGCGGACACCGCGGCTCAGATCACCCAGCGCAAGTTGGAGGCGGCCCGTGCGGCGGAGCAGCTGAGAGCCTACCTGGAGGGCACGTGCGTGGAGTGGCTCCGCAGATACCTGGAGAACGGGAAGGAGACGCTGCAGCGCGCAG
C*07:86,GCTCCCACTCCATGAGGTATTTCGACACCGCCGTGTCCCGGCCCGGCCGCGGAGAGCCCCGCTTCATCTCAGTGGGCTACGTGGACGACACGCAGTTCGTGCGGTTCGACAGCGACGCCGCGAGTCCGAGAGGGGAGCCGCGGGCGCCGTGGGTGGAGCAGGAGGGGCCGGAGTATTGGGACCGGGAGACACAGAACTACAAGCGCCAGGCACAGGCTGACCGAGTGAGCCTGCGGAACCTGCGCGGCTACTACAACCAGAGCGAGGACG,GGTCTCACACCCTCCAGAGGATGTATGGCTGCGACCTGGGGCCCGACGGGCGCCTCCTCCGCGGGTATGACCAGTCCGCCTACGACGGCAAGGATTACATCGCCCTGAACGAGCACCTGCGCTCCTGGACCGCCGCGGACACCGCGGCTCAGATCACCCAGCGCAAGTTGGAGGCGGCCCGTGCGGCGGAGCAGCTGAGAGCCTACCTGGAGGGCACGTGCGTGGAGTGGCTCCGCAGATACCTGGAGAACGGGAAGGAGACGCTGCAGCGCGCAG
C*07:87,GCTCCCACTCCATGAGGTATTTCGACACCGCCGTGTCCCGGCCCGGCCGCGGAGAGCCCCGCTTCATCTCAGTGGGCTACGTGGACGACACGCAGTTCGTGCGGTTCGACAGCGACGCCGCGAGTCCGAGAGGGGAGCCGCGGGCGCCGTGGGTGGAGCAGGAGGGGCCGGAGTATTGGGACCGGGAGACACAGAAGTACAAGCGCCAGGCACAGGCTGACCGAGTGAGCCTGCGGAACCTGCGCGGCTACTACAACCAGAGCGAGGACG,GGTCTCACACCCTCCAGAGGATGTCTGGCTGCGACCTGGGGCCCGACGGGCGCCTCCTCCGCGGGTATGACCAGTCCGCCTACGACGGCAAGGATCACATCGCCCTGAACGAGGACCTGCGCTCCTGGACCGCCGCGGACACCGCGGCTCAGATCACCCAGCGCAAGTTGGAGGCGGCCCGTGCGGCGGAGCAGCTGAGAGCCTACCTGGAGGGCACGTGCGTGGAGTGGCTCCGCAGATACCTGGAGAACGGGAAGGAGACGCTGCAGCGCGCAG
C*07:88,GCTCCCACTCCATGAGGTATTTCGACACCGCCGTGTCCCGGCCCGGCCGCGAAGAGCCCCGCTTCATCTCAGTGGGCTACGTGGACGACACGCAGTTCGTGCGGTTCGACAGCGACGCCGCGAGTCCGAGAGGGGAGCCGCGGGCGCCGTGGGTGGAGCAGGAGGGGCCGGAGTATTGGGACCGGGAGACACAGAAGTACAAGCGCCAGGCACAGGCTGACCGAGTGAGCCTGCGGAACCTGCGCGGCTACTACAACCAGAGCGAGGACG,GGTCTCACACCCTCCAGAGGATGTCTGGCTGCGACCTGGGGCCCGACGGGCGCCTCCTCCGCGGGTATGACCAGTCCGCCTACGACGGCAAGGATTACATCGCCCTGAACGAGGACCTGCGCTCCTGGACCGCCGCGGACACCGCGGCTCAGATCACCCAGCGCAAGTTGGAGGCGGCCCGTGCGGCGGAGCAGCTGAGAGCCTACCTGGAGGGCACGTGCGTGGAGTGGCTCCGCAGATACCTGGAGAACGGGAAGGAGACGCTGCAGCGCGCAG
C*07:89,GCTCCCACTCCATGAGGTATTTCGACACCGCCGTGTCCCGGCCCGGCCGCGGAGAGCCCCGCTTCATCTCAGTGGGCTACGTGGACGACACGCAGTTCGTGCGGTTCGACAGCGACGCCGCGAGTCCGAGAGGGGAGCCGCGGGCGCCGTGGGTGGAGCAGGAGGGGCCGGAGTATTGGGACCGGGAGACACAGAACTACAAGCGCCAGGCACAGGCTGACCGAGTGAGCCTGCGGAACCTGCGCGGCTACTACAACCAGAGCAAGGACG,GGTCTCACACCCTCCAGAGGATGTATGGCTGCGACCTGGGGCCCGACGGGCGCCTCCTCCGCGGGTATGACCAGTCCGCCTACGACGGCAAGGATTACATCGCCCTGAACGAGGACCTGCGCTCCTGGACCGCCGCGGACACCGCGGCTCAGATCACCCAGCGCAAGTTGGAGGCGGCCCGTGCGGCGGAGCAGCTGAGAGCCTACCTGGAGGGCACGTGCGTGGAGTGGCTCCGCAGATACCTGGAGAACGGGAAGGAGACGCTGCAGCGCGCAG
C*07:90,GCTCCCACTCCATGAGGTATTTCGACACCGCCGTGTCCCGGCCCGGCCGCGGAGAGCCCCGCTTCATCTCAGTGGGCTACGTGGACGACACGCAGTTCGTGCGGTTCGACAGCGACGCCGCGAGTCCGAGAGGGGAGCCGCGGGCGCCGTGGTTGGAGCAGGAGGGGCCGGAGTATTGGGACCGGGAGACACAGAAGTACAAGCGCCAGGCACAGGCTGACCGAGTGAGCCTGCGGAACCTGCGCGGCTACTACAACCAGAGCGAGGACG,GGTCTCACACCCTCCAGAGGATGTCTGGCTGCGACCTGGGGCCCGACGGGCGCCTCCTCCGCGGGTATGACCAGTCCGCCTACGACGGCAAGGATTACATCGCCCTGAACGAGGACCTGCGCTCCTGGACCGCCGCGGACACCGCGGCTCAGATCACCCAGCGCAAGTTGGAGGCGGCCCGTGCGGCGGAGCAGCTGAGAGCCTACCTGGAGGGCACGTGCGTGGAGTGGCTCCGCAGATACCTGGAGAACGGGAAGGAGACGCTGCAGCGCGCAG
C*07:91,GCTCCCACTCCATGAGGTATTTCGACACCGCCGTGTCCCGGCCCGGCCGCGGAGAGCCCCGCTTCATCTCAGTGGGCTACGTGGACGACACGCAGTTCGTGCGGTTCGACAGCGACGCCGCGAGTCCGAGAGGGGAGCCGCGGGCGCCGTGGGTGGAGCAGGAGGGGCCGGAGTATTGGGACCGGGAGACACAGAACTACAAGCGCCAGGCACAGGCTGACCGAGTGAGCCTGCGGAACCTGCGCGGCTACTACAACCAGAGCGAGGACG,GGTCTCACACCCTCCAGAGGATGTATGGCTGCGACCTGGGGCCCGACGGGCGCCTCCTCCGCGGGTATGACCAGTCCGCCTACGACGGCAAGGATTACATCGCCCTGAACGAGGACCTGCGCTCCTGGACCGCCGCGGACACCGCGGCTCAGATCACCCAGCGCAAGTTGGAGGCGACCCGTGCGGCGGAGCAGCTGAGAGCCTACCTGGAGGGCACGTGCGTGGAGTGGCTCCGCAGATACCTGGAGAACGGGAAGGAGACGCTGCAGCGCGCAG
C*07:92,GCTCCCACTCCATGAGGTATTTCTACACCGCCGTGTCCCGGCCCGGCCGCGGAGAGCCCCGCTTCATCGCAGTGGGCTACGTGGACGACACGCAGTTCGTGCGGTTCGACAGCGACGCCGCGAGTCCGAGAGGGGAGCCGCGGGCGCCGTGGGTGGAGCAGGAGGGGCCGGAGTATTGGGACCGGGAGACACAGAACTACAAGCGCCAGGCACAGGCTGACCGAGTGAGCCTGCGGAACCTGCGCGGCTACTACAACCAGAGCGAGGACG,GGTCTCACACCCTCCAGAGGATGTATGGCTGCGACCTGGGGCCCGACGGGCGCCTCCTCCGCGGGTATGACCAGTCCGCCTACGACGGCAAGGATTACATCGCCCTGAACGAGGACCTGCGCTCCTGGACCGCCGCGGACACCGCGGCTCAGATCACCCAGCGCAAGTTGGAGGCGGCCCGTGCGGCGGAGCAGCTGAGAGCCTACCTGGAGGGCACGTGCGTGGAGTGGCTCCGCAGATACCTGGAGAACGGGAAGGAGACGCTGCAGCGCGCAG
C*07:93,GCTCCCACTCCATGAGGTATTTCGACACCGCCGTGTCCCGGCCCGGCCGCGGAGAGCCCCGCTTCATCTCAGTGGGCTACGTGGACGACACGCAGTTCGTGCGGTTCGACAGCGACGCCGCGAGTCCGAGAGGGGAGCCGCGGGCGCCGTGGGTGGAGCAGGAGGGGCCGGAGTATTGGGACCGGGAGACACAGAACTACAAGCGCCAGGCACAGGCTGACCGAGTGAGCCTGCGGAACCTGCGCGGCTACTACAACCAGAGCGAGGACG,GGTCTCACACCCTCCAGAGGATGTATGGCTGCGACCTGGGGCCCGACGGGCGCCTCCTCCGCGGGTATGACCAGTCCGCCTACGACGGCAAGGATTACATCACCCTGAACGAGGACCTGCGCTCCTGGACCGCCGCGGACACCGCGGCTCAGATCACCCAGCGCAAGTTGGAGGCGGCCCGTGCGGCGGAGCAGCTGAGAGCCTACCTGGAGGGCACGTGCGTGGAGTGGCTCCGCAGATACCTGGAGAACGGGAAGGAGACGCTGCAGCGCGCAG
C*07:94,GCTCCCACTCCATGAGGTATTTCGACACCGCCGTGTCCCGGCCCGGCCGCGGAGAGCCCCGCTTCATCTCAGTGGGCTACGTGGACGACACGCAGTTCGTGCGGTTCGACAGCGACGCCGCGAGTCCGAGAGGGGAGCCGCGGGCGCCGTGGGTGGAGCAGGAGGGGCCGGAGTATTGGGACCGGGAGACACAGAACTACAAGCGCCAGGCACAGGCTGACCGAGTGAGCCTGCGGAACCTGCGCGGCTACTACAACCAGAGCGAGGACG,GGTCTCACACCCTCCAGAGGATGTATGGCTGCGACCTGGGGCCCGACGGGCGCCTCCTCCGCGGGTATGACCAGTCCGCCTACGACGGCAAGGATTACATCGCCCTGAACGAGGACCTGCGCTCCTGGACCGCCGCGGACACCGCGGCTCAGATCACCCAGCGCAAGTTGGAGGCGGCCCGTGCGGCGGAGCAGCTGAGAGCCTACCTGGAGGGCACGTGCGTGGAGTGGCTCCACAGATACCTGGAGAACGGGAAGGAGACGCTGCAGCGCGCAG
C*07:95,GCTCCCACTCCATGAGGTATTTCGACACCGCCGTGTCCCGGCCCGGCCGCGGAGAGCCCCGCTTCATCTCAGTGGGCTACGTGGACGACACGCAGTTCGTGCGGTTCGACAGCGACGCCGCGAGTCCGAGAGGGGAGCCGCGGGCGCCGTGGGTGGAGCAGGAGGGGCCGGAGTATTGGGACCGGGAGACACAGAACTACAAGCGCCAGGCACAGGCTGACCGAGTGAGCCTGCGGAACCTGCGCGGCTACTACAACCAGAGCGAGGACG,GGTCTCACACCCTCCAGAGGATGTATGGCTGCGACCTGGGGCCCGACGGGCGCCTCCTCCGCGGGTATGACCAGTCCGCCTACGACGGCAAGGATTACATCGCCCTGAACGAGGACCTGCGCTCCTGGACCGCCGCGGACACCGCGGCTCAGATCACCCAGCGCAAGTTGGAGGCGGCCCGTGTGGCGGAGCAGCTGAGAGCCTACCTGGAGGGCACGTGCGTGGAGTGGCTCCGCAGATACCTGGAGAACGGGAAGGAGACGCTGCAGCGCGCAG
C*07:96:01,GCTCCCACTCCATGAGGTATTTCTACACCGCTGTGTCCCGGCCCGGCCGCGGGGAGCCCCACTTCATCGCAGTGGGCTACGTGGACGACACGCAGTTCGTGCGGTTCGACAGCGACGCCGCGAGTCCGAGAGGGGAGCCGCGGGCGCCGTGGGTGGAGCAGGAGGGGCCGGAGTATTGGGACCGGGAGACACAGAACTACAAGCGCCAGGCACAGGCTGACCGAGTGAGCCTGCGGAACCTGCGCGGCTACTACAACCAGAGCGAGGACG,GGTCTCACACCCTCCAGAGGATGTATGGCTGCGACCTGGGGCCCGACGGGCGCCTCCTCCGCGGGTATGACCAGTCCGCCTACGACGGCAAGGATTACATCGCCCTGAACGAGGACCTGCGCTCCTGGACCGCCGCGGACACCGCGGCTCAGATCACCCAGCGCAAGTTGGAGGCGGCCCGTGCGGCGGAGCAGCTGAGAGCCTACCTGGAGGGCACGTGCGTGGAGTGGCTCCGCAGATACCTGGAGAACGGGAAGGAGACGCTGCAGCGCGCAG
C*07:96:02,GCTCCCACTCCATGAGGTATTTCTACACCGCTGTGTCCCGGCCCGGCCGCGGAGAGCCCCACTTCATCGCAGTGGGCTACGTGGACGACACGCAGTTCGTGCGGTTCGACAGCGACGCCGCGAGTCCGAGAGGGGAGCCGCGGGCGCCGTGGGTGGAGCAGGAGGGGCCGGAGTATTGGGACCGGGAGACACAGAACTACAAGCGCCAGGCACAGGCTGACCGAGTGAGCCTGCGGAACCTGCGCGGCTACTACAACCAGAGCGAGGACG,GGTCTCACACCCTCCAGAGGATGTATGGCTGCGACCTGGGGCCCGACGGGCGCCTCCTCCGCGGGTATGACCAGTCCGCCTACGACGGCAAGGATTACATCGCCCTGAACGAGGACCTGCGCTCCTGGACCGCCGCGGACACCGCGGCTCAGATCACCCAGCGCAAGTTGGAGGCGGCCCGTGCGGCGGAGCAGCTGAGAGCCTACCTGGAGGGCACGTGCGTGGAGTGGCTCCGCAGATACCTGGAGAACGGGAAGGAGACGCTGCAGCGCGCAG
C*07:97,GCTCCCACTCCATGAGGTATTTCGACACCGCCGTGTCCCGGCCCGGCCGCGGAGAGCCCCGCTTCATCTCAGTGGGCTACGTGGACGACACGCAGTTCGTGCGGTTCGACAGCGACGCCGCGAGTCCGAGAGGGGAGCCGCGGGCGCCGTGGGTGGAGCAGGAGGGGCCGGAGTATTGGGACCGGGAGACACAGAAGTACAAGCGCCAGGCACAGGCTGACCGAGTGAGCCTGCGGAACCTGCGCGGCTACTACAAACAGAGCGAGGACG,GGTCTCACACCCTCCAGAGGATGTCTGGCTGCGACCTGGGGCCCGACGGGCGCCTCCTCCGCGGGTATGACCAGTCCGCCTACGACGGCAAGGATTACATCGCCCTGAACGAGGACCTGCGCTCCTGGACCGCCGCGGACACCGCGGCTCAGATCACCCAGCGCAAGTTGGAGGCGGCCCGTGCGGCGGAGCAGCTGAGAGCCTACCTGGAGGGCACGTGCGTGGAGTGGCTCCGCAGATACCTGGAGAACGGGAAGGAGACGCTGCAGCGCGCAG
C*07:98N,GCTCCCACTCCATGAGGTATTTCGACACCGCCGTGTCCCGGCCCGGCCGCGGAGAGCCCCGCTTCATCTCAGTGGGCTACGTGGACGACACGCAGTTCGTGCGGTTCGACAGCGACGCCGCGAGTCCGAGAGGGGAGCCGCGGGCGCCGTGGGTGGAGCAGGAGGGGCCGGAGTATTGGGACCGGGAGACACAGAACTACAAGCGCCAGGCACAGGCTGACCGAGTGAGCCTGCGGAACCTGCGCGGCTACTACAACCAGAGCGAGGACG,GGTCTCACACCCTCCAGAGGATGTATGGCTGCGACCTGGGGCCCGACGGGCGCCTCCTCCGCGGGTATGACCAGTCCGCCTACGACGGCAAGGATTACATCGCCCTGAACGAGGACCTGCGCTCCTGGACCGCCGCGGACACCGCGGCTTAGATCACCCAGCGCAAGTTGGAGGCGGCCCGTGCGGCGGAGCAGCTGAGAGCCTACCTGGAGGGCACGTGCGTGGAGTGGCTCCGCAGATACCTGGAGAACGGGAAGGAGACGCTGCAGCGCGCAG
C*07:99,GCTCCCACTCCATGAGGTATTTCGACACCGCCGTGTCCCGGCCCGGCCGCGGAGAGCCCCGCTTCATCTCAGTGGGCTACGTGGACGACACGCAGTTCGTGCGGTTCGACAGCGACGCCGCGAGTCCGAGAGGGGAGCCGCGGGCGCCGTGGGTGGAGCAGGAGGGGCCGGAGTATTGGGACCGGGAGACACAGAAGTACAAGCGCCAGGCACAGGCTGACCGAGTGAGCCTGCGGAACCTGCGCGGCTACTACAACCAGAGCGAGGACG,GGTCTCACACCCTCCAGAGGATGTCTGGCTGCGACCTGGGGCCCGACGGGCGCCTCCTCCGCGGGTATGACCAGTCCGCCTACGACGGCAAGGATTACATCGCCCTGAACGAGGACCTGCGCTCCTGGACCGCCGCGGACACCGCGGCTCAGATCACCCAGCGCAAGTTGGAGGCGGCCCGTGCGGCGGAGCAGCTGAGAGCCTACCTGGAGGGCACGTGCGTGGAGTGGCTCCGCAGATACCTGGAGAACGGGAAGGAGACGCTGCAGGGCGCAG
C*07:100,GCTCCCACTCCATGAGGTATTTCGACACCGCCGTGTCCCGGCCCGGCCGCGGAGAGCCCCGCTTCATCTCAGTGGGCTACGTGGACGACACGCAGTTCGTGCGGTTCGACAGCGACGCCGCGAGTCCGAGAGGGGAGCCGCGGGCGCCGTGGGTGGAGCAGGAGGGGCCGGAGTATTGGGACCGGGAGACACAGAAGTACAAGCGCCAGGCACAGGCTGACCGAGTGAGCCTGCGGAACCTGCGCGGCTACTACAACCAGAGCGAGGACG,GGTCTCACACCCTCCAGAGGATGTCTGGCTGCGACCTGGGGCCCGACGGGCGCCTCCTCCGCGGGTATGACCAGTCCGCCTACGACGGCAAGGATTTCATCGCCCTGAACGAGGACCTGCGCTCCTGGACCGCCGCGGACACCGCGGCTCAGATCACCCAGCGCAAGTTGGAGGCGGCCCGTGCGGCGGAGCAGCTGAGAGCCTACCTGGAGGGCACGTGCGTGGAGTGGCTCCGCAGATACCTGGAGAACGGGAAGGAGACGCTGCAGCGCGCAG
C*07:101,GCTCCCACTCCATGAGGTATTTCGACACCGCCGTGTCCCGGCCCGGCCGCGGAGAGCCCCGCTTCATCTCAGTGGGCTACGTGGACGACACGCAGTTCGTGCAGTTCGACAGCGACGCCGCGAGTCCGAGAGGGGAGCCCCGGGCGCCGTGGGTGGAGCAGGAGGGGCCGGAGTATTGGGACCGGGAGACACAGAAGTACAAGCGCCAGGCACAGGCTGACCGAGTGAGCCTGCGGAACCTGCGCGGCTACTACAACCAGAGCGAGGACG,GGTCTCACACCTTCCAGAGGATGTATGGCTGCGACCTGGGGCCCGACGGGCGCCTCCTCCGCGGGTATGACCAGTTCGCCTACGACGGCAAGGATTACATCGCCCTGAACGAGGACCTGCGCTCCTGGACCGCCGCGGACACCGCGGCTCAGATCACCCAGCGCAAGTTGGAGGCGGCCCGTGCGGCGGAGCAGGACAGAGCCTACCTGGAGGGCACGTGCGTGGAGTGGCTCCGCAGATACCTGGAGAACGGGAAGAAGACGCTGCAGCGCGCGG
C*07:102,GCTCCCACTCCATGAGGTATTTCGACACCTCCGTGTCCCGGCCCGGCCGCGGAGAGCCCCGCTTCATCTCAGTGGGCTACGTGGACGACACGCAGTTCGTGCGGTTCGACAGCGACGCCGCGAGTCCGAGAGGGGAGCCGCGGGCGCCGTGGGTGGAGCAGGAGGGGCCGGAGTATTGGGACCGGGAGACACAGAAGTACAAGCGCCAGGCACAGGCTGACCGAGTGAGCCTGCGGAACCTGCGCGGCTACTACAACCAGAGCGAGGACG,GGTCTCACACCCTCCAGAGGATGTCTGGCTGCGACCTGGGGCCCGACGGGCGCCTCCTCCGCGGGTATGACCAGTCCGCCTACGACGGCAAGGATTACATCGCCCTGAACGAGGACCTGCGCTCCTGGACCGCCGCGGACACCGCGGCTCAGATCACCCAGCGCAAGTTGGAGGCGGCCCGTGCGGCGGAGCAGCTGAGAGCCTACCTGGAGGGCACGTGCGTGGAGTGGCTCCGCAGATACCTGGAGAACGGGAAGGAGACGCTGCAGCGCGCAG
C*07:103,GCTCCCACTCCATGAGGTATTTCGACACCGCCGTGTCCCGGCCCGGCCGCGGAGAGCCCCGCTTCATCTCAGTGGGCTACGTGGACGACACGCAGTTCGTGCGGTTCGACAGCGACGCCGCGAGTCCGAGAGGGGAGCCGCGGGCGCCGTGGGTGGAGCAGGAGGGGCCGGAGTATTGGGACCGGGAGACACAGAACTACAAGCGCCAGGCACAGGCTGACCGAGTGAGCCTGCGGAACCTGCGCGGCTACTACAACCAGAGCGAGGACG,CGTCTCACACCCTCCAGAGGATGTATGGCTGCGACCTGGGGCCCGACGGGCGCCTCCTCCGCGGGTATGACCAGTCCGCCTACGACGGCAAGGATTACATCGCCCTGAACGAGGACCTGCGCTCCTGGACCGCCGCGGACACCGCGGCTCAGATCACCCAGCGCAAGTTGGAGGCGGCCCGTGCGGCGGAGCAGCTGAGAGCCTACCTGGAGGGCACGTGCGTGGAGTGGCTCCGCAGATACCTGGAGAACGGGAAGGAGACGCTGCAGCGCGCAG
C*07:104N,GCTCCCACTCCATGAGGTATTTCGACACCGCCGTGTCCCGGCCCGGCCGCGGAGAGCCCCGCTTCATCTCAGTGGGCTACGTGGACGACACGCAGTTCGTGCGGTTCGACAGCGACGCCGCGAGTCCGAGAGGGGAGCCGCGGGCGCCGTGGGTGGAGCAGGAGGGGCCGGAGTATTGGGACCGGGAGACACAGAACTACAAGCGCCAGGCACAGGCTGACCGAGTGAGCCTGCGGAACCTGCGCGGCTACTACAACCAGAGCGAGGACG,GGTCTCACACCCTCCAGAGGATGTATGGCTGCGACCTGGGGCCCGACGGGCGCCTCCTCCGCGGGTATGACCAGTCCGCCTAGGACGGCAAGGATTACATCGCCCTGAACGAGGACCTGCGCTCCTGGACCGCCGCGGACACCGCGGCTCAGATCACCCAGCGCAAGTTGGAGGCGGCCCGTGCGGCGGAGCAGCTGAGAGCCTACCTGGAGGGCACGTGCGTGGAGTGGCTCCGCAGATACCTGGAGAACGGGAAGGAGACGCTGCAGCGCGCAG
C*07:105,GCTCCCACTCCATGAGGTATTTCGACACCGCCGTGTCCCGGCCCGGCCGCGGAGAGCCCCGCTTCATCTCAGTGGGCTACGTGGACGACACGCAGTTCGTGCGGTTCGACAGCGACGCCGCGAGTCCGAGAGGGGAGCCGCGGGCGCCGTGGGTGGAGCAGGAGGGGCCGGAGTATTGGGACCGGGAGACACAGAAGTACAAGCGCCAGGCACAGGCTGACCCAGTGAGCCTGCGGAACCTGCGCGGCTACTACAACCAGAGCGAGGACG,GGTCTCACACCCTCCAGAGGATGTCTGGCTGCGACCTGGGGCCCGACGGGCGCCTCCTCCGCGGGTATGACCAGTCCGCCTACGACGGCAAGGATTACATCGCCCTGAACGAGGACCTGCGCTCCTGGACCGCCGCGGACACCGCGGCTCAGATCACCCAGCGCAAGTTGGAGGCGGCCCGTGCGGCGGAGCAGCTGAGAGCCTACCTGGAGGGCACGTGCGTGGAGTGGCTCCGCAGATACCTGGAGAACGGGAAGGAGACGCTGCAGCGCGCAG
C*07:106,GCTCCCACTCCATGAGGTATTTCGACACCGCCGTGTCCCGGCCCGGCCGCGGAGAGCCCCGCTTCATCTCAGTGGGCTACGTGGACGACACGCAGTTCGTGCGGTTCGACAGCGACGCCGCGAGTCCGAGAGGGGAGCCGCGGGCGCCGTGGGTGGAGCAGGAGGGGCCGGAGTATTGGGACCGGGAGACACAGAACTACAAGCGCCAGGCACAGGCTGACCGAGTGAGCCTGCGGAACCTGCGCGGCTACTACAACCAGAGCGAGGACG,GGTCTCACACCCTCCAGAGGATGTATGGCTGCGACCTGGGGCCCGACGGGCGCCTCCTCCGCGGGTATGACCAGTCCGCCTACGACGGCAAGGATTACATCGCCCTGAACGAGGTCCTGCGCTCCTGGACCGCCGCGGACACCGCGGCTCAGATCACCCAGCGCAAGTTGGAGGCGGCCCGTGCGGCGGAGCAGCTGAGAGCCTACCTGGAGGGCACGTGCGTGGAGTGGCTCCGCAGATACCTGGAGAACGGGAAGGAGACGCTGCAGCGCGCAG
C*07:107,GCTCCCACTCCATGAGGTATTTCGACACCGCCGTGTCCCGGCCCGGCCGCGGAGAGCCCCGCTTCATCTCAGTGGGCTACGTGGACGACACGCAGTTCGTGCGGTTCGACAGCGACGCCGCGAGTCCGAGAGGGGAGCCGCGGGCGCCGTGGGTGGAGCAGGAGGGGCCGGAGTATTGGGACCGGGAGACACAGAAGTACAAGCGCCAGGCACAGGCTGACCGAGTGAGCCTGCGGAACCTGCGCGGCTACTACAACCAGAGCGAGGACG,GGTCTCACACCCTCCAGAGGATGTCTGGCTGCGACCTGGGGCCCGACGGGCGCCTCCTCCGCGGGTATGACCAGTCCGCCTACGACGGCAAGGATTACATCGCCCTGAACGAGGACCTGCGCTCCTGGACCGCCGCGGACACCGCGGCTCAGATCACCCAGCGCAAGTTGGAGGCGGCCCGTGCGGCGGAGCAGCTGAGAGCCTACCTGGAGGGCACGTGCATGGAGTGGCTCCGCAGATACCTGGAGAACGGGAAGGAGACGCTGCAGCGCGCAG
C*07:108,GCTCCCACTCCATGAGGTATTTCGACACCGCCGTGTCCCGGCCCGGCCGCGGAGAGCCCCGCTTCATCTCAGTGGGCTACGTGGACGACACGCAGTTCGTGCGGTTCGACAGCGACGCCGCGAGTCCGAGAGGGGAGCCGCGGGCGCCGTGGGTGGAGCAGGAGGGGCCGGAGTATTGGGACCGGGAGACACAGAACTACAAGCGCCAGGCACAGGCTGACCGAGTGAGCCTGCGGAACCTGCGCGGCTACTACAACCAGAGCGAGGACG,GGTCTCACACCCTCCAGAGGATGTTTGGCTGCGACCTGGGGCCGGACGGGCGCCTCCTCCGCGGGTATGACCAGTCCGCCTACGACGGCAAGGATTACATCGCCCTGAACGAGGACCTGCGCTCCTGGACCGCCGCGGACACCGCGGCTCAGATCACCCAGCGCAAGTTGGAGGCGGCCCGTGCGGCGGAGCAGCTGAGAGCCTACCTGGAGGGCACGTGCGTGGAGTGGCTCCGCAGATACCTGGAGAACGGGAAGGAGACGCTGCAGCGCGCAG
C*07:109,GCTCCCACTCCATGAGGTATTTCGACACCGCCGTGTCCCGGCCCGGCCGCGGAGAGCCCCGCTTCATCTCAGTGGGCTACGTGGACGACACGCAGTTCGTGCGGTTCGACAGCGACGCCGCGAGTCCGAGAGGGGAGCCGCGGGCGCCGTGGGTGGAGCAGGAGGGGCCGGAGTATTGGGACCGGGAGACACAGAACTACAAGCGCCAGGCACAGGCTGACCGAGTGAGCCTGCGGAACCTGCGCGGCTACTACAACCAGAGCGAGGACA,GGTCTCACACCCTCCAGAGGATGTATGGCTGCGACCTGGGGCCCGACGGGCGCCTCCTCCGCGGGTATGACCAGTCCGCCTACGACGGCAAGGATTACATCGCCCTGAACGAGGACCTGCGCTCCTGGACCGCCGCGGACACCGCGGCTCAGATCACCCAGCGCAAGTTGGAGGCGGCCCGTGCGGCGGAGCAGCTGAGAGCCTACCTGGAGGGCACGTGCGTGGAGTGGCTCCGCAGATACCTGGAGAACGGGAAGGAGACGCTGCAGCGCGCAG
C*07:110,GCTCCCACTCCATGAGGTATTTCGACACCGCCGTGTCCCGGCCCGGCCGCGGAGAGCCCCGCTTCATCTCAGTGGGCTACGTGGACGACACGCAGTTCGTGCGGTTCGACAGCGACGCCGCGAGTCCGAGAGGGGAGCCGCGGGCGCCGTGGGTGGAGCAGGAGGGGCCGGAGTATTGGGACCGGGAGACACAGAACTACAAGCGCCAGGCACAGGCTGACCGAGTGAGCCTGCGGAACCTGCGCGGCTACTACAACCAGAGCGAGGACG,GGTCTCACACCCTCCAGAGGAGGTATGGCTGCGACCTGGGGCCCGACGGGCGCCTCCTCCGCGGGTATGACCAGTCCGCCTACGACGGCAAGGATTACATCGCCCTGAACGAGGACCTGCGCTCCTGGACCGCCGCGGACACCGCGGCTCAGATCACCCAGCGCAAGTTGGAGGCGGCCCGTGCGGCGGAGCAGCTGAGAGCCTACCTGGAGGGCACGTGCGTGGAGTGGCTCCGCAGATACCTGGAGAACGGGAAGGAGACGCTGCAGCGCGCAG
C*07:111,GCTCCCACTCCATGAGGTATTTCGACACCGCCGTGTCCCGGCCCGGCCGCGGAGAGCCCCGCTTCATCTCAGTGGGCTACGTGGACGACACGCAGTTCGTGCGGTTCGACAGCGACGCCGCGAGTCCGAGAGGGGAGCCGCGGGCGCCGTGGGTGGAGCAGGAGGGGCCGGAGTATTGGGACCGGGAGACACAGAACTACAAGCGCCAGGCACAGGCTGACCGAGTGAGCCTGCGGAACCTGCGCGGCTACTACAACCAGAGCGAGGACG,GGTCTCACACCCTCCAGAGGATGTATGGCTGCGACCTGGGGCCCGACGGGCGCCTCGTCCGCGGGTATGACCAGTCCGCCTACGACGGCAAGGATTACATCGCCCTGAACGAGGACCTGCGCTCCTGGACCGCCGCGGACACCGCGGCTCAGATCACCCAGCGCAAGTTGGAGGCGGCCCGTGCGGCGGAGCAGCTGAGAGCCTACCTGGAGGGCACGTGCGTGGAGTGGCTCCGCAGATACCTGGAGAACGGGAAGGAGACGCTGCAGCGCGCAG
C*07:112,GCTCCCACTCCATGAGGTATTTCGACACCGCCGTGTCCCGGCCCGGCCGCGGAGAGCCCCGCTTCATCTCAGTGGGCTACGTGGACGACACGCAGTTCGTGCGGTTCGACAGCGACGCCGCGAGTCCGAGAGGGGAGCCGCGGGCGCCGTGGGTGGAGCAGGAGGGGCCGGAGTATTGGGACCGGGAGACACAGAACTACAAGCGCCAGGCACAGGCTGACCGAGTGAGCCTGCGGAACCTGCGCGGCTACTACAACCAGAGCGAGGACG,GGTCTCACACCCTCCAGAGGACGTATGGCTGCGACCTGGGGCCCGACGGGCGCCTCCTCCGCGGGTATGACCAGTCCGCCTACGACGGCAAGGATTACATCGCCCTGAACGAGGACCTGCGCTCCTGGACCGCCGCGGACACCGCGGCTCAGATCACCCAGCGCAAGTTGGAGGCGGCCCGTGCGGCGGAGCAGCTGAGAGCCTACCTGGAGGGCACGTGCGTGGAGTGGCTCCGCAGATACCTGGAGAACGGGAAGGAGACGCTGCAGCGCGCAG
C*07:113,GCTCCCACTCCATGAGGTATTTCGACACCGCCGTGTCCCGGCCCGGCCGCGGAGAGCCCCGCTTCATCTCAGTGGGCTACGTGGACGACACGCAGTTCGTGCGGTTCGACAGCGACGCCGCGAGTCCGAGAGGGGAGCCGCGGGCGCCGTGGGTGGAGCAGGAGGGGCCGGAGTATTGGGACCGGGAGACACAGAACTACAAGCGCCAGGCACAGGCTGACCGAGTGAGCCTGCGGAACCTGCGCGGCTACTACAACCAGAGCGAGGACG,GGTCTCACACCCTCCAGAGGATGTATGGCTGCGACCTGGGGCCCGACGGGCGCCTCCTCCGCGGGTATGACCAGTCCGCCTACGACGGCAAGGATTACAACGCCCTGAACAAGGACCTGCGCTCCTGGACCGCCGCGGACACCGCGGCTCAGATCACCCAGCGCAAGTTGGAGGCGGCCCGTGCGGCGGAGCAGCTGAGAGCCTACCTGGAGGGCACGTGCGTGGAGTGGCTCCGCAGATACCTGGAGAACGGGAAGGAGACGCTGCAGCGCGCAG
C*07:114,GCTCCCACTCCATGAGGTATTTCGACACCGCCGTGTCCCGGCCCGGCCGCGGAGAGCCCCGCTTCATCTCAGTGGGCTACGTGGACGACACGCAGTTCGTGCGGTTCGACAGCGACGCCGCGAGTCCGAGAGGGGAGCCGCGGGCGCCGTGGGTGGAGCAGGAGGGGCCGGAGTATTGGGACCGGGAGACACAGAAGTACAAGCGCCAGGCACAGGCTGACCGAGTGAGCCTGCGGAACCTGCGCGGCTACTACAACCAGAGCGAGGACG,GGTCTCACACCCTCCAGAGGATGTCTGGCTGCGACCTGGGGCCCGACGGGCGCCTCCTCCGCGGGTATGACCAGTCCGCCTACGACGGCAAGGATTACATCGCCCTGAACGAGGACCTGCGCTCCTGGACCGCCGCGGACACCGCGGCTCAGATCACCCAGCGCAAGTTGGAGGCGGCCGGTGCGGCGGAGCAGCTGAGAGCCTACCTGGAGGGCACGTGCGTGGAGTGGCTCCGCAGATACCTGGAGAACGGGAAGGAGACGCTGCAGCGCGCAG
C*07:115,GCTCCCACTCCATGAGGTATTTCGACACCGCCGTGTCCCGGCCCGGCCGCGGAGAGCCCCGCTTCATCTCAGTGGGCTACGTGGACGACACGCAGTTCGTGCGGTTCGACAGCGACGCCGCGAGTCCGAGAGGGGAGCCGCGGGCGCCGTGGGTGGAGCAGGAGGGGCCGGAGTATTGGGACCGGGAGACACAGAACTACAAGCGCCAGGCACAGGCTGACCGAGTGAGCCTGCGGGACCTGCGCGGCTACTACAACCAGAGCGAGGACG,GGTCTCACACCCTCCAGAGGATGTATGGCTGCGACCTGGGGCCCGACGGGCGCCTCCTCCGCGGGTATGACCAGTCCGCCTACGACGGCAAGGATTACATCGCCCTGAACGAGGACCTGCGCTCCTGGACCGCCGCGGACACCGCGGCTCAGATCACCCAGCGCAAGTTGGAGGCGGCCCGTGCGGCGGAGCAGCTGAGAGCCTACCTGGAGGGCACGTGCGTGGAGTGGCTCCGCAGATACCTGGAGAACGGGAAGGAGACGCTGCAGCGCGCAG
C*07:116,GCTCCCACTCCATGAGGTATTTCGACACCGCCGTGTCCCGGCCCGGCCGCGGAGAGCCCCGCTTCATCTCAGTGGGCTACGTGGACGACACGCAGTTCGTGCGGTTCGACAGCGACGCCGCGAGTCCGAGAGGGGAGCCGCGGGCGCCGTGGGTGGAGCAGGAGGGGCCGGAGTATTGGGACCGGGAGACACAGAACTACAAGCGCCAGGCACAGGCTGACCGAGTGAGCCTGCGGAACCTGCGCGGCTACTACAACCAGAGCGAGGACG,GGTCTCACACCCTCCAGAGGATGTATGGCTGCGACCTGGGGCCCGACGGGCGCCTCCTCCGCGGGTATGACCAGTCCGCCTACGACGGCAAGGATTACATCGCCCTGAACGAGGACCTGCGCTCCTGGACCGCCGCGGACACCGCGGCTCAGATCACCCAGCGCAAGTTGGAGGCGGCCCGTGCGGCGGAGCAGCTGAGAGCCTACCTGGAGGGCACGTGCGTGGAGTGGCTCCGCAGATACCTGGAGAACGGGAAGGAGACGCTGCAGCACGCAG
C*07:117,GCTCCCACTCCATGAGGTATTTCGACACCGCCGTGTCCCGGCCCGGCCGCGGAGAGCCCCGCTTCATCTCAGTGGGCTACGTGGACGACACGCAGTTCGTGCGGTTCGACAGCGACGCCGCGAGTCCGAGAGGGGAGCCGCGGGCGCCGTGGGTGGAGCAGGAGGGGCCGGAGTATTGGGACCGGGAGACACAGAAGTACAAGCGCCAGGCACAGGCTGACCGAGTGAGCCTGCGGAACCTGCGCGGCTACTACAACCAGAGCGAGGACG,GGTCTCACACCCTCCAGAGGATGTCTGGCTGCGACCTGGGGCCCGACGGGCGCCTCCTCCGCGGGTATGACCAGTCCGCCTACGACGGCAAGGATTACATCGCCCTGAACGAGGACCTGCGCTCCTGGACCGCCGCGGACACCGCGGCTCAGATCACCCAGCGCAAGTTGGAGGCGGCCCGTGCGGCGGAGCAGCTGAGAGCCTACCTGGAGGGCACGTGCGTGGAGTGGCTCCGCAGATACCTGGAGAACGGGAAGGAGACGCTGCAGCCTGCAG
C*07:118,GCTCCCACTCCATGAGGTATTTCGACACCGCCGTGTCCCGGCCCGGCCGCGGAGAGCCCCGCTTCATCTCAGTGGGCTACGTGGACGACACGCAGTTCGTGCGGTCCGACAGCGACGCCGCGAGTCCGAGAGGGGAGCCGCGGGCGCCGTGGGTGGAGCAGGAGGGGCCGGAGTATTGGGACCGGGAGACACAGAACTACAAGCGCCAGGCACAGGCTGACCGAGTGAGCCTGCGGAACCTGCGCGGCTACTACAACCAGAGCGAGGACG,GGTCTCACACCCTCCAGAGGATGTATGGCTGCGACCTGGGGCCCGACGGGCGCCTCCTCCGCGGGTATGACCAGTCCGCCTACGACGGCAAGGATTACATCGCCCTGAACGAGGACCTGCGCTCCTGGACCGCCGCGGACACCGCGGCTCAGATCACCCAGCGCAAGTTGGAGGCGGCCCGTGCGGCGGAGCAGCTGAGAGCCTACCTGGAGGGCACGTGCGTGGAGTGGCTCCGCAGATACCTGGAGAACGGGAAGGAGACGCTGCAGCGCGCAG
C*07:119,GCTCCCACTCCATGAGGTATTTCGACACCGCCGTGTCCCGGCCCGGCCGCGGAGAGCCCCGCTTCATCTCAGTGGGCTACGTGGACGACACGCAGTTCGTGCGGTTCGACAGCGACGCCGCGAGTCCGAGAGGGGAGCCGCGGGCGCCGTGGGTGGAGCAGGAGGGGCCGGAGTATTGGGACCGGGAGACACAGAACTACAAGCGCCAGGCACAGGCTGACCGAGTGAGCCTGCGGAACCTGCGCGGCTACTACAACCAGAGCGAGGACG,GGTCTCACACCCTCCAGAGGATGTATGGCTGCGACCTGGGGCCCGACGGGCGCCTCCTCCGCGGGTATGACCAGTCCGCCTACGACGGCAAGGATTACATCGCCCTGAACGAGGACCTGCGCTCCTGGACCGCCGCGGACACCGTGGCTCAGATCACCCAGCGCAAGTTGGAGGCGGCCCGTGCGGCGGAGCAGCTGAGAGCCTACCTGGAGGGCACGTGCGTGGAGTGGCTCCGCAGATACCTGGAGAACGGGAAGGAGACGCTGCAGCGCGCAG
C*07:120,GCTCCCACTCCATGAGGTATTTCGACACCGCCGTGTCCCGGCCCGGCCGCGGAGAGCCCCGCTTCATCTCAGTGGGCTACGTGGACGACACGCAGTTCGTGCGGTTCGACAGCGACGCCGCGAGTCCGAGAGGGGAGCCGCGGGCGCCGTGGGTGGAGCAGGAGGGGCCGGAGTATTGGGACCGGGAGACACAGAACTACAAGCGCCAGGCACAGGCTGACCGAGTGAGCCTGCGGAACCTGCGCGGCTACTACAACCAGAGCGAGGACG,GGTCTCACACCCTCCAGAGGATGTATGGCTGCGACCTGGGGCCCGACGGGCGCCTCCTCCGCGGGTATGACCAGTCCGCCTACGACGGCAAGGATTACATCGCCCTGAACGAGGACCTGCGCTCCTGGACCGCCGCGGACACCGCGGCTCAGATCACCCAGCGCAAGTTGGAGGCGGCCCGTGCGGCGGAGCAGCTGAGAGCCTACCTGGAGGGCCCGTGCGTGGAGTGGCTCCGCAGATACCTGGAGAACGGGAAGGAGACGCTGCAGCGCGCAG
C*07:121Q,GCTCCCACTCCATGAGGTATTTCGACACCGCCGTGTCCCGGCCCGGCCGCGGAGAGCCCCGCTTCATCTCAGTGGGCTACGTGGACGACACGCAGTTCGTGCGGTTCGACAGCGACGCCGCGAGTCCGAGAGGGGAGCCGCGGGCGCCGTGGGTGGAGCAGGAGGGGCCGGAGTATTGGGACCGGGAGACACAGAAGTACAAGCGCCAGGCACAGGCTGACCGAGTGAGCCTGCGGAACCTGCGCGGCTACTACAACCAGAGCGAGGACG,GGTCTCACACCCTCCAGAGGATGTCTGGCTGCGACCTGGGGCCCGACGGGCGCCTCCTCCGCGGGTATGACCAGTCCGCCTACGACGGCAAGGATTACATCGCCCTGAACGAGGACCTGCGCTCCTGGACCGCCGCGGACACCGCGGCTCAGATCACCCAGCGCAAGTTGGAGGCGGCCCGTGCGGCGGAGCAGCTGAGAGCCTACCTGGAGGGCACGTTCGTGGAGTGGCTCCGCAGATACCTGGAGAACGGGAAGGAGACGCTGCAGCGCGCAG
C*07:122,GCTCCCACTCCATGAGGTATTTCGACACCGCCGTGTCCCGGCCCGGCCGCGGAGAGCCCCGCTTCATCTCAGTGGGCTACGTGGACGACACGCAGTTCGTGCGGTTCGACAGCGACGCCGCGAGTCCGAGAGGGGAGCCGCGGGCGCCGTGGGTGGAGCAGGAGGGGCCGGAGTATTGGGACCGGGAGACACAGAACTACAAGCGCCAGGCACAGGCTGACCGAGTGAGCCTGCGGAACCTGCGCGGCTACTACAACCAGAGCGAGGACG,GGTCTCACACCCTCCAGAGGATGTATGGCTGCGACCTGGGGCCCGACGGGCGCCTCCTCCGCGGGTATGACCAGTCCGCCTACGACGGCAAGGATTACATCGCCCTGAACGAGGACCTGCGCTCCTGGACCGCCGCGGACACCGCGGCTCAGATCACCCGGCGCAAGTTGGAGGCGGCCCGTGCGGCGGAGCAGCTGAGAGCCTACCTGGAGGGCACGTGCGTGGAGTGGCTCCGCAGATACCTGGAGAACGGGAAGGAGACGCTGCAGCGCGCAG
C*07:123,GCTCCCACTCCATGAGGTATTTCGACACCGCCGTGTCCCGGCCCGGCCGCGGAGAGCCCCGCTTCATCTCAGTGGGCTACGTGGACGACACGCAGTTCGTGCGGTTCGACAGCGACGCCGCGAGTCCGAGAGGGGAGCCGCGGGCGCCGTGGGTGGAGCAGGAGGGGCCGGAGTATTGGGACCGGGAGACACAGAAGTACAAGCGCCAGGCACAGGCTGACCGAGTGAGCCTGCGGAACCTGCGCGGCTACTACAACCAGAGCGAGGACG,GGTCTCACACCCTCCAGAGGATGTCTGGCTGCGACCTGGGGCCCGACGGGCGCCTCCTCCGCGGGCATGACCAGTCCGCCTACGACGGCAAGGATTACATCGCCCTGAACGAGGACCTGCGCTCCTGGACCGCCGCGGACACCGCGGCTCAGATCACCCAGCGCAAGTTGGAGGCGGCCCGTGCGGCGGAGCAGCTGAGAGCCTACCTGGAGGGCACGTGCGTGGAGTGGCTCCGCAGATACCTGGAGAACGGGAAGGAGACGCTGCAGCGCGCAG
C*07:124,GCTCCCACTCCATGAGGTATTTCGACACCGCCGTGTCCCGGCCCGGCCGCGGAGAGCCCCGCTTCATCTCAGTGGGCTACGTGGACGACACGCAGTTCGTGCGGTTCGACAGCGACGCCGCGAGTCCGAGAGGGGAGCCGCGGGCGCCGTGGGTGGAGCAGGAGGGGCCGGAGTATTGGGACCGGGAGACACAGAACTACAAGCGCCAGGCACAGGCTGACCGAGAGAGCCTGCGGAACCTGCGCGGCTACTACAACCAGAGCGAGGACG,GGTCTCACACCCTCCAGAGGATGTATGGCTGCGACCTGGGGCCCGACGGGCGCCTCCTCCGCGGGTATGACCAGTCCGCCTACGACGGCAAGGATTACATCGCCCTGAACGAGGACCTGCGCTCCTGGACCGCCGCGGACACCGCGGCTCAGATCACCCAGCGCAAGTTGGAGGCGGCCCGTGCGGCGGAGCAGCTGAGAGCCTACCTGGAGGGCACGTGCGTGGAGTGGCTCCGCAGATACCTGGAGAACGGGAAGGAGACGCTGCAGCGCGCAG
C*07:125,GCTCCCACTCCATGAGGTATTTCGACACCGCCGTGTCCCGGCCCGGCCGCGGAGAGCCCCGCTTCATCTCAGTGGGCTACGTGGACGACACGCAGTTCGTGCGGTTCGACAGCGACGCCGCGAGTCCGAGAGGGGAGCCGCGGGAGCCGTGGGTGGAGCAGGAGGGGCCGGAGTATTGGGACCGGGAGACACAGAAGTACAAGCGCCAGGCACAGGCTGACCGAGTGAGCCTGCGGAACCTGCGCGGCTACTACAACCAGAGCGAGGACG,GGTCTCACACCCTCCAGAGGATGTCTGGCTGCGACCTGGGGCCCGACGGGCGCCTCCTCCGCGGGTATGACCAGTCCGCCTACGACGGCAAGGATTACATCGCCCTGAACGAGGACCTGCGCTCCTGGACCGCCGCGGACACCGCGGCTCAGATCACCCAGCGCAAGTTGGAGGCGGCCCGTGCGGCGGAGCAGCTGAGAGCCTACCTGGAGGGCACGTGCGTGGAGTGGCTCCGCAGATACCTGGAGAACGGGAAGGAGACGCTGCAGCGCGCAG
C*07:126,GCTCCCACTCCATGAGGTATTTCGACACCGCCGTGTCCCGGCCCGGCCGCGGAGAGCCCCGCTTCATCTCAGTGGGCTACGTGGACGACACGCAGTTCGTGCGGTTCGACAGCGACGCCGCGAGTCCGAGAGGGGAGCCGCGGGCGCCGTGGGTGGAGCAGGAGGGGCCGGAGTATTGGGACCGGGAGACACAGAAGTACAAGCGCCAGGCACAGGCTGACCGAGTGAGCCTGCGGAACCTGCGCGGCTACTACAACCAGAGCGAGGACG,GGTCTCACACCCTCCAGAGGATGTCTGGCTGCGACCTGGGGCCCGACGGGAGCCTCCTCCGCGGGTATGACCAGTCCGCCTACGACGGCAAGGATTACATCGCCCTGAACGAGGACCTGCGCTCCTGGACCGCCGCGGACACCGCGGCTCAGATCACCCAGCGCAAGTTGGAGGCGGCCCGTGCGGCGGAGCAGCTGAGAGCCTACCTGGAGGGCACGTGCGTGGAGTGGCTCCGCAGATACCTGGAGAACGGGAAGGAGACGCTGCAGCGCGCAG
C*07:127,GCTCCCACTCCATGAGGTATTTCGACACCGCTGTGTCCCGGCCCGGCCGCGGGGAGCCCCACTTCATCTCAGTGGGCTACGTGGACGACACGCAGTTCGTGCGGTTCGACAGCGACGCCGCGAGTCCGAGAGGGGAGCCGCGGGCGCCGTGGGTGGAGCAGGAGGGGCCGGAGTATTGGGACCGGGAGACACAGAAGTACAAGCGCCAGGCACAGGCTGACCGAGTGAGCCTGCGGAACCTGCGCGGCTACTACAACCAGAGCGAGGACG,GGTCTCACACCCTCCAGAGGATGTCTGGCTGCGACCTGGGGCCCGACGGGCGCCTCCTCCGCGGGTATGACCAGTCCGCCTACGACGGCAAGGATTACATCGCCCTGAACGAGGACCTGCGCTCCTGGACCGCCGCGGACACCGCGGCTCAGATCACCCAGCGCAAGTTGGAGGCGGCCCGTGCGGCGGAGCAGCTGAGAGCCTACCTGGAGGGCACGTGCGTGGAGTGGCTCCGCAGATACCTGGAGAACGGGAAGGAGACGCTGCAGCGCGCAG
C*07:128,GCTCCCACTCCATGAGGTATTTCGACACCGCCGTGTCCCGGCCCGGCCGCGGAGAGCCCCGCTTCATCTCAGTGGGCTACGTGGACGACACGCAGTTCGTGCGGTTCGACAGCGACGCCGCGAGTCCGAGAGGGGAGCCGCGGGCGCCGTGGGTGGAGCAGGAGGGGCCGGAGTATTGGGACCGGGAGACACAGAACTACAAGCGCCAGGCACAGGCTGACCGAGTGAGCCTGCGGAACCTGCGCGGCTACTACAACCAGAGCGAGGACG,GGTCTCACACCCTCCAGAGGATGTATGGCTGCGACCTGGGGCCCGACGGGCGCCTCCTCCGCGGGTATGACCAGTCCGCCTACGACGGCAAGGATTACATCGCCCTGAACGAGGACCTGCGCTCCTGGACCGCCGCGGACACCGCGGCTCAGATCACCCAGCGCAAGTTGGAGGCGGCCCGTGCGGCGGAGCAGCTGAGAGCCTACCTGGAGAGCACGTGCGTGGAGTGGCTCCGCAGATACCTGGAGAACGGGAAGGAGACGCTGCAGCGCGCAG
C*07:129,GCTCCCACTCCATGAGGTATTTCGACACCGCCGTGTCCCGGCCCGGCCGCGGAGAGCCCCGCTTCATCTCAGTGGGCTACGTGGACGACACGCAGTTCGTGCGGTTCGACAGCGACGCCGCGAGTCCGAGAGGGGAGCCGCGGGCGCCGTGGGTGGAGCAGGAGGGGCCGCAGTATTGGGACCGGGAGACACAGAACTACAAGCGCCAGGCACAGGCTGACCGAGTGAGCCTGCGGAACCTGCGCGGCTACTACAACCAGAGCGAGGACG,GGTCTCACACCCTCCAGAGGATGTATGGCTGCGACCTGGGGCCCGACGGGCGCCTCCTCCGCGGGTATGACCAGTCCGCCTACGACGGCAAGGATTACATCGCCCTGAACGAGGACCTGCGCTCCTGGACCGCCGCGGACACCGCGGCTCAGATCACCCAGCGCAAGTTGGAGGCGGCCCGTGCGGCGGAGCAGCTGAGAGCCTACCTGGAGGGCACGTGCGTGGAGTGGCTCCGCAGATACCTGGAGAACGGGAAGGAGACGCTGCAGCGCGCAG
C*07:130,GCTCCCACTCCATGAGGTATTTCGACACCGCCGTGTCCCGGCCCGGCCGCGGAGAGCCCCGCTTCATCTCAGTGGGCTACGTGGACGACACGCAGTTCGTGCGGTTCGACAGCGACGCCGCGAGTCCGAGAGGGGAGCCGCGGGCGCCGTGGGTGGAGCAGGAGGGGCCGGAGTATTGGGACCGGGAGACACAGAAGTACAAGCGCCAGGCACAGGCTGACCGAGTGAGCCTGCGGAACCTGCGCGGCTACTACAACCAGAGCGAGGACG,GGTCTCACACCCTCCAGAGGATGTCTGGCTGCGACCTGGGGCCCGACGGGCGCCTCCTCCGCGGGTATGACCAGTCCGCCTACGACGGCAAGGATTACATCGCCCTGAACGAGGACCTGCGCTCCTGGACCGCCGCGGACAACGCGGCTCAGATCACCCAGCGCAAGTTGGAGGCGGCCCGTGCGGCGGAGCAGCTGAGAGCCTACCTGGAGGGCACGTGCGTGGAGTGGCTCCGCAGATACCTGGAGAACGGGAAGGAGACGCTGCAGCGCGCAG
C*07:131,GCTCCCACTCCCTGAGGTATTTCGACACCGCCGTGTCCCGGCCCGGCCGCGGAGAGCCCCGCTTCATCTCAGTGGGCTACGTGGACGACACGCAGTTCGTGCGGTTCGACAGCGACGCCGCGAGTCCGAGAGGGGAGCCGCGGGCGCCGTGGGTGGAGCAGGAGGGGCCGGAGTATTGGGACCGGGAGACACAGAACTACAAGCGCCAGGCACAGGCTGACCGAGTGAGCCTGCGGAACCTGCGCGGCTACTACAACCAGAGCGAGGACG,GGTCTCACACCCTCCAGAGGATGTATGGCTGCGACCTGGGGCCCGACGGGCGCCTCCTCCGCGGGTATGACCAGTCCGCCTACGACGGCAAGGATTACATCGCCCTGAACGAGGACCTGCGCTCCTGGACCGCCGCGGACACCGCGGCTCAGATCACCCAGCGCAAGTTGGAGGCGGCCCGTGCGGCGGAGCAGCTGAGAGCCTACCTGGAGGGCACGTGCGTGGAGTGGCTCCGCAGATACCTGGAGAACGGGAAGGAGACGCTGCAGCGCGCAG
C*07:132,GCTCCCACTCCATGAGGGATTTCGACACCGCCGTGTCCCGGCCCGGCCGCGGAGAGCCCCGCTTCATCTCAGTGGGCTACGTGGACGACACGCAGTTCGTGCGGTTCGACAGCGACGCCGCGAGTCCGAGAGGGGAGCCGCGGGCGCCGTGGGTGGAGCAGGAGGGGCCGGAGTATTGGGACCGGGAGACACAGAACTACAAGCGCCAGGCACAGGCTGACCGAGTGAGCCTGCGGAACCTGCGCGGCTACTACAACCAGAGCGAGGACG,GGTCTCACACCCTCCAGAGGATGTATGGCTGCGACCTGGGGCCCGACGGGCGCCTCCTCCGCGGGTATGACCAGTCCGCCTACGACGGCAAGGATTACATCGCCCTGAACGAGGACCTGCGCTCCTGGACCGCCGCGGACACCGCGGCTCAGATCACCCAGCGCAAGTTGGAGGCGGCCCGTGCGGCGGAGCAGCTGAGAGCCTACCTGGAGGGCACGTGCGTGGAGTGGCTCCGCAGATACCTGGAGAACGGGAAGGAGACGCTGCAGCGCGCAG
C*07:133,GCTCCCACTCCATGAGGTATTTCGACACCGCCGTGTCCCGGCCCGGCCGCGGAGAGCCCCGCTTCATCTCAGTGGGCTACGTGGACGACACGCAGTTCGTGCGGTTCGACAGCGACGCCGCGAGTCCGAGAGGGGAGCCGCGGGCGCCGTGGGTGGAGCAGGAGGGGCCGGAGTATTGGGACCGGGAGACACAGAAGTACAAGCGCCAGGCACAGGCTGACCGAGTGAGCCTGCGGAACCTGCGCGGCTACTACAACCAGAGCGAGGACG,GGTCTCACACCCTCCAGAGGATGTCTGGCTGCGACCTGGGGCCCGACGGGCGCCTCCTCCGCGGGTATGACCAGTCCGCCTACGACGGCAAGGATTACATCGCCCTGAACGAGGACCTGCGCTCCTGGACCGCCGCGGACACCGCGGCTCAGATCACCCAGCGCAAGTTGGAGGCGGCCCGTGCGGCGGAGCAGCTGAGAGCCTACCTGGAGGGCACGTGCGTGGAGTGGCTCCGCAGATACCTGAAGAATGGGAAGGAGACGCTGCAGCGCGCAG
C*07:134,GCTCCCACTCCATGAGGTATTTCGACACCGCCGTGTCCCGGCCCGGCCGCGGAGAGCCCCGCTTCATCTCAGTGGGCTACGTGGACGACACGCAGTTCATGCGGTTCGACAGCGACGCCGCGAGTCCGAGAGGGGAGCCGCGGGCGCCGTGGGTGGAGCAGGAGGGGCCGGAGTATTGGGACCGGGAGACACAGAACTACAAGCGCCAGGCACAGGCTGACCGAGTGAGCCTGCGGAACCTGCGCGGCTACTACAACCAGAGCGAGGACG,GGTCTCACACCCTCCAGAGGATGTATGGCTGCGACCTGGGGCCCGACGGGCGCCTCCTCCGCGGGTATGACCAGTCCGCCTACGACGGCAAGGATTACATCGCCCTGAACGAGGACCTGCGCTCCTGGACCGCCGCGGACACCGCGGCTCAGATCACCCAGCGCAAGTTGGAGGCGGCCCGTGCGGCGGAGCAGCTGAGAGCCTACCTGGAGGGCACGTGCGTGGAGTGGCTCCGCAGATACCTGGAGAACGGGAAGGAGACGCTGCAGCGCGCAG
C*07:135,GCTCCCACTCCATGAGGTATTTCGACACCGCCGTGTCCCGGCCCGGCCGCGGAGAGCCCCGCTTCATCTCAGTGGGCTACGTGGACGACACGCAGTTCGTGCGGTTCCACAGCGACGCCGCGAGTCCGAGAGGGGAGCCGCGGGCGCCGTGGGTGGAGCAGGAGGGGCCGGAGTATTGGGACCGGGAGACACAGAAGTACAAGCGCCAGGCACAGGCTGACCGAGTGAGCCTGCGGAACCTGCGCGGCTACTACAACCAGAGCGAGGACG,GGTCTCACACCCTCCAGAGGATGTCTGGCTGCGACCTGGGGCCCGACGGGCGCCTCCTCCGCGGGTATGACCAGTCCGCCTACGACGGCAAGGATTACATCGCCCTGAACGAGGACCTGCGCTCCTGGACCGCCGCGGACACCGCGGCTCAGATCACCCAGCGCAAGTTGGAGGCGGCCCGTGCGGCGGAGCAGCTGAGAGCCTACCTGGAGGGCACGTGCGTGGAGTGGCTCCGCAGATACCTGGAGAACGGGAAGGAGACGCTGCAGCGCGCAG
C*07:136,GCTCCCACTCCATGAGGTATTTCGACACCGCCGTGTCCCGGCCCGGCCGCGGAGAGCCCCGCTTCATCTCAGTGGGCTACGTGGACGACACGCAGTTCGTGCGGTTCGACAGCGACGCCGCGAGTCCGAGAGGGGAGCCGCGGGCGCCGTGGGTGGAGCAGGAGGGGCCGGAGTATTGGGACCGGGAGACACAGAAGTACAAGCGCCAGGCACAGGCTGACCGAGTGAGCCTGCGGAACCTGCGCGGCTACTACAACCAGAGCGAGGACG,GGTCTCACACCCTCCAGAGGATGTCTGGCTGCGACCTGGGGCCCGACGGGCGCCTCCTCCGCGGGTATGACCAGTCCGCCTACGACGGCAAGGATTACATCGCCCTGAACGAGGACCTGCGCTCCTGGACCGCCGCGGACACCGCGGCTCAGATCACCCAGCGCAAGTTGGAGGCGGCCCGTGCGGTGGAGCAGCTGAGAGCCTACCTGGAGGGCACGTGCGTGGAGTGGCTCCGCAGATACCTGGAGAACGGGAAGGAGACGCTGCAGCGCGCAG
C*07:137:01,GCTCCCACTCCATGAGGTATTTCGACACCGCCGTGTCCCGGCCCGGCCGCGGAGAGCCCCGCTTCATCTCAGTGGGCTACGTGGACGACACGCAGTTCGTGCGGTTCGACAGCGACGCCGCGAGTCCGAGAGGGGAGCCGCGGGCGCCGTGGGTGGAGCAGGAGGGGCCGGAGTATTGGGACCGGGAGACACAGAAGTACAAGCGCCAGGCACAGGCTGACCGAGTGAGCCTGCGGAACCTGCGCGGCTACTACAACCAGAGCGAGGACG,GGTCTCACACCCTCCAGAGGATGTCTGGCTGCGACCTGGGGCCCGACGGGCGCCTCCTCCGCGGGTATGACCAGTCCGCCTACGACGGCAAGGATTACATCGCCCTGAACGAGGACCTGCGCTCCTGGACCGCCGCGGACACCGCGGCTCAGATCACCCAGCGCAAGTTGGAGGCGGCCCGTGCGGCGGAGCAGTTGAGAACCTACCTGGAGGGCACGTGCGTGGAGTGGCTCCGCAGATACCTGGAGAACGGGAAGGAGACGCTGCAGCGCGCAG
C*07:137:02,GCTCCCACTCCATGAGGTATTTCGACACCGCCGTGTCCCGGCCCGGCCGCGGAGAGCCCCGCTTCATCTCAGTGGGCTACGTGGACGACACGCAGTTCGTGCGGTTCGACAGCGACGCCGCGAGTCCGAGAGGGGAGCCGCGGGCGCCGTGGGTGGAGCAGGAGGGGCCGGAGTATTGGGACCGGGAGACACAGAAGTACAAGCGCCAGGCACAGGCTGACCGAGTGAGCCTGCGGAACCTGCGCGGCTACTACAACCAGAGCGAGGACG,GGTCTCACACCCTCCAGAGGATGTCTGGCTGCGACCTGGGGCCCGACGGGCGCCTCCTCCGCGGGTATGACCAGTCCGCCTACGACGGCAAGGATTACATCGCCCTGAACGAGGACCTGCGCTCCTGGACCGCCGCGGACACCGCGGCTCAGATCACCCAGCGCAAGTTGGAGGCGGCCCGTGCGGCGGAGCAGCTGAGAACCTACCTGGAGGGCACGTGCGTGGAGTGGCTCCGCAGATACCTGGAGAACGGGAAGGAGACGCTGCAGCGCGCAG
C*07:138,GCTCCCACTCCATGAGGTATTTCGACACCGCCGTGTCCCGGCCCGGCCGCGGAGAGCCCCGCTTCATCTCAGTGGGCTACGTGGACGACACGCAGTTCGTGCGGTTCGACAGCGACGCCGCGAGTCCGAGAGGGGAGCCGCGGGCGCCGTGGGTGGAGCAGGAGGGGCCGGAGTATTGGGACCGGGAGACACAGAAGTACAAGCGCCAGGCACAGGCTGACCGAGTGAGCCTGCGGAACCTGCGCGGCTACTACAACCAGAGCGAGGACG,GGTCTCACACCCTCCAGAGGATGTCTGGCTGCGACCTGGGGCCCGACGGGCGCCTCCTCCGCGGGTATGACCAGTCCGCCTACGACGGCAAGGATTACATCGCCCTGAACGAGGACCTGCGCTCCTGGACCGCCGCGGACACCGCGGCTCAGATCACCCAGCGCAAGTTGGAGGCGGCCCGTGCGGCGGAGCAGTGGAGAGCCTACCTGGAGGGCACGTGCGTGGAGTGGCTCCGCAGATACCTGGAGAACGGGAAGGAGACGCTGCAGCGCGCAG
C*07:139,GCTCCCACTCCATGAGGTATATCGACACCGCCGTGTCCCGGCCCGGCCGCGGAGAGCCCCGCTTCATCTCAGTGGGCTACGTGGACGACACGCAGTTCGTGCGGTTCGACAGCGACGCCGCGAGTCCGAGAGGGGAGCCCCGGGCGCCGTGGGTGGAGCAGGAGGGGCCGGAGTATTGGGACCGGGAGACACAGAAGTACAAGCGCCAGGCACAGGCTGACCGAGTGAGCCTGCGGAACCTGCGCGGCTACTACAACCAGAGCGAGGACG,GGTCTCACACCTTCCAGAGGATGTATGGCTGCGACCTGGGGCCCGACGGGCGCCTCCTCCGCGGGTATGACCAGTTCGCCTACGACGGCAAGGATTACATCGCCCTGAACGAGGACCTGCGCTCCTGGACCGCCGCGGACACCGCGGCTCAGATCACCCAGCGCAAGTTGGAGGCGGCCCGTGCGGCGGAGCAGGACAGAGCCTACCTGGAGGGCACGTGCGTGGAGTGGCTCCGCAGATACCTGGAGAACGGGAAGAAGACGCTGCAGCGCGCGG
C*07:140,GCTCCCACTCCATGAGGTATTTCGACACCGCCGTGTCCCGGCCCGGCCGCGGAGAGCCCCGCTTCATCTCAGTGGGCTACGTGGACGACACGCAGTTCGTGCGGTTCGACAGCGACGCCGCGAGTCCGAGAGGGGAGCCGCGGGCGCCGTGGGTGGAGCAGGAGGGGCCGGAGTATTGGGACCGGGAGACACAGAACTACAAGCGCCAGGCACAGGCTGACCGAGTGAGCCTGCGGAACCTGCGCGGCTACTACAACCAGAGCGAGGACG,GGTCTCACACCCTCCAGAGGATGTATGGCTGCGACCTGGGGCCCGACGGGCGCCTCCTCCGCGGGTATGACCAGTCCGCCTACGACGGCAAGGATTACATCGCCCTGAACGAGGACCTGCGCTCCTGGACCGCGGCGGACACCGCGGCTCAGATCACCCAGCGCAAGTGGGAGGCGGCCCGTGTGGCGGAGCAGGACAGAGCCTACCTGGAGGGCACGTGCGTGGAGTGGCTCCGCAGATACCTGGAGAACGGGAAGGAGACGCTGCAGCGCGCAG
C*07:141:01,GCTCCCACTCCATGAGGTATTTCGACACCGCCGTGTCCCGGCCCGGCCGCGGAGAGCCCCGCTTCATCTCAGTGGGCTACGTGGACGACACGCAGTTCGTGCGGTTCGACAGCGACGCCGCGAGTCCGAGAGGGGAGCCGCGGGCGCCGTGGGTGGAGCAGGAGGGGCCGGAGTATTGGGACCGGGAGACACAGAACTACAAGCGCCAGGCACAGGCTGACCGAGTGAGCCTGCGGAACCTGCGCGGCTACTACAACCAGAGCGAGGACG,GGTCTCACACCCTCCAGAGGATGTATGGCTGCGACCTGGGGCCCGACGGGCGCCTCCTCCGCGGGTATGACCAGTCCGCCTACGACGGCAAGGATTACATCGCCCTGAACGAGGACCTGCGCTCCTGGACCGCCGCGGACACGGCGGCTCAGATCACCCAGCGCAAGTGGGAGGCGGCCCGTGCGGCGGAGCAGCTGAGAGCCTACCTGGAGGGCACGTGCGTGGAGTGGCTCCGCAGATACCTGGAGAACGGGAAGGAGACGCTGCAGCGCGCAG
C*07:141:02,GCTCCCACTCCATGAGGTATTTCGACACCGCCGTGTCCCGGCCCGGCCGCGGAGAGCCCCGCTTCATCTCAGTGGGCTACGTGGACGACACGCAGTTCGTGCGGTTCGACAGCGACGCCGCGAGTCCGAGAGGGGAGCCGCGGGCGCCGTGGGTGGAGCAGGAGGGGCCGGAGTATTGGGACCGGGAGACACAGAACTACAAGCGCCAGGCACAGGCTGACCGAGTGAGCCTGCGGAACCTGCGCGGCTACTACAACCAGAGCGAGGACG,GGTCTCACACCCTCCAGAGGATGTATGGCTGCGACCTGGGGCCCGACGGGCGCCTCCTCCGCGGGTATGACCAGTCCGCCTACGACGGCAAGGATTACATCGCCCTGAACGAGGACCTGCGCTCCTGGACCGCCGCGGACACCGCGGCTCAGATCACCCAGCGCAAGTGGGAGGCGGCCCGTGCGGCGGAGCAGCTGAGAGCCTACCTGGAGGGCACGTGCGTGGAGTGGCTCCGCAGATACCTGGAGAACGGGAAGGAGACGCTGCAGCGCGCAG
C*07:142,GCTCCCACTCCATGAGGTATTTCGACACCGCCGTGTCCCGGCCCGGCCGCGGAGAGCCCCGCTTCATCTCAGTGGGCTACGTGGACGACACGCAGTTCGTGCGGTTCGACAGCGACGCCGCGAGTCCGAGAGGGGAGCCCCGGGCGCCGTGGGTGGAGCAGGAGGGGCCGGAGTATTGGGACCGGGAGACACAGAAGTACAAGCGCCAGGCACAGGCTGACCGAGTGAGCCTGCGGAACCTGCGCGGCTACTACAACCAGAGCGAGGACG,GGTCTCACACCTTCCAGAGGATGTATGGCTGCGACCTGGGGCCCGACAGGCGCCTCCTCCGCGGGTATGACCAGTTCGCCTACGACGGCAAGGATTACATCGCCCTGAACGAGGACCTGCGCTCCTGGACCGCCGCGGACACCGCGGCTCAGATCACCCAGCGCAAGTTGGAGGCGGCCCGTGCGGCGGAGCAGGACAGAGCCTACCTGGAGGGCACGTGCGTGGAGTGGCTCCGCAGATACCTGGAGAACGGGAAGAAGACGCTGCAGCGCGCGG
C*07:143,GCTCCCACTCCATGAGGTATTTCGACACCGCCGTGTCCCGGCCCGGCCGCGGAGAGCCCCGCTTCATCTCAGTGGGCTACGTGGACGACACGCAGTTCGTGCGGTTCGACAGCGACGCCGCGAGTCCGAGAGGGGAGCCGCGGGCGCCGTGGGTGGAGCAGGAGGGGCCGGAGTATTGGGACCGGGAGACACAGAAGTACAAGCGCCAGGCACAGGCTGACCGAGTGAGCCTGCGGAACCTGCGCGGCTACTACAACCAGAGCGAGGACG,GGTCTCACACCCTCCAGAGGATGTCTGGCTGCGACCTGGGGCCCGACGGGCGCGTCCTCCGCGGGTATGACCAGTCCGCCTACGACGGCAAGGATTACATCGCCCTGAACGAGGACCTGCGCTCCTGGACCGCCGCGGACACCGCGGCTCAGATCACCCAGCGCAAGTTGGAGGCGGCCCGTGCGGCGGAGCAGCTGAGAGCCTACCTGGAGGGCACGTGCGTGGAGTGGCTCCGCAGATACCTGGAGAACGGGAAGGAGACGCTGCAGCGCGCAG
C*07:144,GCTCCCACTCCATGAGGTATTTCGACACCGCCGTGTCCCGGCCCGGCCGCGGAGAGCCCCGCTTCATCTCAGTGGGCTACGTGGACGACACGCAGTTCGTGCGGTTCGACAGCGACGCCGCGAGTCCGAGAGGGGAGCCGCGGGCGCCGTGGGTGGAGCAGGAGGGGCCGGAGTATTGGGACCGGGAGACACAGAAGTACAAGCGCCAGGCACAGGCTGACCGAGTGAGCCTGCGGAACCTGCGCGGCTACTACAACCAGAGCGAGGACG,GGTCTCACACCCTCCAGAGGATGTCTGGCTGCGACCTGGGGCCCGACGGGCGCCTCCTCCGCGGGTATGACCAGTCCGCCTACGACTGCAAGGATTACATCGCCCTGAACGAGGACCTGCGCTCCTGGACCGCCGCGGACACCGCGGCTCAGATCACCCAGCGCAAGTTGGAGGCGGCCCGTGCGGCGGAGCAGCTGAGAGCCTACCTGGAGGGCACGTGCGTGGAGTGGCTCCGCAGATACCTGGAGAACGGGAAGGAGACGCTGCAGCGCGCAG
C*07:145,GCTCCCACTCCATGAGGTATTTCGACACCGCCGTGTCCCGGCCCGGCCGCGGAGAGCCCCGCTTCATCTCAGTGGGCTACGTGGACGACACGCAGTTCGTGCGGTTCGACAGCGACGCCGCGAGTCCGAGAGGGGAGCCGCGGGCGCCGTGGGTGGAGCAGGAGGGGCCGGAGTATTGGGACCGGGAGACACAGAAGTACAAGCGCCAGGCACAGGCTGACCGAGTGAGCCTGCGGAACCTGCGCGGCTACTACAACCAGAGCGAGGACG,GGTCTCACACCCTCCAGAGGATGTCTGGCTGCGACCTGGGGCCCGACGGGCGCCTCCTCCGCGGGTATGACCAGTCCGCCTACGACGGCAAGGATTACATCGCCCTGAACGAGGACCTGCACTCCTGGACCGCCGCGGACACCGCGGCTCAGATCACCCAGCGCAAGTTGGAGGCGGCCCGTGCGGCGGAGCAGCTGAGAGCCTACCTGGAGGGCACGTGCGTGGAGTGGCTCCGCAGATACCTGGAGAACGGGAAGGAGACGCTGCAGCGCGCAG
C*07:146,GCTCCCACTCCATGAGGTATTTCGACACCGCCGTGTCCCGGCCCGGCCGCGGAGAGCCCCGCTTCATCTCAGTGGGCTACGTGGACGACACGCAGTTCGTGCGGTTCGACAGCGACGCCGCGAGTCCGAGAGGGGAGCCGCGGACGCCGTGGGTGGAGCAGGAGGGGCCGGAGTATTGGGACCGGGAGACACAGAAGTACAAGCGCCAGGCACAGGCTGACCGAGTGAGCCTGCGGAACCTGCGCGGCTACTACAACCAGAGCGAGGACG,GGTCTCACACCCTCCAGAGGATGTCTGGCTGCGACCTGGGGCCCGACGGGCGCCTCCTCCGCGGGTATGACCAGTCCGCCTACGACGGCAAGGATTACATCGCCCTGAACGAGGACCTGCGCTCCTGGACCGCCGCGGACACCGCGGCTCAGATCACCCAGCGCAAGTTGGAGGCGGCCCGTGCGGCGGAGCAGCTGAGAGCCTACCTGGAGGGCACGTGCGTGGAGTGGCTCCGCAGATACCTGGAGAACGGGAAGGAGACGCTGCAGCGCGCAG
C*07:147,GCTCCCACTCCATGAGGTATTTCGACACCGCCGTGTCCCGGCCCGGCCGCGGAGAGCCCCGCTTCATCTCAGTGGGCTACGTGGACGACACGCAGTTCGTGCGGTTGGACAGCGACGCCGCGAGTCCGAGAGGGGAGCCGCGGGCGCCGTGGGTGGAGCAGGAGGGGCCGGAGTATTGGGACCGGGAGACACAGAAGTACAAGCGCCAGGCACAGGCTGACCGAGTGAGCCTGCGGAACCTGCGCGGCTACTACAACCAGAGCGAGGACG,GGTCTCACACCCTCCAGAGGATGTCTGGCTGCGACCTGGGGCCCGACGGGCGCCTCCTCCGCGGGTATGACCAGTCCGCCTACGACGGCAAGGATTACATCGCCCTGAACGAGGACCTGCGCTCCTGGACCGCCGCGGACACCGCGGCTCAGATCACCCAGCGCAAGTTGGAGGCGGCCCGTGCGGCGGAGCAGCTGAGAGCCTACCTGGAGGGCACGTGCGTGGAGTGGCTCCGCAGATACCTGGAGAACGGGAAGGAGACGCTGCAGCGCGCAG
C*07:148,GCTCCCACTCCATGAGGTATTTCGACACCGCCGTGTCCCGGCCCGGCCGCGGAGAGCCCCGCTTCATCTCAGTGGGCTACGTGGACGACACGCAGTTCGTGCAGTTCGACAGCGACGCCGCGAGTCCGAGAGGGGAGCCGCGGGCGCCGTGGGTGGAGCAGGAGGGGCCGGAGTATTGGGACCGGGAGACACAGAACTACAAGCGCCAGGCACAGGCTGACCGAGTGAGCCTGCGGAACCTGCGCGGCTACTACAACCAGAGCGAGGACG,GGTCTCACACCCTCCAGAGGATGTATGGCTGCGACCTGGGGCCCGACGGGCGCCTCCTCCGCGGGTATGACCAGTCCGCCTACGACGGCAAGGATTACATCGCCCTGAACGAGGACCTGCGCTCCTGGACCGCCGCGGACACCGCGGCTCAGATCACCCAGCGCAAGTTGGAGGCGGCCCGTGCGGCGGAGCAGCTGAGAGCCTACCTGGAGGGCACGTGCGTGGAGTGGCTCCGCAGATACCTGGAGAACGGGAAGGAGACGCTGCAGCGCGCAG
C*07:149,GCTCCCACTCCATGAGGTATTTCGACACCGCCGTGTCCCGGCCCGGCCGCGGAGAGCCCCGCTTCATCTCAGTGGGCTACGTGGACGACACGCAGTTCGTGCGGTTCGACAGCGACGCCGCGAGTCCGAGAGGGGAGCCGCGGGCGCCGTGGGTGGAGCAGGAGGGGCCGGAGTATTGGGACCGGGAGACACAGAAGTACAAGCGCCAGGCACAGGCTGACCGAGTGAGCCTGCGGAACCTGCGCGGCTACTACAACCAGAGCGAGGACG,GGTCTCACACCCTCCAGAGGATGTCTGGCTGCGACCTGGGGCCCGACGGGCGCCTCCTCCGCGGGTATGACCAGTCCGCCTACGACGGCAAGGATTACATCGCCCTGAACGAGGACCTGCGCTCCTGGACCGCCGCGGACACCGCGGCTCAGATCACCCAGCGCAAGTTGGAGGCGGCCCGTGCGGCGGAGCAGCTGAGAGCCTACCTGGAGGACACGTGCGTGGAGTGGCTCCGCAGATACCTGGAGAACGGGAAGGAGACGCTGCAGCGCGCAG
C*07:151,GCTCCCACTCCATGAGGTATTTCGACACCGCCGTGTCCCGGCCCGGCCGCGGAGAGCCCCGCTTCATCTCAGTGGGCTACGTGGACGACACGCAGTTCGTGCGGTTCGACAGCGACGCCGCGAGTCCGAGAGGGGAGCCGCGGGCGCCGTGGGTGGAGCAGGAGGGGCCGGAGTATTGGGACCGGGAGACACAGAACTACAAGCGCCAGGCACAGGCTGACCGAGTGAGCCTGCGGAACCTGCGCGGCTACTACAACCAGAGCGAGGACG,GGTCTCACACCCTCCAGAGGATGTATGGCTGCGACCTGGGGCCCGACGGGCGCCTCCTCCGCGGGTATGACCAGTCCGCCTACGACGGCAAGGATTACATCGCCCTGAACGAGGACCTGCGCTCCTGGACCGCCGCGGACACCGCGGCTCAGATCACCCAGCGCAAGTTGGAGGCGGCCCGTGCGGCGGAGCAGGACAGAGCCTACCTGGAGGGCACGTGCGTGGAGTGGCTCCGCAGATACCTGGAGAACGGGAAGGAGACGCTGCAGCGCGCAG
C*07:152N,GCTCCCACTCCATGAGGTATTTCGACACCGCCGTGTCCCGGCCCGGCCGCGGAGAGCCCCGCTTCATCTCAGTGGGCTACGTGGACGACACGCAGTTCGTGCGGTTCGACAGCGACGCCGCGAGTCCGAGAGGGGAGCCGCGGGCGCCGTGGGTGGAGCAGGAGGGGCCGGAGTATTGGGACCGGGAGACACAGAAGTACAAGCGCCAGGCACAGGCTGACTGAGTGAGCCTGCGGAACCTGCGCGGCTACTACAACCAGAGCGAGGACG,GGTCTCACACCCTCCAGAGGATGTCTGGCTGCGACCTGGGGCCCGACGGGCGCCTCCTCCGCGGGTATGACCAGTCCGCCTACGACGGCAAGGATTACATCGCCCTGAACGAGGACCTGCGCTCCTGGACCGCCGCGGACACCGCGGCTCAGATCACCCAGCGCAAGTTGGAGGCGGCCCGTGCGGCGGAGCAGCTGAGAGCCTACCTGGAGGGCACGTGCGTGGAGTGGCTCCGCAGATACCTGGAGAACGGGAAGGAGACGCTGCAGCGCGCAG
C*07:154,GCTCCCACTCCATGAGGTATTTCGACACCGCCGTGTCCCGGCCCGGCCGCGGAGAGCCCCGCTTCATCTCAGTGGGCTACGTGGACGACACGCAGTTCGTGCGGTTCGACAGCGACGCCGCGAGTCCGAGAGGGGAGCCGCGGGCGCCGTGGGTGGAGCAGGAGGGGCCGGAGTATTGGGACCGGGAGACACAGAAGTACAAGCGCCAGGCACAGGCTGACCGAGTGAGCCTGCGGAACCTGCGCGGCTACTACAACCAGAGCGAGGACG,GGTCTCACACCCTCCAGAGGATGTCTGGCTGCGACCTGGGGCCCGACGGGCGCCTCCTCCGCGGGTATGACCAGTCCGCCTACGACGGCAAGGATTACATCGCCCTGAACGAGGACCTGCGCTCCTGGACCGCCGCGGACACCGCGGCTCAGATCACCCAGCGCAAGTTGGAGGCGGCCCGTGCGGCGGAGCAGCTGAGAGCCTACCTGCAGGGCACGTGCGTGGAGTGGCTCCGCAGATACCTGGAGAACGGGAAGGAGACGCTGCAGCGCGCAG
C*07:155,GCTCCCACTCCATGAGGTATTTCGACACCGCCGTGTCCCGGCCCGGCCGCGGAGAGCCCCGCTTCATCTCAGTGGGCTACGTGGACGACACGCAGTTCGTGCGGTTCGACAGCGACGCCGCGAGTCCGAGAGGGGAGCCGCGGGCGCCGTGGGTGGAGCAGGAGGGGCCGGAGTATTGGGACCGGGAGACACAGAAGTACAAGCGCCAGGCACAGGCTGACCGAGAGAGCCTGCGGAACCTGCGCGGCTACTACAACCAGAGCGAGGACG,GGTCTCACACCCTCCAGAGGATGTCTGGCTGCGACCTGGGGCCCGACGGGCGCCTCCTCCGCGGGTATGACCAGTCCGCCTACGACGGCAAGGATTACATCGCCCTGAACGAGGACCTGCGCTCCTGGACCGCCGCGGACACCGCGGCTCAGATCACCCAGCGCAAGTTGGAGGCGGCCCGTGCGGCGGAGCAGCTGAGAGCCTACCTGGAGGGCACGTGCGTGGAGTGGCTCCGCAGATACCTGGAGAACGGGAAGGAGACGCTGCAGCGCGCAG
C*07:156,GCTCCCACTCCATGAGGTATTTCGACACCGCCGTGTCCCGGCCCGGCCGCGGAGAGCCCCGCTTCATCTCAGTGGGCTACGTGGACGACACGCAGTTCGTGCGGTTCGACAGCGACGCCGCGAGTCCGAGAGGGGAGCCGCGGGCGCCGTGGGTGGAGCAGGAGGGGCCGGAGTATTGGGACCGGGAGACACAGAACTACAAGCGCCAGGCACAGGCTCACCGAGTGAGCCTGCGGAACCTGCGCGGCTACTACAACCAGAGCGAGGACG,GGTCTCACACCCTCCAGAGGATGTATGGCTGCGACCTGGGGCCCGACGGGCGCCTCCTCCGCGGGTATGACCAGTCCGCCTACGACGGCAAGGATTACATCGCCCTGAACGAGGACCTGCGCTCCTGGACCGCCGCGGACACCGCGGCTCAGATCACCCAGCGCAAGTTGGAGGCGGCCCGTGCGGCGGAGCAGCTGAGAGCCTACCTGGAGGGCACGTGCGTGGAGTGGCTCCGCAGATACCTGGAGAACGGGAAGGAGACGCTGCAGCGCGCAG
C*07:157,GCTCCCACTCCATGAGGTATTTCGACACCGCCGTGTCCCGGCCCGGCCGCGGAGAGCCCCGCTTCATCTCAGTGGGCTACGTGGACGACACGCAGTTCGTGCGGTTCGACAGCGACGCCGCGAGTCCGAGAGGGGAGCCGCGGGCGCCGTGGGTGGAGCAGGAGGGGCCGGAGTATTGGGACCGGGAGACACAGAAGTACAAGCGCCAGGCACAGGCTGACCGAGTGAGCCTGCGGAACCTGCGCGGCTACTACAACCAGAGCGAGGACG,GGTCTCACACCCTCCAGAAGATGTCTGGCTGCGACCTGGGGCCCGACGGGCGCCTCCTCCGCGGGTATGACCAGTCCGCCTACGACGGCAAGGATTACATCGCCCTGAACGAGGACCTGCGCTCCTGGACCGCCGCGGACACCGCGGCTCAGATCACCCAGCGCAAGTTGGAGGCGGCCCGTGCGGCGGAGCAGCTGAGAGCCTACCTGGAGGGCACGTGCGTGGAGTGGCTCCGCAGATACCTGGAGAACGGGAAGGAGACGCTGCAGCGCGCAG
C*07:158,GCTCCCACTCCATGAGGTATTTCGACACCGCCGTGTCCCGGCCCGGCCGCGGAGAGCCCCGCTTCATCTCAGTGGGCTACGTGGACGACACGCAGTTCGTGCGGTTCGACAGCGACGCCGCGAGTCCGAGAGGGGAGCCGCGGGCGCCGTGGGTGGAGCAGGAGGGGCCGGAGTATTGGGACCGGGAGACACAGAAGTACAAGCGCCAGGCACAGGCTGACCGAGTGAGCCTGCGGAACCTGCGCGGCTACTACAACCAGAGCGAGGACG,GGTCTCACACCCTCCAGAGGATGTCTGGCTGCGACCTGGGGCCCGACGGGCGCCTCCTCCGCGGGTATGACCAGTCCGCCTACGACGGCAAGGATTACATCGCCCTGAACGAGGACCTGCGCTCCTGGACCGCCGCGGACACCGCGGCTCAGATCACCCAGCGCAAGTTGGAGGCGGCCCGTGCGGCGGAGCAGCTGAGAGCCTACCTGAAGGGCACGTGCGTGGAGTGGCTCCGCAGATACCTGGAGAACGGGAAGGAGACGCTGCAGCGCGCAG
C*07:161,GCTCCCACTCCATGAGGTATTTCGACACCGCCGTGTCCCGGCCCGGCCGCGGAGAGCCCCGCTTCATCTCAGTGGGCTACGTGGACGACACGCAGTTCGTGCAGTTCGACAGCGACGCCGCGAGTCCGAGAGGGGAGCCGCGGGCGCCGTGGGTGGAGCAGGAGGGGCCGGAGTATTGGGACCGGGAGACACAGAAGTACAAGCGCCAGGCACAGGCTGACCGAGTGAGCCTGCGGAACCTGCGCGGCTACTACAACCAGAGCGAGGACG,GGTCTCACACCCTCCAGAGGATGTCTGGCTGCGACCTGGGGCCCGACGGGCGCCTCCTCCGCGGGTATGACCAGTCCGCCTACGACGGCAAGGATTACATCGCCCTGAACGAGGACCTGCGCTCCTGGACCGCCGCGGACACCGCGGCTCAGATCACCCAGCGCAAGTTGGAGGCGGCCCGTGCGGCGGAGCAGCTGAGAGCCTACCTGGAGGGCACGTGCGTGGAGTGGCTCCGCAGATACCTGGAGAACGGGAAGGAGACGCTGCAGCGCGCAG
C*07:162,GCTCCCACTCCATGAGGTATTTCGACACCGCCGTGTCCCGGCCCGGCCGCGGAGAGCCCCGCTTCATCTCAGTGGGCTACGTGGACGACACGCAGTTCGTGCGGTTCGACAGCGACGCCGCGAGTCCGAGAGGGGAGCCGCGGGCGCCGTGGGTGGAGCAGGAGGGGCCGGAGTATTGGGACCGGGAGACACAGAACTACAAGCGCCAGGCACAGGCTGACCGAGTGAGCCTGCGGAACCTGCGCGGCTACTACAACCAGAGCGAGGACG,GGTCTCACACCCTCCAGAGGATGTATGGCTGCGACCTGGGGCCCGACGGGCGCCTCCTCCGCGGGTATGACCAGTCCGCCTACGACGGCAAGGATTACATCGCCCTGAACGAGGACCTGCGCTCCTGGACCGCCGCGGACACCGCGGCTCAGATCACCCAGCGCAAGTTGGAGGCGGCCCGTGCGGCGGAGCAGCTGAGAGCCTACCGGGAGGGCACGTGCGTGGAGTGGCTCCGCAGATACCTGGAGAACGGGAAGGAGACGCTGCAGCGCGCAG
C*07:163,GCTCCCACTCCATGAGGTATTTCGACACCGCCGTGTCCCGGCCCGGCCGCGGAGAGCCCCGCTTCATCTCAGTGGGCTACGTGGACGACACGCAGTTCGTGCGGTTCGACAGCGACGCCGCGAGTCCGAGAGGGGAGCCGCGGGCGCCGTGGGTGGAGCAGGAGGGGCCGGAGTATTGGGACCGGGAGACACAGAACTACAAGCGCCAGACACAGGCTGACCGAGTGAGCCTGCGGAACCTGCGCGGCTACTACAACCAGAGCGAGGACG,GGTCTCACACCCTCCAGAGGATGTATGGCTGCGACCTGGGGCCCGACGGGCGCCTCCTCCGCGGGTATGACCAGTCCGCCTACGACGGCAAGGATTACATCGCCCTGAACGAGGACCTGCGCTCCTGGACCGCCGCGGACACCGCGGCTCAGATCACCCAGCGCAAGTTGGAGGCGGCCCGTGCGGCGGAGCAGCTGAGAGCCTACCTGGAGGGCACGTGCGTGGAGTGGCTCCGCAGATACCTGGAGAACGGGAAGGAGACGCTGCAGCGCGCAG
C*07:164N,GCTCCCACTCCATGAGGTATTTCGACACCGCCGTGTCCCGGCCCGGCCGCGGAGAGCCCCGCTTCATCTCAGTGGGCTACGTGGACGACACGCAGTTCGTGCGGTTCGACAGCGACGCCGCGAGTCCGAGAGGGGAGCCGCGGGCGCCGTGGGTGGAGCAGGAGGGGCCGGAGTATTGGGACCGGGAGACACAGAACTACAAGCGCCAGGCACAGGCTGACCGAGTGAGCCTGCGGAACCTGCGCGGCTACTAAAACCAGAGCGAGGACG,GGTCTCACACCCTCCAGAGGATGTATGGCTGCGACCTGGGGCCCGACGGGCGCCTCCTCCGCGGGTATGACCAGTCCGCCTACGACGGCAAGGATTACATCGCCCTGAACGAGGACCTGCGCTCCTGGACCGCCGCGGACACCGCGGCTCAGATCACCCAGCGCAAGTTGGAGGCGGCCCGTGCGGCGGAGCAGCTGAGAGCCTACCTGGAGGGCACGTGCGTGGAGTGGCTCCGCAGATACCTGGAGAACGGGAAGGAGACGCTGCAGCGCGCAG
C*07:165,GCTCCCACTCCATGAGGTATTTCGACACCGCCGTGTCCCGGCCCGGCCGCGGAGAGCCCCGCTTCATCTCAGTGGGCTACGTGGACGACACGCAGTTCGTGCGGTTCGACAGCGACGCCGCGAGTCCGAGAGGGGAGCCGCGGGCGCCGTGGGTGGAGCAGGAGGGGCCGGAGTATTGGGACCGGGAGACACAGAACTACAAGCGCCAGGCACAGGCTGACCGAGTGAGCCTGCGGAACCTGCGCGGCTACTACAACCAGAGCGAGGACG,GGTCTCACACCCTCCAGAGGATGTATGGCTGCGACCTGGGGCCCGACGGGCGCCTCCTCCGCGGGTATGACCAGTCCGCCTACGACGGCAAGGATTACATCGCCCTGAACGAGGACCTGCGCTCCTGGACCGCCGCGGACACCGCGGCTCAGATCACCCAGCGCAAGTTGGAGGCGGCCCGTGAGGCGGAGCAGCTGAGAGCCTACCTGGAGGGCACGTGCGTGGAGTGGCTCCGCAGATACCTGGAGAACGGGAAGGAGACGCTGCAGCGCGCAG
C*07:168,GCTCCCACTCCATGAGGTATTTCGACACCGCCGTGTCCCGGCCCGGCCGCGGAGAGCCCCGCTTCATCTCAGTGGGCTACGTGGACGACACGCAGTTCGTGCGGTTCGACAGCGACGCCGCGAGTCCGAGAGGGGAGCCGCGGGCGCCGTGGGTGGAGCAGGAGGGGCCGGAGTATTGGGACCGGGAGACACAGAAGTACAAGCGCCAGGCACAGGCTGACCGAGTGAGCCTGCGGAACCTGCGCGGCTACTACAACCAGAGCGAGGACG,GGTCTCACACCCTCCAGAGGATGTCTGGCTGCGACCTGGGGCCCGACGGGCGCCTCCTCCGCGGGTATGACCAGTCCGCCTACGACGGCAAGGATTACATCGCCCTGAACGAGGACCTGAGCTCCTGGACCGCCGCGGACACCGCGGCTCAGATCACCCAGCGCAAGTTGGAGGCGGCCCGTGCGGCGGAGCAGCTGAGAGCCTACCTGGAGGGCACGTGCGTGGAGTGGCTCCGCAGATACCTGGAGAACGGGAAGGAGACGCTGCAGCGCGCAG
C*07:169,GCTCCCACTCCATGAGGTATTTCGACACCGCCGTGTCCCGGCCCGGCCGCGGAGAGCCCCGCTTCATCTCAGTGGGCTACGTGGACGACACGCAGTTCGTGCGGTTCGACAGCGACGCCGCGAGTCCGAGAGGGGAGCCGCGGGCGCCGTGGGTGGAGCAGGAGGGGCGGGAGTATTGGGACCGGGAGACACAGAAGTACAAGCGCCAGGCACAGGCTGACCGAGTGAGCCTGCGGAACCTGCGCGGCTACTACAACCAGAGCGAGGACG,GGTCTCACACCCTCCAGAGGATGTCTGGCTGCGACCTGGGGCCCGACGGGCGCCTCCTCCGCGGGTATGACCAGTCCGCCTACGACGGCAAGGATTACATCGCCCTGAACGAGGACCTGCGCTCCTGGACCGCCGCGGACACCGCGGCTCAGATCACCCAGCGCAAGTTGGAGGCGGCCCGTGCGGCGGAGCAGCTGAGAGCCTACCTGGAGGGCACGTGCGTGGAGTGGCTCCGCAGATACCTGGAGAACGGGAAGGAGACGCTGCAGCGCGCAG
C*07:170,GCTCCCACTCCATGAGGTATTTCGACACCGCCGTGTCCCGGCCCGGCCGCGGAGAGCCCCGCTTCATCTCAGTGGGCTACGTGGACGACACGCAGTTCGTGCGGTTCGACAGCGACGCCGCGAGTCCGAGAGGGGAGCCGCGGGCGCCGTGGGTGGAGCAGGAGGGGCCGGAGTATTGGGACCGGGAGACACAGAACTACAAGCGCCAGGCACAGGCTGACCGAGTGAGCCTGCGGAACCTGCGCGGCTACTACAACCAGAGCGAGGACG,GGTCTCACACCCTCCAGAGGATGTATGGCTGCGACCTGGGGCCCGACGGGCGCCTCCTCCGCGGGTATGACCAGTCCGCCTACGACGGCAAGGATTACATCGCCCTGAACGAGGACCTGCGCTCCTGGACCGCCGCGGACACCGCGGCTCAGATCACCCAGCGCAAGTATGAGGCGGCCCGTGCGGCGGAGCAGCTGAGAGCCTACCTGGAGGGCACGTGCGTGGAGTGGCTCCGCAGATACCTGGAGAACGGGAAGGAGACGCTGCAGCGCGCAG
C*07:171,GCTCCCACTCCATGAGGTATTTCGACACCGCCGTGTCCCGGCCCGGCCGCGGAGAGCCCCGCTTCATCTCAGTGGGCTACGTGGACGACACGCAGTTCGTGCGGTTCGACAGCGACGCCGCGAGTCCGAGAGGGGAGCCGCGGGCGCCGTGGGTGGAGCAGGAGGGGCCGGAGTATTGGGACCGGGAGACACAGAAGTACAAGCGCCAGGCACAGGCTGACCGAGTGAGCCTGCGGAACCTGCGCGGCTACTACAACCAGAGCGAGGACG,GGTCTCACACCCTCCAGAGGATGTCTGGCTGCGACCTGGGGCCCGACGGGCGCCTCCTCCGCGGGTATGACCAGTCCGCCTACGACGGCAAGGATTACATCGCCCTGAACGAGGACCTGCGCTCCTGGACCGCCGCGGACACCGCGGCTCAGATCACCCAGCGCAAGTATGAGGCGGCCCGTGCGGCGGAGCAGCTGAGAGCCTACCTGGAGGGCACGTGCGTGGAGTGGCTCCGCAGATACCTGGAGAACGGGAAGGAGACGCTGCAGCGCGCAG
C*07:172,GCTCCCACTCCATGAGGTATTTCGACACCGCCGTGTCCCGGCCCGGCCGCGGAGAGCCCCGCTTCATCGCAGTGGGCTACGTGGACGACACGCAGTTCGTGCGGTTCGACAGCGACGCCGCGAGTCCGAGAGGGGAGCCGCGGGCGCCGTGGGTGGAGCAGGAGGGGCCGGAGTATTGGGACCGGGAGACACAGAAGTACAAGCGCCAGGCACAGGCTGACCGAGTGAGCCTGCGGAACCTGCGCGGCTACTACAACCAGAGCGAGGACG,GGTCTCACACCCTCCAGAGGATGTCTGGCTGCGACCTGGGGCCCGACGGGCGCCTCCTCCGCGGGTATGACCAGTCCGCCTACGACGGCAAGGATTACATCGCCCTGAACGAGGACCTGCGCTCCTGGACCGCCGCGGACACCGCGGCTCAGATCACCCAGCGCAAGTTGGAGGCGGCCCGTGCGGCGGAGCAGCTGAGAGCCTACCTGGAGGGCACGTGCGTGGAGTGGCTCCGCAGATACCTGGAGAACGGGAAGGAGACGCTGCAGCGCGCAG
C*07:173,GCTCCCACTCCATGAGGTATTTCGACACCGCCGTGTCCCGGCCCGGCCGCGGAGAGCCCCGCTTCATCTCAGTGGGCTACGTGGACGACACGCAGTTCGTGCGGTTCGACAGCGACGCCGCGAGTCCGAGAGGGGAGCCGCGGGCGCCGTGGGTGGAGCAGGAGGGGCCGGAGTATTGGGACCGGGAGACACAGAACTACAAGCGCCAGGCACAGGCTGACCGAGTGAGCCTGCGGAACCTGCGCGGCTACTACAACCAGAGCGAGGACG,GGTCTCACACCCTCCAGAGGATGTATGGCTGCGACCTGGGGCCCGACGGGCGCCTCCTCCGCGGGCATGACCAGTCCGCCTACGACGGCAAGGATTACATCGCCCTGAACGAGGACCTGCGCTCCTGGACCGCCGCGGACACCGCGGCTCAGATCACCCAGCGCAAGTTGGAGGCGGCCCGTGCGGCGGAGCAGCTGAGAGCCTACCTGGAGGGCACGTGCGTGGAGTGGCTCCGCAGATACCTGGAGAACGGGAAGGAGACGCTGCAGCGCGCAG
C*07:174,GCTCCCACTCCATGAGGTATTTCGACACCGCCGTGTCCCGGCCCGGCCGCGGAGAGCCCCGCTTCATCTCAGTGGGCTACGTGGACGACACGCAGTTCGTGCGGTTCGACAGCGACGCCGCGAGTCCGAGAGGGGAGCCGCGGGCGCCGTGGGTGGAGCAGGAGGGGCCGGAGTATTGGGACCGGGAGACACAGAAGTACAAGCGCCAGGCACAGGCTGACCGAGTGAGCCTGCGGAACCTGCGCGGCTACTACAACCAGAGCGAGGACG,GGTCTCACACCCTCCAGAGGATGTCTGGCTGCGACCTGGGGCCCGACGGGCGCCTCCTCCACGGGTATGACCAGTCCGCCTACGACGGCAAGGATTACATCGCCCTGAACGAGGACCTGCGCTCCTGGACCGCCGCGGACACCGCGGCTCAGATCACCCAGCGCAAGTTGGAGGCGGCCCGTGCGGCGGAGCAGCTGAGAGCCTACCTGGAGGGCACGTGCGTGGAGTGGCTCCGCAGATACCTGGAGAACGGGAAGGAGACGCTGCAGCGCGCAG
C*07:175,GCTCCCACTCCATGAGGTATTTCGACACCGCCGTGTCCCGGCCCGGCCGCGGAGAGCCCCGCTTCATCTCAGTGGGCTACGTGGACGACACGCAGTTCGTGCGGTTCGACAGCGACGCCGCGAGTCCGAGAGGGGAGCCGCGGGCGCCGTGGGTGGAGCAGGTGGGGCCGGAGTATTGGGACCGGGAGACACAGAAGTACAAGCGCCAGGCACAGGCTGACCGAGTGAGCCTGCGGAACCTGCGCGGCTACTACAACCAGAGCGAGGACG,GGTCTCACACCCTCCAGAGGATGTCTGGCTGCGACCTGGGGCCCGACGGGCGCCTCCTCCGCGGGTATGACCAGTCCGCCTACGACGGCAAGGATTACATCGCCCTGAACGAGGACCTGCGCTCCTGGACCGCCGCGGACACCGCGGCTCAGATCACCCAGCGCAAGTTGGAGGCGGCCCGTGCGGCGGAGCAGCTGAGAGCCTACCTGGAGGGCACGTGCGTGGAGTGGCTCCGCAGATACCTGGAGAACGGGAAGGAGACGCTGCAGCGCGCAG
C*07:176,GCTCCCACTCCATGAGGTATTTCGACACCGCCGTGTCCCGGCCCGGCCGCGGAGAGCCCCGCTTCATCTCAGTGGGCTACGTGGACGACACGCAGTTCGTGCGGTTCGACAGCGACGCCGCGAGTCCGAGAGGGGAGCCGCGGGCGCCGTGGGTGGAGCAGGAGGGGCCGGAGTATTGGGACCGGGAGACACAGAACTACAAGCGCCAGGCACAGGCTGACCGAGTGAGCCTGCGGAACCTGCGCGGCTACTACAACCAGAGCGAGGACG,GGTCTCACACCCTCCAGAGGATGTATGGCTGCGACCTGGGGCCCGACGGGCGCCTCCTCCGCGGGTATGACCAGTCCGCCTACGACGGCAAGGATTACATCGCCCTGAACGAGGACCTGCGCTCCTGGACCGCCGCGGACACCGCGGCTCAGATCACCCAGCGCAAGTTGGAGGCGGCCCGTGCGGCGGAGCAGCGGAGAGCCTACCTGGAGGGCACGTGCGTGGAGTGGCTCCGCAGATACCTGGAGAACGGGAAGGAGACGCTGCAGCGCGCAG
C*07:177,GCTCCCACTCCATGAGGTATTTCGACACCGCCGTGTCCCGGCCCGGCCGCGGAGAGCCCCGCTTCATCTCAGTGGGCTACGTGGACGACACGCAGTTCGTGCGGTTCGACAGCGACGCCGCGAGTCCGAGAGGGGAGCCGCGGGCGCCGTGGGTGGAGCAGGAGGGGCCGGAGTATTGGGACCGGGAGACACAGAAGTACAAGCGCCAGGCACAGACTGACCGAGTGAGCCTGCGGAACCTGCGCGGCTACTACAACCAGAGCGAGGCCG,GGTCTCACACCCTCCAGTGGATGTGTGGCTGCGACCTGGGGCCCGACGGGCGCCTCCTCCGCGGGTATGACCAGTACGCCTACGACGGCAAGGATTACATCGCCCTGAACGAGGACCTGCGCTCCTGGACCGCCGCGGACACCGCGGCTCAGATCACCCAGCGCAAGTTGGAGGCGGCCCGTGCGGCGGAGCAGCTGAGAGCCTACCTGGAGGGCACGTGCGTGGAGTGGCTCCGCAGATACCTGGAGAACGGGAAGGAGACGCTGCAGCGCGCAG
C*07:178,GCTCCCACTCCATGAGGTATTTCGACACCGCCGTGTCCCGGCCCGGCCGCGGAGAGCCCCGCTTCATCTCAGTGGGCTACGTGGACGACACGCAGTTCGTGCGGTTCGACAGCGACGCCGCGAGTCCGAGAGGGGAGCCGCGGGCGCCGTGGGTGGAGCAGGAGGGGCCGGAGTATTGGGACCGGGAGACACAGAAGTACAAGCGCCAGGCACAGGCTGACCGAGTGAGCCTGCGGAACCTGCGCGGCTACTACAACCAGAGCGAGGACG,GGTCTCACACCCTCCAGAGGATGTCTGGCTGCGACCTGGGGCCCGACGGGCGCCTCCTCCTCGGGTATGACCAGTCCGCCTACGACGGCAAGGATTACATCGCCCTGAACGAGGACCTGCGCTCCTGGACCGCCGCGGACACCGCGGCTCAGATCACCCAGCGCAAGTTGGAGGCGGCCCGTGCGGCGGAGCAGCTGAGAGCCTACCTGGAGGGCACGTGCGTGGAGTGGCTCCGCAGATACCTGGAGAACGGGAAGGAGACGCTGCAGCGCGCAG
C*07:179,GCTCCCACTCCATGAGGTATTTCGACACCGCCGTGTCCCGGCCCGGCCGCGGAGAGCCCCGCTTCATCTCAGTGGGCTACGTGGACGACACGCAGTTCGTGCGGTTCGACAGCGACGCCGCGAGTCCGAGAGGGGAGCCGCGGGCGCCGTGGGTGGAGAAGGAGGGGCCGGAGTATTGGGACCGGGAGACACAGAACTACAAGCGCCAGGCACAGGCTGACCGAGTGAGCCTGCGGAACCTGCGCGGCTACTACAACCAGAGCGAGGACG,GGTCTCACACCCTCCAGAGGATGTATGGCTGCGACCTGGGGCCCGACGGGCGCCTCCTCCGCGGGTATGACCAGTCCGCCTACGACGGCAAGGATTACATCGCCCTGAACGAGGACCTGCGCTCCTGGACCGCCGCGGACACCGCGGCTCAGATCACCCAGCGCAAGTTGGAGGCGGCCCGTGCGGCGGAGCAGCTGAGAGCCTACCTGGAGGGCACGTGCGTGGAGTGGCTCCGCAGATACCTGGAGAACGGGAAGGAGACGCTGCAGCGCGCAG
C*07:180,GCTCCCACTCCATGAGGTATTTCGACACCGCCGTGTCCCGGCCCGGCCGCGGAGAGCCCCGCTTCATCTCAGTGGGCTACGTGGACGACACGCAGTTCGTGCGGTTCGACAGCGACGCCGCGAGTCCGAGAGGGGAGCCGCGGGCGCCGTGGGTGGAGCAGGAGGGGCCGGATTATTGGGACCGGGAGACACAGAACTACAAGCGCCAGGCACAGGCTGACCGAGTGAGCCTGCGGAACCTGCGCGGCTACTACAACCAGAGCGAGGACG,GGTCTCACACCCTCCAGAGGATGTATGGCTGCGACCTGGGGCCCGACGGGCGCCTCCTCCGCGGGTATGACCAGTCCGCCTACGACGGCAAGGATTACATCGCCCTGAACGAGGACCTGCGCTCCTGGACCGCCGCGGACACCGCGGCTCAGATCACCCAGCGCAAGTTGGAGGCGGCCCGTGCGGCGGAGCAGCTGAGAGCCTACCTGGAGGGCACGTGCGTGGAGTGGCTCCGCAGATACCTGGAGAACGGGAAGGAGACGCTGCAGCGCGCAG
C*07:181,GCTCCCACTCCATGAGGTATTTCGACACCGCCGTGTCCCGGCCCGGCCGCGGAGAGCCCCGCTTCATCTCAGTGGGCTACGTGGACGACACGCAGTTCGTGCGGTTCGACAGCGACGCCGCGAGTCCGAGAGGGGAGCCCCGGGCGCCGTGGGTGGAGCAGGAGGGGCCGGAGTATTGGGACCGGGAGACACAGAAGTACAAGCGCCAGGCACAGGCTGACCGAGTGAGCCTGCGGAACCTGCGCGGCTACTACAACCAGAGCGAGGCCG,GGTCTCACACCTTCCAGAGGATGTATGGCTGCGACCTGGGGCCCGACGGGCGCCTCCTCCGCGGGTATGACCAGTTCGCCTACGACGGCAAGGATTACATCGCCCTGAACGAGGACCTGCGCTCCTGGACCGCCGCGGACACCGCGGCTCAGATCACCCAGCGCAAGTTGGAGGCGGCCCGTGCGGCGGAGCAGGACAGAGCCTACCTGGAGGGCACGTGCGTGGAGTGGCTCCGCAGATACCTGGAGAACGGGAAGAAGACGCTGCAGCGCGCGG
C*07:182,GCTCCCACTCCATGAGGTATTTCGACACCGCCGTGTCCCGGCCCGGCCGCGGAGAGCCCCGCTTCATCTCAGTGGGCTACGTGGACGACACGCAGTTCGTGCGGTTCGACAGCGACGCCGCGAGTCCGAGAGGGGAGCCGCGGGCGCCGTGGGTGGAGCAGGAGGGGCCGGAGTATTGGGACCGGGAGACACAGAACTACAAGCGCCAGGCACAGGCTGACCGAGTGAGCCTGCGGAACCTGCGCGGCTACTACAACCAGAGCGAGGACG,GGTCTCACACCCTCCAGAGGATGTATGGCTGCGACCTGGGGCCCGACGGGCGCCTCTTCCGCGGGTATGACCAGTCCGCCTACGACGGCAAGGATTACATCGCCCTGAACGAGGACCTGCGCTCCTGGACCGCCGCGGACACCGCGGCTCAGATCACCCAGCGCAAGTTGGAGGCGGCCCGTGCGGCGGAGCAGCTGAGAGCCTACCTGGAGGGCACGTGCGTGGAGTGGCTCCGCAGATACCTGGAGAACGGGAAGGAGACGCTGCAGCGCGCAG
C*07:183,GCTCCCACTCCATGAGGTATTTCGACACCGCCGTGTCCCGGCCCGGCCGCGGAGAGCCCCGCTTCATCTCAGTGGGCTACGTGGACGACACGCAGTTCGTGCGGTTCGACAGCGACGCCGCGAGTCCGAGAGGGGAGCCGCGGGCGCCGTGGGTGGAGCAGGAGGGGCCGGAGTATTGGGACCGGGAGACACAGAAGTACAAGCGCCAGGCACAGGCTGACCGAGTGAGCCTGCGGAACCTGCGCGGCTACTACAACCAGAGCGAGGACG,GGTCTCACACCCTCCAGAGGATGTCTGGCTGCGACCTGGGGCCCGACGGGCGCCTCCTCCGCGGGTATGACCAGTCCGCCTACGACGGCAAGGATTACATCGCCCTGAACGAGGACCTGCGCTCCTGGACCGCCGCGGACACCGCGGCTCAGATCACCCAGCGCAAGTTGGAGGCGGCCCGTGCGGCGGAGCAGCTGAGAGCCTACCTGGAGGGCACGTGCGTGGAGTGGCTCCACAGATACCTGGAGAACGGGAAGGAGACGCTGCAGCGCGCAG
C*07:184,GCTCCCACTCCATGAGGTATTTCGACACCGCCGTGTCCCGGCCCGGCCGCGGAGAGCCCCGCTTCATCTCAGTGGGCTACGTGGACGACACGCAGTTCGTGCGGTTCGACAGCGACGCCGCGAGTCCGAGAGGGGAGCCGCGGGCGCCGTGGGTGGAGCAGGAGGGGCCGGAGTATTGGGACCGGGAGACACAGAAGTACAAGCGCCAGGCACAGGCTGACCGAGTGAGCCTGCGGAACCTGCGCGGCTACTACAACCAGAGCGAGGACG,GGTCTCACATCATCCAGAGGATGTACGGCTGCGACGTGGGGCCCGACGGGCGCCTCCTCCGCGGGTATGACCAGTACGCCTACGACGGCAAGGATTACATCGCCCTGAACGAGGACCTGCGCTCCTGGACCGCCGCGGACACCGCGGCTCAGATCACCCAGCGCAAGTTGGAGGCGGCCCGTGCGGCGGAGCAGCTGAGAGCCTACCTGGAGGGCACGTGCGTGGAGTGGCTCCGCAGATACCTGGAGAACGGGAAGGAGACGCTGCAGCGCGCAG
C*07:185,GCTCCCACTCCATGAGGTATTTCGACACCGCCGTGTCCCGGCCCGGCCGCGGAGAGCCCCGCTTCATCTCAGTGGGCTACGTGGACGACACGCAGTTCGTGCGGTTCGACAGCGACGCCGCGAGTCCGAGAGGGGAGCCGCGGGCGCCGTGGGTGGAGCAGGAGGGGCCGGAGTATTGGGACCGGGAGACACAGAAGTACAAGCGCCAGGCACAGGCTGACCGAGTGAGCCTGCGGAACCTGCGCGGCTACTACAACCAGAGCGAGGACG,GGTCTCACACCCTCCAGAGGATGTCTGGCTGCGACCTGGGGCCCGACGGGCGCCTCCTCCGCGGGTATGACCAGTCCGCCTACGACGGCAAGGATTACATCGCCCTGAACGAGGACCTGCGCTCCTGGACCGCCGCGGACACCGCGCCTCAGATCACCCAGCGCAAGTTGGAGGCGGCCCGTGCGGCGGAGCAGCTGAGAGCCTACCTGGAGGGCACGTGCGTGGAGTGGCTCCGCAGATACCTGGAGAACGGGAAGGAGACGCTGCAGCGCGCAG
C*07:186,GCTCCCACTCCATGAGGTATTTCGACACCGCCGTGTCCCGGCCCGGCCGCGGAGAGCCCCGCTTCATCTCAGTGGGCTACGTGGACGACACGCAGTTCGTGCGGTTCGACAGCGACGCCGCGAGTCCGAGAGGGGAGCCGCGGGCGCCGTGGGTGGAGCAGGAGGGGCCGGAGTATTGGGACCGGGAGACACAGAAGTACAAGCGCCAGGCACAGGCTGACCGAGTGAGCCTGCGGAACCTGCGCGGCTACTACAACCAGAGCGAGGACG,GGTCTCACACCCTCCAGAGGATGTCTGGCTGCGACCTGGGGCCCGACGGGCGCCTCCTCCGCGGGTATGACCAGTCCGCCTACGACGGCAAGGATTACATCGCCCTGAACGAGGACCTGCGCTCCTGGACCGCCGCGGACACCGCGGCTCAGATCACCCAGCGCAAGTTGGAGGCGGCCCGTGCGGCGGAGCAGCTGAGAGCCTACCTGGAGGGCCTGTGCGTGGAGTGGCTCCGCAGATACCTGGAGAACGGGAAGGAGACGCTGCAGCGCGCAG
C*07:187,GCTCCCACTCCATGAGGTATTTCGACACCGCCGTGTCCCGGCCCGGCCGCGGAGAGCCCCGCTTCATCTCAGTGGGCTACGTGGACGACACGCAGTTCGTGCGGTTCGACAGCGACGCCGCGAGTCCGAGAGGGGAGCCGCGGGCGCCGTGGGTGGAGCAGGAGGGGCCGGAGTATTGGGACCGGGAGACACAGAAGTACAAGCGCCAGGCACAGGCTGACCGAGTGAGCCTGCGGAACCTGCGCGGCTACTACAACCAGAGCGAGGACG,GGTCTCACACCCTCCAGAGGATGTCTGGCTGCGACCTGGGGCCCGACGGGCGCCTCCTCCGCGGGTATGACCAGTCCGCCTACGACGGCAAGGATTACATCGCCCTGAACGAGGACCTGCGCTCCTGGACCGCCGCGGACACCGCGGCTCAGGTCACCCAGCGCAAGTTGGAGGCGGCCCGTGCGGCGGAGCAGCTGAGAGCCTACCTGGAGGGCACGTGCGTGGAGTGGCTCCGCAGATACCTGGAGAACGGGAAGGAGACGCTGCAGCGCGCAG
C*07:188,GCTCCCACTCCATGAGGTATTTCGACACCGCCGTGTCCCGGCCCGGCCGCGGAGAGCCCCGCTTCATCTCAGTGGGCTACGTGGACGACACGCAGTTCGTGCGGTTCGACAGCGACGCCGCGAGTCCGAGAGGGGAGCCGCGGGCGCCGTGGGTGGAGCAGGAGGGGCCGGAGTATTGGGACCGGGAGACACAGAACTACAAGCGCCAGGCACAGGCTGACCGAGTGAGCCTGCGGAACCTGCGCGGCTACTACAACCAGAGCGAGGACG,GGTCTCACACCCTCCAGAGGATGTATGGCTGCGACCTGGGGCCCGACGGGCGCCTCCTCCGCGGGTATGACCAGTCCGCCTACGACGGCAAGGATTACATCGCCCTGAACGAGAACCTGCGCTCCTGGACCGCCGCGGACACCGCGGCTCAGATCACCCAGCGCAAGTTGGAGGCGGCCCGTGCGGCGGAGCAGCTGAGAGCCTACCTGGAGGGCACGTGCGTGGAGTGGCTCCGCAGATACCTGGAGAACGGGAAGGAGACGCTGCAGCGCGCAG
C*07:189,GCTCCCACTCCATGAGGTATTTCGACACCGCCGTGTCCCGGCCCGGCCGCGGAGAGCCCCGCTTCATCTCAGTGGGCTACGTGGACGACACGCAGTTCGTGCGGTTCGACAGCGACGCCGCGAGTCCGAGAGGGGAGCGGCGGGCGCCGTGGGTGGAGCAGGAGGGGCCGGAGTATTGGGACCGGGAGACACAGAACTACAAGCGCCAGGCACAGGCTGACCGAGTGAGCCTGCGGAACCTGCGCGGCTACTACAACCAGAGCGAGGACG,GGTCTCACACCCTCCAGAGGATGTATGGCTGCGACCTGGGGCCCGACGGGCGCCTCCTCCGCGGGTATGACCAGTCCGCCTACGACGGCAAGGATTACATCGCCCTGAACGAGGACCTGCGCTCCTGGACCGCCGCGGACACCGCGGCTCAGATCACCCAGCGCAAGTTGGAGGCGGCCCGTGCGGCGGAGCAGCTGAGAGCCTACCTGGAGGGCACGTGCGTGGAGTGGCTCCGCAGATACCTGGAGAACGGGAAGGAGACGCTGCAGCGCGCAG
C*07:190,GCTCCCACTCCATGAGGTATTTCGACACCGCCGTGTCCCGGCCCGGCCGCGGAGAGCCCCGCTTCATCTCAGTGGGCTACGTGGACGACACGCAGTTCGTGCGGTTCGACAGCGACGCCGCGAGTCCGAGAGGGGAGCCGCGGGCGCCGTGGGTGGAGCAGGAGGGGCCGGAGTATTGGGACCGGGAGACACAGAACTACAAGCGCCAGGCACAGGCTGACCGAGTGAGCCTGCGGAACCTGCGCGGCTACTACAACCACAGCGAGGACG,GGTCTCACACCCTCCAGAGGATGTATGGCTGCGACCTGGGGCCCGACGGGCGCCTCCTCCGCGGGTATGACCAGTCCGCCTACGACGGCAAGGATTACATCGCCCTGAACGAGGACCTGCGCTCCTGGACCGCCGCGGACACCGCGGCTCAGATCACCCAGCGCAAGTTGGAGGCGGCCCGTGCGGCGGAGCAGCTGAGAGCCTACCTGGAGGGCACGTGCGTGGAGTGGCTCCGCAGATACCTGGAGAACGGGAAGGAGACGCTGCAGCGCGCAG
C*07:191N,GCTCCCACTCCATGAGGTATTTCGACACCGCCGTGTCCCGGCCCGGCCGCGGAGAGCCCCGCTTCATCTCAGTGGGCTACGTGGACGACACGCAGTTCGTGCGGTTCGACAGCGACGCCGCGAGTCCGAGAGGGGAGCCGCGGGCGCCGTGGGTGGAGCAGGAGGGGCCGGAGTATTGGGACCGGGAGACACAGAACTACAAGCGCCAGGCACAGGCTGACCGAGTGAGCCTGCGGAACCTGCGCGGCTACTACAACCAGAGCGAGGACG,GGTCTCACACCCTCCAGAGGATGTATGGCTGCGACCTGGGGCCCGACGGGCGCCTCCTCCGCGGGTATGACCAGTCCGCCTACGACGGCAAGGATTACATCGCCCTGAACTAGGACCTGCGCTCCTGGACCGCCGCGGACACCGCGGCTCAGATCACCCAGCGCAAGTTGGAGGCGGCCCGTGCGGCGGAGCAGCTGAGAGCCTACCTGGAGGGCACGTGCGTGGAGTGGCTCCGCAGATACCTGGAGAACGGGAAGGAGACGCTGCAGCGCGCAG
C*07:192,GCTCCCACTCCATGAGGTATTTCGACACCGCCGTGTCCCGGCCCGGCCGCGGAGAGCCCCGCTTCATCTCAGTGGGCTACGTGGACGACACGCAGTTCGTGCGGTTCGACAGCGACGCCGCGAGTCCGAGAGGGGAGCCGCGGGCGCCGTGGGTGGAGCAGGAGGGGCCGGAGTATTGGGACCGGGAGACACAGAAGTACAAGCGCCAGGCACAGGCTGACCGAGTGAGCCTGCGGAACCTGCGCGGCTACTACAACCAGAGCGAGGACG,GGTCTCACACCCTCCAGAGGATGTCTGGCTGCGACCTGGGGCCCGACGGGCGCCTCCTCCGCGGGTATGACCAGTCCGCCTACGACGGCAAGGATTACATCGCCCTGAACGAGGACCTGCGCTCCTGGACCGCCGCGGACACCGCGGCTCAGATCACCCAGCGCAAGTTGGAGGCGGCCCGTGCGGCGGAGCAGCTGAGAGCCTACATGGAGGGCACGTGCGTGGAGTGGCTCCGCAGATACCTGGAGAACGGGAAGGAGACGCTGCAGCGCGCAG
C*07:193,GCTCCCACTCCATGAGGTATTTCGACACCGCCGTGTCCCGGCCCGGCCGCGGAGAGCCCCGCTTCATCTCAGTGGGCTACGTGGACGACACGCAGTTCGTGCGGTTCGACAGCGACGCCGCGAGTCCGAGAGGGGAGCCGCGGGCGCCGTGGGTGGAGCAGGAGGGGCCGGAGTATTGGGACCGGGAGACACAGAAGTACAAGCGCCAGGCACAGGCTGACCGAGTGAGCCTGCGGAACCTGCGCGGCTACTACAACCAGAGCGAGGACG,GGTCTCACACCCTCCAGAGGATGTCTGGCTGCGACCTGGGGCCCGACGGGCGCCTCCTCCGCGGGTATGACCAGTCCGCCTACGACGGCAAGGATTACATCGCCCTGAACGAGTACCTGCGCTCCTGGACCGCCGCGGACACCGCGGCTCAGATCACCCAGCGCAAGTTGGAGGCGGCCCGTGCGGCGGAGCAGCTGAGAGCCTACCTGGAGGGCACGTGCGTGGAGTGGCTCCGCAGATACCTGGAGAACGGGAAGGAGACGCTGCAGCGCGCAG
C*07:194,GCTCCCACTCCATGAGGTATTTCGACCCCGCCGTGTCCCGGCCCGGCCGCGGAGAGCCCCGCTTCATCTCAGTGGGCTACGTGGACGACACGCAGTTCGTGCGGTTCGACAGCGACGCCGCGAGTCCGAGAGGGGAGCCGCGGGCGCCGTGGGTGGAGCAGGAGGGGCCGGAGTATTGGGACCGGGAGACACAGAAGTACAAGCGCCAGGCACAGGCTGACCGAGTGAGCCTGCGGAACCTGCGCGGCTACTACAACCAGAGCGAGGACG,GGTCTCACACCCTCCAGAGGATGTCTGGCTGCGACCTGGGGCCCGACGGGCGCCTCCTCCGCGGGTATGACCAGTCCGCCTACGACGGCAAGGATTACATCGCCCTGAACGAGGACCTGCGCTCCTGGACCGCCGCGGACACCGCGGCTCAGATCACCCAGCGCAAGTTGGAGGCGGCCCGTGCGGCGGAGCAGCTGAGAGCCTACCTGGAGGGCACGTGCGTGGAGTGGCTCCGCAGATACCTGGAGAACGGGAAGGAGACGCTGCAGCGCGCAG
C*07:195,GCTCCCACTCCATGAGGTATTTCGACACCGCCGTGTCCCGGCCCGGCCGCGGAGAGCCCCGCTTCATCTCAGTGGGCTACGTGGACGACACGCAGTTCGTGCGGTTCGACAGCGACGCCGCGAGTCCGAGAGGGGAGCCGCGGGCGCCGTGGGTGGAGCAGGAGGGGCCGGAGTATTGGGACCGGGAGACACAGAAGTACAAGCGCCAGGCACAGGCTGACCGAGTGAGCCTGCGGAACCTGCGCGGCTACTACAACCAGAGCGAGGACG,GGTCTCAAACCCTCCAGAGGATGTCTGGCTGCGACCTGGGGCCCGACGGGCGCCTCCTCCGCGGGTATGACCAGTCCGCCTACGACGGCAAGGATTACATCGCCCTGAACGAGGACCTGCGCTCCTGGACCGCCGCGGACACCGCGGCTCAGATCACCCAGCGCAAGTTGGAGGCGGCCCGTGCGGCGGAGCAGCTGAGAGCCTACCTGGAGGGCACGTGCGTGGAGTGGCTCCGCAGATACCTGGAGAACGGGAAGGAGACGCTGCAGCGCGCAG
C*07:196,GCTCCCACTCCATGAGGTATTTCGACACCGCCGTGTCCCGGCCCGGCCGCGGAGAGCCCCGCTTCATCTCAGTGGGCTACGTGGACGACACGCAGTTCGTGCGGTTCGACAGCGACGCCGCGAGTCCGAGAGGGGAGCCGCGGGCGCCGTGGGTGGAGCAGGAGGGGCCGGAGTATTGGGACCGGGAGACACAGAACTACAAGCGCCAGGCACAGGCTGACCGAGTGAGCCTGCGGAACCTGCGCGGCTACTACAACCAGAGCGAGGACG,GGTCTCACATCATCCAGAGGATGTATGGCTGCGACCTGGGGCCCGACGGGCGCCTCCTCCGCGGGTATGACCAGTCCGCCTACGACGGCAAGGATTACATCGCCCTGAACGAGGACCTGCGCTCCTGGACCGCCGCGGACACCGCGGCTCAGATCACCCAGCGCAAGTTGGAGGCGGCCCGTGCGGCGGAGCAGCTGAGAGCCTACCTGGAGGGCACGTGCGTGGAGTGGCTCCGCAGATACCTGGAGAACGGGAAGGAGACGCTGCAGCGCGCAG
C*07:197,GCTCCCACTCCATGAGGTATTTCGACACCGCCGTGTCCCGGCCCGGCCGCGGAGAGCCCCGCTTCATCTCAGTGGGCTACGTGGACGACACGCAGTTCGTGCGGTTCGACAGCGACGCCGCGAGTCCGAGAGGGGAGCCGCGGGCGCCGTGGGTGGAGCAGGAGGGGCCGGAGTATTGGGACCGGGAGACACAGAACTACAAGCGCCAGGCACAGGCTGACCGAGTGAGCCTGCGGAACCTGCGCGGCTACTACAACCAGAGCGAGGACG,GGTCTCACACCCTCCAGAGGATGTATGGCTGCGACCTGGGGCCCGACGGGCGCCTCCTCCGCGGGTATGACCAGTCCGCCTACGACGGCAAGGATTACATCGCCCTGAACGAGGACCTGCGCTCCTGGACCGCCGCGGACACCGCGGCTCAGATCACCCAGAGCAAGTTGGAGGCGGCCCGTGCGGCGGAGCAGCTGAGAGCCTACCTGGAGGGCACGTGCGTGGAGTGGCTCCGCAGATACCTGGAGAACGGGAAGGAGACGCTGCAGCGCGCAG
C*07:198N,GCTCCCACTCCATGAGGTATTTCGACACCGCCGTGTCCCGGCCCGGCCGCGGAGAGCCCCGCTTCATCTCAGTGGGCTACGTGGACGACACGCAGTTCGTGCGGTTCGACAGCGACGCCGCGAGTCCGTGAGGGGAGCCGCGGGCGCCGTGGGTGGAGCAGGAGGGGCCGGAGTATTGGGACCGGGAGACACAGAAGTACAAGCGCCAGGCACAGGCTGACCGAGTGAGCCTGCGGAACCTGCGCGGCTACTACAACCAGAGCGAGGACG,GGTCTCACACCCTCCAGAGGATGTCTGGCTGCGACCTGGGGCCCGACGGGCGCCTCCTCCGCGGGTATGACCAGTCCGCCTACGACGGCAAGGATTACATCGCCCTGAACGAGGACCTGCGCTCCTGGACCGCCGCGGACACCGCGGCTCAGATCACCCAGCGCAAGTTGGAGGCGGCCCGTGCGGCGGAGCAGCTGAGAGCCTACCTGGAGGGCACGTGCGTGGAGTGGCTCCGCAGATACCTGGAGAACGGGAAGGAGACGCTGCAGCGCGCAG
C*07:199:01,GCTCCCACTCCATGAGGTATTTCGACACCGCCGTGTCCCGGCCCGGCCGCGGAGAGCCCCGCTTCATCTCAGTGGGCTACGTGGACGACACGCAGTTCGTGCGGTTCGACAGCGACGCCGCGAGTCCGAGAGGGGAGCCCCGGGCGCCGTGGGTGGAGCAGGAGGGGCCGGAGTATTGGGACCGGGAGACACAGAAGTACAAGCGCCAGGCACAGGCTGACCGAGTGAGCCTGCGGAACCTGCGCGGCTACTACAACCAGAGCGAGGACG,GGTCTCACACCCTCCAGAGGATGTATGGCTGCGACCTGGGGCCCGACGGGCGCCTCCTCCGCGGGTATGACCAGTTCGCCTACGACGGCAAGGATTACATCGCCCTGAACGAGGACCTGCGCTCCTGGACCGCCGCGGACACCGCGGCTCAGATCACCCAGCGCAAGTTGGAGGCGGCCCGTGCGGCGGAGCAGGACAGAGCCTACCTGGAGGGCACGTGCGTGGAGTGGCTCCGCAGATACCTGGAGAACGGGAAGAAGACGCTGCAGCGCGCGG
C*07:199:02,GCTCCCACTCCATGAGGTATTTCGACACCGCCGTGTCCCGGCCCGGCCGCGGAGAGCCCCGCTTCATCTCAGTGGGCTACGTGGACGACACGCAGTTCGTGCGGTTCGACAGCGACGCCGCGAGTCCGAGAGGGGAGCCCCGGGCGCCGTGGGTGGAGCAGGAGGGGCCGGAGTATTGGGACCGGGAGACACAGAAGTACAAGCGCCAGGCACAGGCTGACCGAGTGAGCCTGCGGAACCTGCGCGGCTACTACAACCAGAGCGAGGACG,GGTCTCACACCCTCCAGAGGATGTACGGCTGCGACCTGGGGCCCGACGGGCGCCTCCTCCGCGGGTATGACCAGTTCGCCTACGACGGCAAGGATTACATCGCCCTGAACGAGGACCTGCGCTCCTGGACCGCCGCGGACACCGCGGCTCAGATCACCCAGCGCAAGTTGGAGGCGGCCCGTGCGGCGGAGCAGGACAGAGCCTACCTGGAGGGCACGTGCGTGGAGTGGCTCCGCAGATACCTGGAGAACGGGAAGAAGACGCTGCAGCGCGCGG
C*07:200,GCTCCCACTCCATGAGGTATTTCGACACCGCCGTGTCCCGGCCCGGCCGCGGAGAGCCCCGCTTCATCTCAGTGGGCTACGTGGACGACACGCAGTTCGTGCGGTTCGACAGCGACGCCGCGAGTCCGAGAGGGGAGCCGCGGGCGCCGTGGGTGGAGCAGGAGGGGCCGGAGTATTGGGACCGGGAGACACAGAACTACAAGCGCCAGGCACAGGCTGACCGAGTGAGCCTGCGGAACCTGCGCGGCTACTACAACCAGAGCGAGGACG,GGTCTCACACCCTCCAGAGGATGTATGGCTGCGACCTGGGGCCCGACGGGCGCCTCCTCCGCGGGTATGACCAGTCCGCCTACGACGGCAAGGATTACATCGCCCTGAACGAGGACCTGCGCTCCTGGACCGCCGCGGACACCGCGGCTCAGATCACCCAGGGCAAGTTGGAGGCGGCCCGTGCGGCGGAGCAGCTGAGAGCCTACCTGGAGGGCACGTGCGTGGAGTGGCTCCGCAGATACCTGGAGAACGGGAAGGAGACGCTGCAGCGCGCAG
C*07:201,GCTCCCACTCCATGAGGTATTTCGACACCGCCGTGTCCCGGCCCGGCCGCGGAGAGCCCCGCTTCATCTCAGTGGGCTACGTGGACGACACGCAGTTCGTGCGGTTCGACAGCGACGCCGCGAGTCCGAGAGGGGAGCCGCGGGCGCCGTGGGTGGAGCAGGAGGGGCCGGAGTATTGGGACCGGGAGACACAGAACTACAAGCGCCAGGCACAGGCTGACCGAGTGAGCCTGCGGAACCTGCGCGGCTGCTACAACCAGAGCGAGGACG,GGTCTCACACCCTCCAGAGGATGTATGGCTGCGACCTGGGGCCCGACGGGCGCCTCCTCCGCGGGTATGACCAGTCCGCCTACGACGGCAAGGATTACATCGCCCTGAACGAGGACCTGCGCTCCTGGACCGCCGCGGACACCGCGGCTCAGATCACCCAGCGCAAGTTGGAGGCGGCCCGTGCGGCGGAGCAGCTGAGAGCCTACCTGGAGGGCACGTGCGTGGAGTGGCTCCGCAGATACCTGGAGAACGGGAAGGAGACGCTGCAGCGCGCAG
C*07:202,GCTCCCACTCCATGAGGTATTTCGACACCGCCGTGTCCCGGCCCGGCCGCGGAGAGCCCCGCTTCATCTCAGTGGGCTACGTGGACGACACGCAGTTCGTGCGGTTCGACAGCGACACCGCGAGTCCGAGAGGGGAGCCGCGGGCGCCGTGGGTGGAGCAGGAGGGGCCGGAGTATTGGGACCGGGAGACACAGAAGTACAAGCGCCAGGCACAGGCTGACCGAGTGAGCCTGCGGAACCTGCGCGGCTACTACAACCAGAGCGAGGACG,GGTCTCACACCCTCCAGAGGATGTCTGGCTGCGACCTGGGGCCCGACGGGCGCCTCCTCCGCGGGTATGACCAGTCCGCCTACGACGGCAAGGATTACATCGCCCTGAACGAGGACCTGCGCTCCTGGACCGCCGCGGACACCGCGGCTCAGATCACCCAGCGCAAGTTGGAGGCGGCCCGTGCGGCGGAGCAGCTGAGAGCCTACCTGGAGGGCACGTGCGTGGAGTGGCTCCGCAGATACCTGGAGAACGGGAAGGAGACGCTGCAGCGCGCAG
C*07:203,GCTCCCACTCCATGAGGTATTTCGACACCGCCGTGTCCCGGCCCGGCCGCGGAGAGCCCCGCTTCATCTCAGTGGGCTACGTGGACGACACGCAGTTCGTGCGGTTCGACAGCGACGCCGCGAGTCCGAGAGGGGAGCCGCGGGCGCCGTGGGTGGAGCAGGAGGGGCCGGAGTATTGGGACCGGGAGACACAGAACTACAAGCGCCAGGCACAGGCTGACCGAGTGAGCCTGCGGAACCTGCACGGCTACTACAACCAGAGCGAGGACG,GGTCTCACACCCTCCAGAGGATGTATGGCTGCGACCTGGGGCCCGACGGGCGCCTCCTCCGCGGGTATGACCAGTCCGCCTACGACGGCAAGGATTACATCGCCCTGAACGAGGACCTGCGCTCCTGGACCGCCGCGGACACCGCGGCTCAGATCACCCAGCGCAAGTTGGAGGCGGCCCGTGCGGCGGAGCAGCTGAGAGCCTACCTGGAGGGCACGTGCGTGGAGTGGCTCCGCAGATACCTGGAGAACGGGAAGGAGACGCTGCAGCGCGCAG
C*07:204,GCTCCCACTCCATGAGGTATTTCGACACCGCCGTGTCCCGGCCCGGCCGCGGAGAGCCCCGCTTCATCTCAGTGGGCTACGTGGACGACACGCAGTTCGTGCGGTTCGACAGCGACGCCGCGAGTCCGAGAGGGGAGCCGCGGGCGCCGTGGGTGGAGCAGGAGGGGCCGGAGTATTGGGACCGGGAGACACAGAACTACAAGCGCCAGGCACAGGCTGACCGAGTGAGCCTGCGGAACCTGCGCGGCTACTACAACCAGAGCGAGGACG,GGTCTCACACCCTCCAGAGGATGTATGGCTGCGACCTGGGGCCCGACGGGCGCCTCCTCCGCGGGTATGACCAGTCCGCCTACGACGGCAAGGATTACATCGCCCTGAAAGAGGACCTGCGCTCCTGGACCGCCGCGGACACCGCGGCTCAGATCACCCAGCGCAAGTTGGAGGCGGCCCGTGCGGCGGAGCAGCTGAGAGCCTACCTGGAGGGCACGTGCGTGGAGTGGCTCCGCAGATACCTGGAGAACGGGAAGGAGACGCTGCAGCGCGCAG
C*07:205,GCTCCCACTCCATGAGGTATTTCGACACCGCCGTGTCCCGGCCCGGCCGCGGAGAGCCCCGCTTCATCTCAGTGGGCTACGTGGACGACACGCAGTTCGTGCGGTTCGACAACGACGCCGCGAGTCCGAGAGGGGAGCCGCGGGCGCCGTGGGTGGAGCAGGAGGGGCCGGAGTATTGGGACCGGGAGACACAGAACTACAAGCGCCAGGCACAGGCTGACCGAGTGAGCCTGCGGAACCTGCGCGGCTACTACAACCAGAGCGAGGACG,GGTCTCACACCCTCCAGAGGATGTATGGCTGCGACCTGGGGCCCGACGGGCGCCTCCTCCGCGGGTATGACCAGTCCGCCTACGACGGCAAGGATTACATCGCCCTGAACGAGGACCTGCGCTCCTGGACCGCCGCGGACACCGCGGCTCAGATCACCCAGCGCAAGTTGGAGGCGGCCCGTGCGGCGGAGCAGCTGAGAGCCTACCTGGAGGGCACGTGCGTGGAGTGGCTCCGCAGATACCTGGAGAACGGGAAGGAGACGCTGCAGCGCGCAG
C*07:206,GCTCCCACTCCATGAGGTATTTCGACACCGCCGTGTCCCGGCCCGGCCGCGGAGAGCCCCGCTTCATCTCAGTGGGCTACGTGGACGACACGCAGTTCGTGCGGTTCGACAGCGACGCCGCGAGTCCGAGAGGGGAGCCGCGGGCGCCGTGGGTGGAGCAGGAGGGGCCGGAGTATTGGGACCGGGAGACACAGAACTACAAGCGCCAGGCACAGGCTGACCGAGTGAGCCTGCGGAACCTGCGCGGCTACTACAACCAGAGCGAGGACG,GGTCTCACACCCTCCAGAGGATGTATGGCTGCGACCTGGAGCCCGACGGGCGCCTCCTCCGCGGGTATGACCAGTCCGCCTACGACGGCAAGGATTACATCGCCCTGAACGAGGACCTGCGCTCCTGGACCGCCGCGGACACCGCGGCTCAGATCACCCAGCGCAAGTTGGAGGCGGCCCGTGCGGCGGAGCAGCTGAGAGCCTACCTGGAGGGCACGTGCGTGGAGTGGCTCCGCAGATACCTGGAGAACGGGAAGGAGACGCTGCAGCGCGCAG
C*07:207,GCTCCCACTCCATGAGGTATTTCGACACCGCCGTGTCCCGGCCCGGCCGCGGAGAGCCCCGCTTCATCTCAGTGGGCTACGTGGACGACACGCAGTTCGTGCGGTTCGACAGCGACGCCGCGAGTCCGAGAGGGGAGCCGCGGGCGCCGTGGGTGGAGCAGGAGGGGCCGGAGTATTGGGACCGGGAGACACAGAACTACAAGCGCCAGGCACAGGCTGACCGAGTGAGCCTGCGGAACCTGCGCGGCTACTACAACCAGAGCGAGGACG,GGTCTCACACCCTCCAGAGGATGTATGGCTGCGACCTGGGGCCCGACGGGCGCCTCCTCCGCGGGTATGACCAGTCCGCCTACGACGGCAAGGATTACATCGCCCTGAACGAGGACCTGCGCTCCTGGACCGCCGCGGACACCGCGGCTCAGATCACCCAGCGCAAGTTGGAGGCGGCCCGTGCGGCGGAGCAGCTGAGAGCCTACCTGGAGGGCGAGTGCGTGGAGTGGCTCCGCAGATACCTGGAGAACGGGAAGGAGACGCTGCAGCGCGCAG
C*07:208,GCTCCCACTCCATGAGGTATTTCGACACCGCCGTGTCCCGGCCCGGCCGCGGAGAGCCCCGCTTCATCTCAGTGGGCTACGTGGACGACACGCAGTTCGTGCGGTTCGACAGCGACGCCGCGAGTCCGAGAGGGGAGCCGCGGGCGCCGTGGGTGGAGCAGGAGGGGCCGGAGTATTGGGACCGGGAGACACAGAAGTACAAGCGCCAGGCACAGGCTGACCGAGTGAGCCTGCGGAACCTGCGCGGCTACTACAACCAGAGCGAGGACG,GGTCTCACACCCTCCAGAGGATGTCTGGCTGCGACCTGGGGCCCGACGGGCGCCTCCTCCGCGGGTATGACCAGTCCGCCTACGACGGCAAGGATTACATCGCCCTGAACGAGGACCTGCGCTCCTGGACCCCCGCGGACACCGCGGCTCAGATCACCCAGCGCAAGTTGGAGGCGGCCCGTGCGGCGGAGCAGCTGAGAGCCTACCTGGAGGGCACGTGCGTGGAGTGGCTCCGCAGATACCTGGAGAACGGGAAGGAGACGCTGCAGCGCGCAG
C*07:209,GCTCCCACTCCATGAGGTATTTCGACACCGCCGTGTCCCGGCCCGGCCGCGGAGAGCCCCGCTTCATCTCAGTGGGCTACGTGGACGACACGCAGTTCGTGCGGTTCGACAGCGACGCCGCGAGTCCGAGAGCGGAGCCGCGGGCGCCGTGGGTGGAGCAGGAGGGGCCGGAGTATTGGGACCGGGAGACACAGAAGTACAAGCGCCAGGCACAGGCTGACCGAGTGAGCCTGCGGAACCTGCGCGGCTACTACAACCAGAGCGAGGACG,GGTCTCACACCCTCCAGAGGATGTCTGGCTGCGACCTGGGGCCCGACGGGCGCCTCCTCCGCGGGTATGACCAGTCCGCCTACGACGGCAAGGATTACATCGCCCTGAACGAGGACCTGCGCTCCTGGACCGCCGCGGACACCGCGGCTCAGATCACCCAGCGCAAGTTGGAGGCGGCCCGTGCGGCGGAGCAGCTGAGAGCCTACCTGGAGGGCACGTGCGTGGAGTGGCTCCGCAGATACCTGGAGAACGGGAAGGAGACGCTGCAGCGCGCAG
C*07:210,GCTCCCACTCCATGAGGTATTTCGACACCGCCGTGTCCCGGCCCGGCCGCGGAGAGCCCCGCTTCATCTCAGTGGGCTACGTGGACGACACGCAGTTCGTGCGGTTCGACAGCGACGCCGCGAGTCCGAGAGGGGAGCCGCGGGCGCCGTGGGTGGAGCAGGAGGGGCCGGAGTATTGGGACCGGGAGACACAGAACTACAAGCGCCAGGCACAGACTGACCGAGTGAACCTGCGGAACCTGCGCGGCTACTACAACCAGAGCGAGGACG,GGTCTCACACCCTCCAGAGGATGTATGGCTGCGACCTGGGGCCCGACGGGCGCCTCCTCCGCGGGTATGACCAGTCCGCCTACGACGGCAAGGATTACATCGCCCTGAACGAGGACCTGCGCTCCTGGACCGCCGCGGACACCGCGGCTCAGATCACCCAGCGCAAGTTGGAGGCGGCCCGTGCGGCGGAGCAGCTGAGAGCCTACCTGGAGGGCACGTGCGTGGAGTGGCTCCGCAGATACCTGGAGAACGGGAAGGAGACGCTGCAGCGCGCAG
C*07:211,GCTCCCACTCCATGAGGTATTTCGACACCGCCGTGTCCCGGCCCGGCCGCGGAGAGCCCCGCTTCATCTCAGTGGGCTACGTGGACGACACGCAGTTCGTGCGGTTCGACAGCGACGCCGCGAGTCCGAGAGGGGAGCCGCGGGCGCCGTGGGTGGAGCAGGAGGGGCCGGAGTATTGGGACCGGGAGACACAGAAGTACAAGCGCCAGGCACAGGCTGACCGAGTGAGCCTGCGGAACCTGCGCGGCTACTACAACCAGAGCGAGGACG,GGTCTCACACCCTCCAGAGGATGTCTGGCTGCGACCTGGGGCCCGACGGGCGCCTCCTCCGCGGGTATGACCAGTCCGCCTACGACGGCAAGGATTACATCGCCCTGAACGAGGACCTGCGCTCCTGGACCGCCGCGGACACCGCGTCTCAGATCACCCAGCGCAAGTTGGAGGCGGCCCGTGCGGCGGAGCAGCTGAGAGCCTACCTGGAGGGCACGTGCGTGGAGTGGCTCCGCAGATACCTGGAGAACGGGAAGGAGACGCTGCAGCGCGCAG
C*07:212,GCTCCCACTCCATGAGGTATTTCGACACCGCCGTGTCCCGGCCCGGCCGCGGAGAGCCCCGCTTCATCTCAGTGGGCTACGTGGACGACACGCAGTTCGTGCGGTTCGACAGCGACGCCGCGAGTCCGAGAGGGGAGCCGCGGGCGCCGTGGGTGGAGCAGGAGGGGCCGGAGTATTGGGACCGGGAGACACAGAACTACAAGCGCCAGGCACAGGCTGACCGAGTGAGCCTGCGGAACCTGCGCGGCTACTACAACCAGAGCGAGGACG,GGTCTCACACCCTCCAGAGGATGTATGGCTGCGACCTGGGGCCCGACGGGCGCCTCCTCCGCGGGTATGACCAGTCCGCCTACGACGGCAAGGATTACATCGCCCTGAACGAGGACCTGCGCTCCTGGACCGCCGCGGACACCGCGGCTCAGATCACCCAGCGCAAGTTGGAGGCGGCCCGTGCGGCGGAGCAGCTGAGAGCCTACCTGGAGGGCCTGTGCGTGGAGTGGCTCCGCAGATACCTGGAGAACGGGAAGGAGACGCTGCAGCGCGCAG
C*07:213,GCTCCCACTCCATGAGGTATTTCGACACCGCCGTGTCCCGGCCCGGCCGCGGAGAGCCCCGCTTCATCTCAGTGGGCTACGTGGACGACACGCAGTTCGTGCGGTTCAACAGCGACGCCGCGAGTCCGAGAGGGGAGCCGCGGGCGCCGTGGGTGGAGCAGGAGGGGCCGGAGTATTGGGACCGGGAGACACAGAAGTACAAGCGCCAGGCACAGGCTGACCGAGTGAGCCTGCGGAACCTGCGCGGCTACTACAACCAGAGCGAGGACG,GGTCTCACACCCTCCAGAGGATGTCTGGCTGCGACCTGGGGCCCGACGGGCGCCTCCTCCGCGGGTATGACCAGTCCGCCTACGACGGCAAGGATTACATCGCCCTGAACGAGGACCTGCGCTCCTGGACCGCCGCGGACACCGCGGCTCAGATCACCCAGCGCAAGTTGGAGGCGGCCCGTGCGGCGGAGCAGCTGAGAGCCTACCTGGAGGGCACGTGCGTGGAGTGGCTCCGCAGATACCTGGAGAACGGGAAGGAGACGCTGCAGCGCGCAG
C*07:214,GCTCCCACTCCATGAGGTATTTCGACACCGCCGTGTCCCGGCCCGGCCGCGGAGAGCCCCGCTTCATCTCAGTGGGCTACGTGGACGACACGCAGTTCGTGCGGTTCGACAGCGACGCCGCGAGTCCGAGAGGGGAGCCGCGGGCGCCGTGGATGGAGCAGGAGGGGCCGGAGTATTGGGACCGGGAGACACAGAACTACAAGCGCCAGGCACAGGCTGACCGAGTGAGCCTGCGGAACCTGCGCGGCTACTACAACCAGAGCGAGGACG,GGTCTCACACCCTCCAGAGGATGTATGGCTGCGACCTGGGGCCCGACGGGCGCCTCCTCCGCGGGTATGACCAGTCCGCCTACGACGGCAAGGATTACATCGCCCTGAACGAGGACCTGCGCTCCTGGACCGCCGCGGACACCGCGGCTCAGATCACCCAGCGCAAGTTGGAGGCGGCCCGTGCGGCGGAGCAGCTGAGAGCCTACCTGGAGGGCACGTGCGTGGAGTGGCTCCGCAGATACCTGGAGAACGGGAAGGAGACGCTGCAGCGCGCAG
C*07:215,GCTCCCACTCCATGAGGTATTTCGACACCGCCGTGTCCCGGCCCGGCCGCGGAGAGCCCCGCTTCATCTCAGTGGGCTACGTGGACGACACGCAGTTCGTGCGGTTCGACAGCGACGCCGCGAGTCCGAGAGGGGAGCCGCGGGCGCCGTGGGTGGAGCAGGAGGGGCCGGAGTATTGGGACCGGGAGACACAGAACTACAAGCGCCAGGCACAGGCTGACCGAGTGAGCCTGCGGAACCTGCGCGGCTACTACAACCAGAGCGAGGACG,GGTCTCACACCCTCCAGAGGATGTATGGCTGCGACCTGGGGCCCGACGGGCGCCTCCTCCGCGGGTATGACCAGTCCGCCTACGACGGCAAGGATTACATCGCCCTGAACGAGGACCCGCGCTCCTGGACCGCCGCGGACACCGCGGCTCAGATCACCCAGCGCAAGTTGGAGGCGGCCCGTGCGGCGGAGCAGCTGAGAGCCTACCTGGAGGGCACGTGCGTGGAGTGGCTCCGCAGATACCTGGAGAACGGGAAGGAGACGCTGCAGCGCGCAG
C*07:216,GCTCCCACTCCATGAGGTATTTCGACACCGCCGTGTCCCGGCCCGGCCGCGGAGAGCCCCGCTTCATCTCAGTGGGCTACGTGGACGACACGCAGTTCGTGCGGTTCGACAGCGACGCCGCGAGTCCGAGAGGGGAGCCGCGGGCGCCGTGGGTGGAGCAGGAGGGGCCGGAGTATTGGGACCGGGAGACACAGAAGTACAAGCGCCAGGCACAGGCTGACCGAGTGAGCCTGCGGAACCTGCGCGGCTACTACAACCAGAGCGAGGACG,GGTCTCACACCCTCCAGAGGATGTCTGGCTGCGACCTGGGGCCCGACGGGCGCCTCCTCCGCGGGTATGACCAGTCCGCCTACGACGGCAAGGATTACATCGCCCTGAACGAGGACCTGCGCTCCTGGACCGCCGCGGACACCGCGGCTCAGATCACCCAGCGCAAGTTGGAGGCGGCCCGTGCGGCGGAGCAGCAGAGAGCCTACCTGGAGGGCACGTGCGTGGAGTGGCTCCGCAGATACCTGGAGAACGGGAAGGAGACGCTGCAGCGCGCAG
C*07:217,GCTCCCACTCCATGAGGTATTTCGACACCGCCGTGTCCCGGCCCGGCCGCGGAGAGCCCCGCTTCATCTCAGTGGGCTACGTGGACGACACGCAGTTCGTGCGGTTCGACAGCGACGCCGCGAGTCCGAGAGGGGAGCCGCGGGCGCCGTGGGTGGAGCAGGAGGGGCCGGAGTATTGGGACCGGGAGACACAGAAGTACAAGCGCCAGGCACAGGCTGACCGAGTGAGCCTGCGGAACCTGCGCGGCTACTACAACCAGAGCGAGGACG,GGTCTCACACCCTCCAGAGGATGTCTGGCTGCGACCTGGGGCCCGACGGGCGCCTCCTCCGCGGGTATGACCAGTCCGCCTACGACGGCAAGGATTACATCGCCCTGAACGAGGACCTGCGCTCCTGGACCGCCGCGGACATCGCGGCTCAGATCACCCAGCGCAAGTTGGAGGCGGCCCGTGCGGCGGAGCAGCTGAGAGCCTACCTGGAGGGCACGTGCGTGGAGTGGCTCCGCAGATACCTGGAGAACGGGAAGGAGACGCTGCAGCGCGCAG
C*07:218,GCTCCCACTCCATGAGGTATTTCGACACCGCCGTGTCCCGGCCCGGCCGCGGAGAGCCCCGCTTCATCTCAGTGGGCTACGTGGACGACACGCAGTTCGTGCGGTTCGACAGCGACGCCGCGAGTCCGAGAGGGGAGCCGCGGGCGCCGTGGGTGGAGCAGGAGGGGCCGGAGTATTGGGACCGGGAGACACAGAAGTACAAGCGCCAGGCACAGGCTGACCGAGTGAGCCTGCGGAACCTGCGCGGCTACTACAACCAGAGCGAGGACG,GGTCTCACACCCTCCAGAGGATGTCTGGCTGCGACCTGGGGTCCGACGGGCGCCTCCTCCGCGGGTATGACCAGTCCGCCTACGACGGCAAGGATTACATCGCCCTGAACGAGGACCTGCGCTCCTGGACCGCCGCGGACACCGCGGCTCAGATCACCCAGCGCAAGTTGGAGGCGGCCCGTGCGGCGGAGCAGCTGAGAGCCTACCTGGAGGGCACGTGCGTGGAGTGGCTCCGCAGATACCTGGAGAACGGGAAGGAGACGCTGCAGCGCGCAG
C*07:219,GCTCCCACTCCATGAGGTATTTCGACACCGCCGTGTCCCGGCCCGGCCGCGGAGAGCCCCGCTTCATCTCAGTGGGCTACGTGGACGACACGCAGTTCGTGCGGTTCGACAGCGACGCCGCGAGTCCGAGAGGGGAGCCGCGGGCGCCGTGGGTGGAGCAGGAGGGGCCGGAGTATTGGGACCGGGAGACACAGAACTACAAGCGCCAGGCACAGGCTGACCGAGTGAGCCTGCGGAACCTGCGCGGCTACTACAACCAGAGCGAGGACG,GGTCTCACACCCTCCAGAGGATGTATGGCTGCGACCTGGGGCCCGACGGGCGCCTCCTCCGCGGGTATGAACAGTCCGCCTACGACGGCAAGGATTACATCGCCCTGAACGAGGACCTGCGCTCCTGGACCGCCGCGGACACCGCGGCTCAGATCACCCAGCGCAAGTTGGAGGCGGCCCGTGCGGCGGAGCAGCTGAGAGCCTACCTGGAGGGCACGTGCGTGGAGTGGCTCCGCAGATACCTGGAGAACGGGAAGGAGACGCTGCAGCGCGCAG
C*07:220,GCTCCCACTCCATGAGGTATTTCGACACCGCCGTGTCCCGGCCCGGCCGCGGAGAGCCCCGCTTCATCTCAGTGGGCTACGTGGACGACACGCAGTTCGTGCGGTTCGACAGCGACGCCGCGAGTCCGAGAGGGGAGCCGCGGGCGCCGTGGGTGGAGCAGGAGGGGCCGGAGTATTGGGACCGGGAGACACAGAAGTACAAGCGCCAGGCACAGGCTGACCGAGTGAGCCTGCGGAACCTGCGCGGCTACTACAACCAGAGCGAGGACG,GGTCTCACACCCTCCAGAGGATGTCTGGCTGCGACCTGGGGCCCGACGGGCGCCTCCTCCGCGGGTATGACCAGTCCGCCTACGACGGCAAGGATTACATCGCCCTGAACGAGGACCTGCGCTCCTGGACCGCCGCGGACACCGCGGCTCAGATCACCCAGCGCAAGTTGGAGGCGGCCCGTGCGGCGGAGCAGCTGAGAGCCTACCTGGAGGGCAAGTGCGTGGAGTGGCTCCGCAGATACCTGGAGAACGGGAAGGAGACGCTGCAGCGCGCAG
C*07:221,GCTACCACTCCATGAGGTATTTCGACACCGCCGTGTCCCGGCCCGGCCGCGGAGAGCCCCGCTTCATCTCAGTGGGCTACGTGGACGACACGCAGTTCGTGCGGTTCGACAGCGACGCCGCGAGTCCGAGAGGGGAGCCGCGGGCGCCGTGGGTGGAGCAGGAGGGGCCGGAGTATTGGGACCGGGAGACACAGAAGTACAAGCGCCAGGCACAGGCTGACCGAGTGAGCCTGCGGAACCTGCGCGGCTACTACAACCAGAGCGAGGACG,GGTCTCACACCCTCCAGAGGATGTCTGGCTGCGACCTGGGGCCCGACGGGCGCCTCCTCCGCGGGTATGACCAGTCCGCCTACGACGGCAAGGATTACATCGCCCTGAACGAGGACCTGCGCTCCTGGACCGCCGCGGACACCGCGGCTCAGATCACCCAGCGCAAGTTGGAGGCGGCCCGTGCGGCGGAGCAGCTGAGAGCCTACCTGGAGGGCACGTGCGTGGAGTGGCTCCGCAGATACCTGGAGAACGGGAAGGAGACGCTGCAGCGCGCAG
C*07:222,GCTCCCACTCCATGAGGTATTTCGACACCGCCGTGTCCCGGCCCGGCCGCGGAGAGCACCGCTTCATCTCAGTGGGCTACGTGGACGACACGCAGTTCGTGCGGTTCGACAGCGACGCCGCGAGTCCGAGAGGGGAGCCGCGGGCGCCGTGGGTGGAGCAGGAGGGGCCGGAGTATTGGGACCGGGAGACACAGAACTACAAGCGCCAGGCACAGGCTGACCGAGTGAGCCTGCGGAACCTGCGCGGCTACTACAACCAGAGCGAGGACG,GGTCTCACACCCTCCAGAGGATGTATGGCTGCGACCTGGGGCCCGACGGGCGCCTCCTCCGCGGGTATGACCAGTCCGCCTACGACGGCAAGGATTACATCGCCCTGAACGAGGACCTGCGCTCCTGGACCGCCGCGGACACCGCGGCTCAGATCACCCAGCGCAAGTTGGAGGCGGCCCGTGCGGCGGAGCAGCTGAGAGCCTACCTGGAGGGCACGTGCGTGGAGTGGCTCCGCAGATACCTGGAGAACGGGAAGGAGACGCTGCAGCGCGCAG
C*07:223,GCTCCCACTCCATGAGGTATTTCGACACCGCCGTGTCCCGGCCCGGCCGCGGAGAGCCCCGCTTCATCTCAGTGGGCTACGTGGACGACACGCAGTTCGTGCGGTTCGACAGCGACGCCGCGAGTCCGAGAGGGGAGCCGCGGGCGCCGTGGGTGGAGCAGGAGGGGCCGGAGTATTGGGACCGGGAGACACAGAACTACAAGCGCCAGGCACAGGCTGACCGAGTGAGCCGGCGGAACCTGCGCGGCTACTACAACCAGAGCGAGGACG,GGTCTCACACCCTCCAGAGGATGTATGGCTGCGACCTGGGGCCCGACGGGCGCCTCCTCCGCGGGTATGACCAGTCCGCCTACGACGGCAAGGATTACATCGCCCTGAACGAGGACCTGCGCTCCTGGACCGCCGCGGACACCGCGGCTCAGATCACCCAGCGCAAGTTGGAGGCGGCCCGTGCGGCGGAGCAGCTGAGAGCCTACCTGGAGGGCACGTGCGTGGAGTGGCTCCGCAGATACCTGGAGAACGGGAAGGAGACGCTGCAGCGCGCAG
C*07:224,GCTCCCACTCCATGAGGTATTTCGACACCGCCGTGTCCCGGCCCGGCCGCGGAGAGCCCCGCTTCATCTCAGTGGGCTACGTGGACGACACGCAGTTCGTGCGGTTCGACAGCGACGCCGCGAGTCCGAGAGGGGAGCCGCGGGCGCCGTGGGTGGAGCAGGAGGGGCCGGAGTATTGGGACCGGGAGACACAGAACTACAAGCGCCAGGCACAGGCTGACCGAGTGAGCCTGCGGAACCTGCGCGGCTACTACAACCAGAGCGAGGACG,GGTCTCACACCCTCCAGAGGATGTATGGCTGCGACCTGGGGCCCGACGGGCGCCTCCTCCGCGGGTATGACCAGTCCGCCTACGACGGCAAGGATTACATCGCCCTGAACGAGGACCTGCGCTCCTGGACCGCCGCGGACACCGCGGCTCAGATCACCCAGCGCAAGTTGGAGGCGGCCCGTGCGGCGGAGCAGCTGAGAGCCTACCTGGAGGGCACGTGCATGGAGTGGCTCCGCAGATACCTGGAGAACGGGAAGGAGACGCTGCAGCGCGCAG
C*07:225,GCTCCCACTCCATGAGGTATTTCGACACCGCCGTGTCCCGGCCCGGCCGCGGAGAGCCCCGCTTCATCTCAGTGGGCTACGTGGACGACACGCAGTTCGTGCGGTTCGACAGCGACGCCGCGAGTCCGAGAGGGGAGCCGCGGGCGCCGTGGGTGGAGCAGGAGGGGCCGGAGTATTGGGACCGGGAGACACAGAACTACAAGTGCCAGGCACAGGCTGACCGAGTGAGCCTGCGGAACCTGCGCGGCTACTACAACCAGAGCGAGGACG,GGTCTCACACCCTCCAGAGGATGTATGGCTGCGACCTGGGGCCCGACGGGCGCCTCCTCCGCGGGTATGACCAGTCCGCCTACGACGGCAAGGATTACATCGCCCTGAACGAGGACCTGCGCTCCTGGACCGCCGCGGACACCGCGGCTCAGATCACCCAGCGCAAGTTGGAGGCGGCCCGTGCGGCGGAGCAGCTGAGAGCCTACCTGGAGGGCACGTGCGTGGAGTGGCTCCGCAGATACCTGGAGAACGGGAAGGAGACGCTGCAGCGCGCAG
C*07:226,GCTCCCACTCCATGAGGTATTTCGACACCGCCGTGTCCCGGCCCGGCCGCGGAGAGCCCCGCTTCATCTCAGTGGGCTACGTGGACGACACGCAGTTCGTGCGGTTCGACAGCGACGCCGCGAGTCCGAGAGGGGAGCCGCGGGCGCCGTGGGTGGAGCAGGAGGGGCCGGAGTATTGGGACCGGGAGACACAGAAGTACAAGCGCCAGGCACAGGCTGACCGAGTGAGCCTGCGGAACCTGCGCGGCTACTACAACCAGAGCGAGGACG,GGTCTCACACCCTCCAGAGGATGTCTGGCAGCGACCTGGGGCCCGACGGGCGCCTCCTCCGCGGGTATGACCAGTCCGCCTACGACGGCAAGGATTACATCGCCCTGAACGAGGACCTGCGCTCCTGGACCGCCGCGGACACCGCGGCTCAGATCACCCAGCGCAAGTTGGAGGCGGCCCGTGCGGCGGAGCAGCTGAGAGCCTACCTGGAGGGCACGTGCGTGGAGTGGCTCCGCAGATACCTGGAGAACGGGAAGGAGACGCTGCAGCGCGCAG
C*07:227N,GCTCCCACTCCATGAGGTATTTCGACACCGCCGTGTCCCGGCCCGGCCGCTGAGAGCCCCGCTTCATCTCAGTGGGCTACGTGGACGACACGCAGTTCGTGCGGTTCGACAGCGACGCCGCGAGTCCGAGAGGGGAGCCGCGGGCGCCGTGGGTGGAGCAGGAGGGGCCGGAGTATTGGGACCGGGAGACACAGAACTACAAGCGCCAGGCACAGGCTGACCGAGTGAGCCTGCGGAACCTGCGCGGCTACTACAACCAGAGCGAGGACG,GGTCTCACACCCTCCAGAGGATGTATGGCTGCGACCTGGGGCCCGACGGGCGCCTCCTCCGCGGGTATGACCAGTCCGCCTACGACGGCAAGGATTACATCGCCCTGAACGAGGACCTGCGCTCCTGGACCGCCGCGGACACCGCGGCTCAGATCACCCAGCGCAAGTTGGAGGCGGCCCGTGCGGCGGAGCAGCTGAGAGCCTACCTGGAGGGCACGTGCGTGGAGTGGCTCCGCAGATACCTGGAGAACGGGAAGGAGACGCTGCAGCGCGCAG
C*07:228,GCTCCCACTCCATGAGGTATTTCGACACCGCCGTGTCCCGGCCCGGCCGCGGAGAGCCCCGCTTCATCTCAGTGGGCTACGTGGACGACACGCAGTGCGTGCGGTTCGACAGCGACGCCGCGAGTCCGAGAGGGGAGCCGCGGGCGCCGTGGGTGGAGCAGGAGGGGCCGGAGTATTGGGACCGGGAGACACAGAACTACAAGCGCCAGGCACAGGCTGACCGAGTGAGCCTGCGGAACCTGCGCGGCTACTACAACCAGAGCGAGGACG,GGTCTCACACCCTCCAGAGGATGTATGGCTGCGACCTGGGGCCCGACGGGCGCCTCCTCCGCGGGTATGACCAGTCCGCCTACGACGGCAAGGATTACATCGCCCTGAACGAGGACCTGCGCTCCTGGACCGCCGCGGACACCGCGGCTCAGATCACCCAGCGCAAGTTGGAGGCGGCCCGTGCGGCGGAGCAGCTGAGAGCCTACCTGGAGGGCACGTGCGTGGAGTGGCTCCGCAGATACCTGGAGAACGGGAAGGAGACGCTGCAGCGCGCAG
C*07:229,GCTCCCACTCCATGAGGTATTTCGACACCGCCGTGTCCCGGCCCGGCCGCGGAGAGCCCCGCTTCATCTCAGTGGGCTACGTGGACGACACGCAGTTCGTGCGGTTCGACAGCGACGCCGCGAGTCCGAGAGGGGAGCCGCGGGCGCCGTGGGTGGAGCAGGAGGGGCCGGAGTATTGGGACCAGGAGACACAGAAGTACAAGCGCCAGGCACAGGCTGACCGAGTGAGCCTGCGGAACCTGCGCGGCTACTACAACCAGAGCGAGGACG,GGTCTCACACCCTCCAGAGGATGTCTGGCTGCGACCTGGGGCCCGACGGGCGCCTCCTCCGCGGGTATGACCAGTCCGCCTACGACGGCAAGGATTACATCGCCCTGAACGAGGACCTGCGCTCCTGGACCGCCGCGGACACCGCGGCTCAGATCACCCAGCGCAAGTTGGAGGCGGCCCGTGCGGCGGAGCAGCTGAGAGCCTACCTGGAGGGCACGTGCGTGGAGTGGCTCCGCAGATACCTGGAGAACGGGAAGGAGACGCTGCAGCGCGCAG
C*07:230,GCTCCCACTCCATGAGGTATTTCGACACCGCCGTGTCCCGGCCCGGCCGCGGAGAGCCCCGCTTCATCTCAGTGGGCTACGTGGACGACACGCAGTTCGTGCGGTTCGACAGCGACGCCGCGAGTCCGAGAGGGGAGCCGCGGGCGCCGTGGGTGGAGCAGGAGGGGCCGGAGTATTGGGACCGGGAGACACAGAACTACAAGCGCCAGGCACAGGCTGACCGAGTGAGCCTGCGGAACCTGCGCGGCTACTACAACCAGAGCGAGGACG,GGTATCACACCCTCCAGAGGATGTATGGCTGCGACCTGGGGCCCGACGGGCGCCTCCTCCGCGGGTATGACCAGTCCGCCTACGACGGCAAGGATTACATCGCCCTGAACGAGGACCTGCGCTCCTGGACCGCCGCGGACACCGCGGCTCAGATCACCCAGCGCAAGTTGGAGGCGGCCCGTGCGGCGGAGCAGCTGAGAGCCTACCTGGAGGGCACGTGCGTGGAGTGGCTCCGCAGATACCTGGAGAACGGGAAGGAGACGCTGCAGCGCGCAG
C*07:231,GCTCCCACTCCATGAGGTATTTCGACACCGCCGTGTCCCGGCCCGGCCGCGGAGAGCCCCGCTTCATCTCAGTGGGCTACGTGGACGACACGCAGTTCGTGCGGTTCGACAGCGACGCCGCGAGTCCGAGAGGGGAGCCGCGGGCGCCGTGGGTGGAGCAGGAGGGGCCGGAGTATTGGGACCGGGAGACACAGAACTACAAGCGCCAGGCACAGGCTGACCGAGTGAGCCTGCGGAACCTGCGCGGCTACTACAACCAGAGCGAGGACG,GGTCTCACACCCTCCAGAGGATGTATGGCTGCGACCTGGGGCCCGACGGGCGCCTCCTCCGCGGGTATGACCAGGACGCCTACGACGGCAAGGATTACATCGCCCTGAACGAGGACCTGCGCTCCTGGACCGCCGCGGACACCGCGGCTCAGATCACCCAGCGCAAGTTGGAGGCGGCCCGTGCGGCGGAGCAGCTGAGAGCCTACCTGGAGGGCACGTGCGTGGAGTGGCTCCGCAGATACCTGGAGAACGGGAAGGAGACGCTGCAGCGCGCAG
C*07:232,GCTCCCACTCCATGAGGTATTTCGACACCGCCGTGTCCCGGCCCGGCCGCGGAGAGCCCCGCTTCATCTCAGTGGGCTACGTGGACGACACGCAGTTCGTGCGGTTCGACAGCGACGCCGCGAGTCCGAGAGGGGAGCCGCGGGCGCCGTGGGTGGAGCAGGAGGGGCCGGAGTATTGGGACCGGGAGACACAGAAGTACAAGCGCCAGGCACAGGCTGACCGAGTGAGCCTGCGGAACCTGCGCGGCTACTACAACCAGAGCGAGGACG,GGTCTCACACCCTCCAGAGGATGTCTGGCTGCGACCTGGGGCCCGACGGGCGCCTCCTCCGCGGGTATGACCAGTCCGCCTACGACGGCAAGGATTACATCGCCCTGAACGAGGACCTGCGCTCCTGGACCGCCGCGGACACCGCGGCTCAGATCACCCAGCGCAAGTTGGAGGCGGCCCGTGCGGCGGAGCAGCTGAGAGCCTACCTGGAGAGCACGTGCGTGGAGTGGCTCCGCAGATACCTGGAGAACGGGAAGGAGACGCTGCAGCGCGCAG
C*07:233,GCTCCCACTCCATGAGGTATTTCGACACCGCCGTGTCCCGGCCCGGCCGCGGAGAGCCCCGCTTCATCTCAGTGGGCTACGTGGACGACACGCAGTTCGTGCGGTTCGACAGCGACGCCGCGAGTCCGAGAGGGGAGCCGCGGGCGCCGTGGGTGGAGCAGGAGGGGCCGGAGTATTGGGACCGGGAGACACAGAAGTACAAGCGCCAGGCACAGGCTGACCGAGTGAGCCTGCGGAACCTGCGCGGCTACTACAACCAGAGCGAGGACG,GGTCTCACACCCTCCAGAGGATGTCTGGCTGCGACCTGGGGCCCGACGGGCGCCTCCTCCGCGGGTATGACCAGTCCGCCTACGACGGCAAGGATTACATCGCCCTGAACGAGGACCTGCGCTCCTGGACCGCCGCGGACACCGCGGCTCAGATCACCCAGTGCAAGTTGGAGGCGGCCCGTGCGGCGGAGCAGCTGAGAGCCTACCTGGAGGGCACGTGCGTGGAGTGGCTCCGCAGATACCTGGAGAACGGGAAGGAGACGCTGCAGCGCGCAG
C*07:234,GCTCCCACTCCATGAGGTATTTCGACACCGCCGTGTCCCGGCCCGGCCGCGGAGAGCCCCGCTTCATCTCAGTGGGCTACGTGGACGACACGCAGTTCGTGCGGTTCGACAGCGACGCCGCGAGTCCGAGAGGGGAGGCGCGGGCGCCGTGGGTGGAGCAGGAGGGGCCGGAGTATTGGGACCGGGAGACACAGAAGTACAAGCGCCAGGCACAGGCTGACCGAGTGAGCCTGCGGAACCTGCGCGGCTACTACAACCAGAGCGAGGACG,GGTCTCACACCCTCCAGAGGATGTCTGGCTGCGACCTGGGGCCCGACGGGCGCCTCCTCCGCGGGTATGACCAGTCCGCCTACGACGGCAAGGATTACATCGCCCTGAACGAGGACCTGCGCTCCTGGACCGCCGCGGACACCGCGGCTCAGATCACCCAGCGCAAGTTGGAGGCGGCCCGTGCGGCGGAGCAGCTGAGAGCCTACCTGGAGGGCACGTGCGTGGAGTGGCTCCGCAGATACCTGGAGAACGGGAAGGAGACGCTGCAGCGCGCAG
C*07:235,GCTCCCACTCCATGAGGTATTTCGACACCGCCGTGTCCCGGCCCGGCCGCGGAGAGCCCCGCTTCATCTCAGTGGGCTACGTGGACGACACGCAGTTCGTGCGGTTCGACAGCGACGCCGCGAGTCCGAGAGGGGAGCCGCGGGCGCCGTGGGTGGAGCAGGAGGGGCCGGAGTATTGGGACCGGGAGACACAGAACTACAAGCGCCAGGCACAGGCTGACCGAGTGAGCCTGCGGAACCTGCGCGGCTACTACAACCAGAGCGAGGACG,GGTCTCACACCCTCCAGAGGATGTATGGCTGCGACCTGGGGCCCGACGGGCGCCTCCTCCGCGGGTATGACCAGTCCGCCTACGACGGCAAGGATTACATCGCCCTGAACGAGGACCTGCGCTCCTGGACCGCCGCGGACACCGCGGCTCAGATCACCCAGCGCAAGTTGGAGGCGGCCCGTGCGGCGGAGCAGCTGAGAGCCTACCTGGAGGGCACGTCCGTGGAGTGGCTCCGCAGATACCTGGAGAACGGGAAGGAGACGCTGCAGCGCGCAG
C*07:236,GCTCCCACTCCATGAGGTATTTCGACACCGCCGTGTCCCGGCCCGGCCGCGGAGAGCCCCGCTTCATCTCAGTGGGCTACGTGGACGACACGCAGTTCGTGCGGCTCGACAGCGACGCCGCGAGTCCGAGAGGGGAGCCGCGGGCGCCGTGGGTGGAGCAGGAGGGGCCGGAGTATTGGGACCGGGAGACACAGAACTACAAGCGCCAGGCACAGGCTGACCGAGTGAGCCTGCGGAACCTGCGCGGCTACTACAACCAGAGCGAGGACG,GGTCTCACACCCTCCAGAGGATGTATGGCTGCGACCTGGGGCCCGACGGGCGCCTCCTCCGCGGGTATGACCAGTCCGCCTACGACGGCAAGGATTACATCGCCCTGAACGAGGACCTGCGCTCCTGGACCGCCGCGGACACCGCGGCTCAGATCACCCAGCGCAAGTTGGAGGCGGCCCGTGCGGCGGAGCAGCTGAGAGCCTACCTGGAGGGCACGTGCGTGGAGTGGCTCCGCAGATACCTGGAGAACGGGAAGGAGACGCTGCAGCGCGCAG
C*07:237,GCTCCCACTCCATGAGGTATTTCGACACCGCCGTGTCCCGGCCCGGCCGCGGAGAGCCCCGCTTCATCTCAGTGGGCTACGTGGACGACACGCAGTTCGTGCGGTTCGACAGCGACGCCGCGAGTCCGAGAGGGGAGCCGCGGGCGCCGTGGGTGGAGCAGGAGGGGCCGGAGTATTGGGACCGGGAGACACAGAACTACAAGCGCCAGGCACAGGCTGACCGAGTGAGCCTGCGGAACCTGCGCGGCTACTACAACCAGAGCGAGGACG,GGTCTCACACCCTCCAGAGGATGTATGGCTGCGACCTGGGGCCCGACGGGCGCCTCCTCCGCGGGTATGACCAGTCCGCCTACGACGGCAAGGATTACATCGCCCTGAACGAGGACCTGCGCTCCTGGACCGCCGCGGACACCGCGGCTCAGATCACCCAGCGCAAGTTGGAGGCGGCCCGTGCGGCGGAGCAGCTGAGAGCCTACCTGGAGGGCACGTGCGTGGAGTGGCTCCGCAGATACCTGGAGAACGGGAAGGAGACGCTGCAGCGCCCAG
C*07:238,GCTCCCACTCCATGAGGTATTTCGACACCGCCGTGTCCCGGCCCGGCCGCGGAGAGCCCCGCTTCATCTCAGTGGGCTACGTGGACGACACGCAGTTCGTGCGGTTCGACAGCGACGCCGCGAGTCCGAGAGGGGAGCCGCGGGCGCCGTGGGTGGAGCAGGAGGGGCCGGAGTATTGGGACCGGGAGACACAGAAGTACAAGCGCCAGGCACAGACTGACCGAGTGAACCTGCGGAACCTGCGCGGCTACTACAACCAGAGCGAGGACG,GGTCTCACACCCTCCAGAGGATGTCTGGCTGCGACCTGGGGCCCGACGGGCGCCTCCTCCGCGGGTATGACCAGTCCGCCTACGACGGCAAGGATTACATCGCCCTGAACGAGGACCTGCGCTCCTGGACCGCCGCGGACACCGCGGCTCAGATCACCCAGCGCAAGTTGGAGGCGGCCCGTGCGGCGGAGCAGCTGAGAGCCTACCTGGAGGGCACGTGCGTGGAGTGGCTCCGCAGATACCTGGAGAACGGGAAGGAGACGCTGCAGCGCGCAG
C*07:239,GCTCCCACTCCATGAGGTATTTCGACACCGCCGTGTCCCGGCCCGGCCGCGGAGAGCCCCGCTTCATCTCAGTGGGCTACGTGGACGACACGCAGTTCGTGCGGTTCGACAGCGACGCCGCGAGTCCGAGAGGGGAGCCGCGGGCGCCGTGGGTGGAGCAGGAGGGGCCGGAGTATTGGGACCGGGAGACACAGAAGTACAAGCGCCAGGCACAGGCTGACCGAGTGAGCCTGCGGAACCTGCGCGGCTACTACAACCAGAGCGAGGACG,GGTCTCACACCCTCCAGAGGATGTCTGGCTGCGACCTGGGGCCCGACGGGCGCCTCCTCCGCGGGTATGACCAGTCCGCCTACGACGGCAAGGATTACATCGACCTGAACGAGGACCTGCGCTCCTGGACCGCCGCGGACACCGCGGCTCAGATCACCCAGCGCAAGTTGGAGGCGGCCCGTGCGGCGGAGCAGCTGAGAGCCTACCTGGAGGGCACGTGCGTGGAGTGGCTCCGCAGATACCTGGAGAACGGGAAGGAGACGCTGCAGCGCGCAG
C*07:240,GCTCCCACTCCATGAGGTATTTCGACACCGCCGTGTCCCGGCCCGGCCGCGGAGAGCCCCGCTTCATCTCAGTGGGCTACGTGGACGACACGCAGTTCGTGCGGTTCGACAGCGACGCCGCGAGTCCGAGAGGGGAGCCGCGGGCGCCGTGGGTGGAGCAGGAGGGGCCGGAGTATTGGGACCGGGAGACACAGAAGTACAAGCGCCAGGCACAGGCTGACCGAGTGAGCCTGCGGAACCTGCGCGGCTACTACAACCAGAGCGAGGACG,GGTCTCACACCCTCCAGAGGATGTCTGGCTGCGACCTGGGGCCCGACGGGCGCCTCCTCCGCGGGTATGACCAGTCCGCCTACGACGGCAAGGATTACATCGCCCTGAACGAGGACCTGCCCTCCTGGACCGCCGCGGACACCGCGGCTCAGATCACCCAGCGCAAGTTGGAGGCGGCCCGTGCGGCGGAGCAGCTGAGAGCCTACCTGGAGGGCACGTGCGTGGAGTGGCTCCGCAGATACCTGGAGAACGGGAAGGAGACGCTGCAGCGCGCAG
C*07:241,GCTCCCACTCCATGAGGTATTTCGACACCGCCGTGTCCCGGCCCGGCCGCGGAGAGCCCCGCTTCATCTCAGTGGGCTACGTGGACGACACGCAGTTCGTGCGGTTCGACAGCGACGCCGCGAGTCCGAGAGGGGAGCCGCGGGCGCCGTGGGTGGAGCAGGAGGGGCCGGAGTATTGGGACCGGGAGACACAGAAGTACAAGCGCCAGGCACAGGCTGACCGAGTGAGCCTGCGGAACCTGCGCGGCTACTACAACCAGAGCGAGGACG,GGTCTCACACCCTCCAGAGGATGTCTGGCTGCGACCTGGGGCCCGACGGGCGCCTCCTCCGCGGGTATGACCAGTCCGCCTACGACGGCAAGGATTACATCGCCCTGAACGAGGACCTGCGCTCCTGGACCGCCGCGGACACCGCGGCTCAGATCACCCAGCGCAAGTTGGAGGCGGCCCGTGAGGCGGAGCAGCTGAGAGCCTACCTGGAGGGCACGTGCGTGGAGTGGCTCCGCAGATACCTGGAGAACGGGAAGGAGACGCTGCAGCGCGCAG
C*07:242,GCTCCCACTCCATGAGGTATTTCGACACCGCCGTGTCCCGGCCCGGCCGCGGAGAGCCCCGCTTCATCTCAGTGGGCTACGTGGACGACACGCAGTTCGTGCGGTTCGACAGCGACGCCGCGAGTCCGAGAGGGGAGCCGCGGGCGCCGTGGGTGGAGCAGGAGGGGCCGGAGTATTGGGACCGGGAGACACAGAAGTACAAGCGCCAGGCACAGGCTGACCGAGTGAGCCTGCGGAACCTGCGCGGCTACTACAACCAGAGCGAGGACG,GGTCTCACACCCTCCAGAGGATGTCTGGCTGCGACCTGGGGCCCGACGGGCGCCTCCTCCGCGGGTATGACCAGTCCGCCTACGACGGCAAGGATTACATCGCCCTGAACGAGGATCTGCGCTCCTGGACCGCCGCGGACACGGCGGCTCAGATCACCCAGCGCAAGTGGGAGGCGGCCCGTGAGGCGGAGCAGCTGAGAGCCTACCTGGAGGGCCTGTGCGTGGAGTGGCTCCGCAGATACCTGAAGAATGGGAAGGAGACGCTGCAGCGCGCGG
C*07:243,GCTCCCACTCCATGAGGTATTTCGACACCGCCGTGTCCCGGCCCGGCCGCGGAGAGCCCCGCTTCATCTCAGTGGGCTACGTGGACGACACGCAGTTCGTGCGGTTCGACAGCGACGCCGCGAGTCCGAGAGGGGAGCCGCGGGCGCCGTGGGTGGAGCAGGAGGGGCCGGAGTATTGGGACCGGGAGACACAGAAGTACAAGCGCCAGGCACAGGCTGACCGAGTGAGCCTGCGGAACCTGCGCGGCTACTACAACCAGAGCGAGGACG,GGTCTCACACCCTCCAGAGGATGTCTGGCTGCGACCTGGGGCCCGACGGGCGCCTCCTCCGCGGGTATGACCAGTCCGCCTACGACGGCAAGGATTACATCTCCCTGAACGAGGACCTGCGCTCCTGGACCGCCGCGGACACCGCGGCTCAGATCACCCAGCGCAAGTTGGAGGCGGCCCGTGCGGCGGAGCAGCTGAGAGCCTACCTGGAGGGCACGTGCGTGGAGTGGCTCCGCAGATACCTGGAGAACGGGAAGGAGACGCTGCAGCGCGCAG
C*07:244,GCTCCCACTCCATGAGGTATTTCGACACCGCCGTGTCCCGGCCCGGCCGCGGAGAGCCCCGCTTCATCTCAGTGGGCTACGTGGACGACACGCAGTTCGTGCGGTTCGACAGCGACGCCGCGAGTCCGAGAGGGGAGCCGCGGGCGCCGTGGGTGGAGCAGGAGGGGCCGGAGTATTGGGACCGGGAGACACAGAAGTACAAGCGCCAGGCACAGGCTGACCAAGTGAGCCTGCGGAACCTGCGCGGCTACTACAACCAGAGCGAGGACG,GGTCTCACACCCTCCAGAGGATGTCTGGCTGCGACCTGGGGCCCGACGGGCGCCTCCTCCGCGGGTATGACCAGTCCGCCTACGACGGCAAGGATTACATCGCCCTGAACGAGGACCTGCGCTCCTGGACCGCCGCGGACACCGCGGCTCAGATCACCCAGCGCAAGTTGGAGGCGGCCCGTGCGGCGGAGCAGCTGAGAGCCTACCTGGAGGGCACGTGCGTGGAGTGGCTCCGCAGATACCTGGAGAACGGGAAGGAGACGCTGCAGCGCGCAG
C*07:246,GCTCCCACTCCATGAGGTATTTAGACACCGCCGTGTCCCGGCCCGGCCGCGGAGAGCCCCGCTTCATCTCAGTGGGCTACGTGGACGACACGCAGTTCGTGCGGTTCGACAGCGACGCCGCGAGTCCGAGAGGGGAGCCGCGGGCGCCGTGGGTGGAGCAGGAGGGGCCGGAGTATTGGGACCGGGAGACACAGAACTACAAGCGCCAGGCACAGGCTGACCGAGTGAGCCTGCGGAACCTGCGCGGCTACTACAACCAGAGCGAGGACG,GGTCTCACACCCTCCAGAGGATGTATGGCTGCGACCTGGGGCCCGACGGGCGCCTCCTCCGCGGGTATGACCAGTCCGCCTACGACGGCAAGGATTACATCGCCCTGAACGAGGACCTGCGCTCCTGGACCGCCGCGGACACCGCGGCTCAGATCACCCAGCGCAAGTTGGAGGCGGCCCGTGCGGCGGAGCAGCTGAGAGCCTACCTGGAGGGCACGTGCGTGGAGTGGCTCCGCAGATACCTGGAGAACGGGAAGGAGACGCTGCAGCGCGCAG
C*07:247,GCTCCCACTCCATGAGGTATTTCGACACCGCCGTGTCCCGGCCCGGCCGCGGAGAGCCCCGCTTCATCTCAGTGGGCTACGTGGACGACACGCAGTTCGTGCGGTTCGACAGCGACGCCGCGAGTCCGAGAGGGGAGCCGCGGGCGCCGTGGGTGGAGCAGGAGGGGCCGGAGTATTGGGACCGGGAGACACAGAACTACAAGCGCCAGGCACAGGCTGACCGAGTGAACCTGCGGAACCTGCGCGGCTACTACAACCAGAGCGAGGACG,GGTCTCACACCCTCCAGAGGATGTATGGCTGCGACCTGGGGCCCGACGGGCGCCTCCTCCGCGGGTATGACCAGTCCGCCTACGACGGCAAGGATTACATCGCCCTGAACGAGGACCTGCGCTCCTGGACCGCCGCGGACACCGCGGCTCAGATCACCCAGCGCAAGTTGGAGGCGGCCCGTGCGGCGGAGCAGCTGAGAGCCTACCTGGAGGGCACGTGCGTGGAGTGGCTCCGCAGATACCTGGAGAACGGGAAGGAGACGCTGCAGCGCGCAG
C*07:248,GCTCCCACTCCATGAGGTATTTCGACACCGCCGTGTCCCGGCCCGGCCGCGGAGAGCCCCGCTTCATCTCAGTGGGCTACGTGGACGACACGCAGTTCGTGCGGTTCGACAGCGACGCCGCGAGTCCGAGAGGGGAGCCGCGGGCGCCGTGGGTGGAGCAGGAGGGGCCGGAGTATTGGGACCGGGAGACACAGAACTACAAGCGCCAGGCACAGGCTGACCGAGTGAGCCTGCGGAACCTGCGCGGCTACTACAACCAGAGCGAGGACG,GGTCTCACACCCTCCAGAGGATGTATGGCTGCGACCTGGGGCCCGACGGGCGCCTCCTCCGCGGGTATGACCAGTACGCCTACGACGGCAAGGATTACATCGCCCTGAACGAGGACCTGCGCTCCTGGACCGCCGCGGACACCGCGGCTCAGATCACCCAGCGCAAGTTGGAGGCGGCCCGTGCGGCGGAGCAGCTGAGAGCCTACCTGGAGGGCACGTGCGTGGAGTGGCTCCGCAGATACCTGGAGAACGGGAAGGAGACGCTGCAGCGCGCAG
C*07:249,GCTCCCACTCCATGAGGTATTTCGACACCGCCGTGTCCCGGCCCGGCCGCGGAGAGCCCCGCTTCATCTCAGTGGGCTACGTGGACGACACGCAGTTCGTGCGGTTCGACAGCGACGCCGCGAGTCCGAGAGGGGAGCCGCGGGCGCCGTGGGTGGAGCAGGAGGGGCCGGAGTATTGGGACCGGGAGACACAGAACTACAAGCGCCAGGCACAGGCTGACCGAGTGAGCCTGCGGAACCTGCGCGGCTACTACAACCAGAGCGAGGACG,GGTCTCACACCCTCCAGAGGATGTATGGCTGCGACCTGGGGCCCGACGGGCGCCTCCTCCGCGGGTATGACCAGTCCGCCTACGACGGCAAGGATTACATCGCCCTGAACGAGGACCTGCGCTCCTGGACCGCCGCGGACACCGCGGCTCAGATCACCCAGCGCAAGTTGGAGGCGGCCCGTGCGGCGGAGCAGCTGAGAGCCTACCTGGAGGGCACGTGCGTGGAGTGGCTCCGCAGATACGTGGAGAACGGGAAGGAGACGCTGCAGCGCGCAG
C*07:250,GCTCCCACTCCATGAGGTATTTCGACACCGCCGTGTCCCGGCCCGGCCGCGGAGAGCCCCGCTTCATCTCAGTGGGCTACGTGGACGACACGCAGTTCGTGCGGTTCGACAGCGACGCCGCGAGTCCGAGAGGGGAGCCGCGGGCGCCGTGGGTGGAGCAGGAGGGGCCGGAGTATTGGGACCGGGAGACACAGAACTACAAGCGCCAGGCACAGGCTGACCGAGTGAGCCTGCGGAACCTGCGCGGCTACTACAACCAGAGCGAGGACG,GGTCTCACACCCTCCAGAGGATGTGTGGCTGCGACCTGGGGCCCGACGGGCGCCTCCTCCGCGGGTATGACCAGTCCGCCTACGACGGCAAGGATTACATCGCCCTGAACGAGGACCTGCGCTCCTGGACCGCCGCGGACACCGCGGCTCAGATCACCCAGCGCAAGTTGGAGGCGGCCCGTGCGGCGGAGCAGCTGAGAGCCTACCTGGAGGGCACGTGCGTGGAGTGGCTCCGCAGATACCTGGAGAACGGGAAGGAGACGCTGCAGCGCGCAG
C*07:251,GCTCCCACTCCATGAGGTATTTCGACACCGCCGTGTCCCGGCCCGGCCGCGGAGAGCCCCGCTTCATCTCAGTGAGCTACGTGGACGACACGCAGTTCGTGCGGTTCGACAGCGACGCCGCGAGTCCGAGAGGGGAGCCGCGGGCGCCGTGGGTGGAGCAGGAGGGGCCGGAGTATTGGGACCGGGAGACACAGAAGTACAAGCGCCAGGCACAGGCTGACCGAGTGAGCCTGCGGAACCTGCGCGGCTACTACAACCAGAGCGAGGACG,GGTCTCACACCCTCCAGAGGATGTCTGGCTGCGACCTGGGGCCCGACGGGCGCCTCCTCCGCGGGTATGACCAGTCCGCCTACGACGGCAAGGATTACATCGCCCTGAACGAGGACCTGCGCTCCTGGACCGCCGCGGACACCGCGGCTCAGATCACCCAGCGCAAGTTGGAGGCGGCCCGTGCGGCGGAGCAGCTGAGAGCCTACCTGGAGGGCACGTGCGTGGAGTGGCTCCGCAGATACCTGGAGAACGGGAAGGAGACGCTGCAGCGCGCAG
C*07:252,GCTCCCACTCCATGAGGTATTTCGACACCGCCGTGTCCCGGCCCGGCCGCGGAGAGCCCCGCTTCATCTCAGTGGGCTACGTGGACGACACGCAGTTCGGGCGGTTCGACAGCGACGCCGCGAGTCCGAGAGGGGAGCCGCGGGCGCCGTGGGTGGAGCAGGAGGGGCCGGAGTATTGGGACCGGGAGACACAGAAGTACAAGCGCCAGGCACAGGCTGACCGAGTGAGCCTGCGGAACCTGCGCGGCTACTACAACCAGAGCGAGGACG,GGTCTCACACCCTCCAGAGGATGTCTGGCTGCGACCTGGGGCCCGACGGGCGCCTCCTCCGCGGGTATGACCAGTCCGCCTACGACGGCAAGGATTACATCGCCCTGAACGAGGACCTGCGCTCCTGGACCGCCGCGGACACCGCGGCTCAGATCACCCAGCGCAAGTTGGAGGCGGCCCGTGCGGCGGAGCAGCTGAGAGCCTACCTGGAGGGCACGTGCGTGGAGTGGCTCCGCAGATACCTGGAGAACGGGAAGGAGACGCTGCAGCGCGCAG
C*07:253,GCTCCCACTCCATGAGGTATTTCGACACCGCCGTGTCCCGGCCCGGCCGCGGAGAGCCCCGCTTCATCTCAGTGGGCTACGTGGACGACACGCAGTTCGTGCGGTTCGACAGCGACGCCGCGAGTCCGAGAGGGGAGCCGCGGGCGCCGTGGGTGGAGCAGAAGGGGCCGGAGTATTGGGACCGGGAGACACAGAACTACAAGCGCCAGGCACAGGCTGACCGAGTGAGCCTGCGGAACCTGCGCGGCTACTACAACCAGAGCGAGGACG,GGTCTCACACCCTCCAGAGGATGTATGGCTGCGACCTGGGGCCCGACGGGCGCCTCCTCCGCGGGTATGACCAGTCCGCCTACGACGGCAAGGATTACATCGCCCTGAACGAGGACCTGCGCTCCTGGACCGCCGCGGACACCGCGGCTCAGATCACCCAGCGCAAGTTGGAGGCGGCCCGTGCGGCGGAGCAGCTGAGAGCCTACCTGGAGGGCACGTGCGTGGAGTGGCTCCGCAGATACCTGGAGAACGGGAAGGAGACGCTGCAGCGCGCAG
C*07:254,GCTCCCACTCCATGAGGTATTTCGACACCGCCGTGTCCCGGCCCGGCCGCGGAGAGCCCCGCTTCATCTCAGTGGGCTACGTGGACGACACGCAGTTCGTGCGGTTCGACAGCGACGCCGCGAGTCCGAGAGGGGAGCCGCGGGCGCCGTGGGTGGAGCAGGAGGGGCCGGAGTATTGGGACCGGGAGACACAGAACTACAAGCGCCAGGCACAGGCTGACCGAGTGAGCCTGCGGAACCTGCGCGGCCACTACAACCAGAGCGAGGACG,GGTCTCACACCCTCCAGAGGATGTATGGCTGCGACCTGGGGCCCGACGGGCGCCTCCTCCGCGGGTATGACCAGTCCGCCTACGACGGCAAGGATTACATCGCCCTGAACGAGGACCTGCGCTCCTGGACCGCCGCGGACACCGCGGCTCAGATCACCCAGCGCAAGTTGGAGGCGGCCCGTGCGGCGGAGCAGCTGAGAGCCTACCTGGAGGGCACGTGCGTGGAGTGGCTCCGCAGATACCTGGAGAACGGGAAGGAGACGCTGCAGCGCGCAG
C*07:255,GCTCCCACTCCATGAGGTATTTCGACACCGCCGTGTCCCGGCCCGGCCGCGGAGAGCCCCGCTTCATCTCAGTGGGCTACGTGGACGACACGCAGTTCGTGCGGTTCGACAGCGACGCCGCGAGTCCGAGAGGGGAGCCGCGGGCGCCGTGGGTGGAGCAGGAGGGGCCGGAGTATTGGGACCGGGAGACACAGAACTACAAGCGCCAGGCACAGGCTGACCGAGTGAGCCTGCGGAACCTGCGCGGCTACTACAACCAGAGCGAGGACG,GGTCTCACACCCTCCAGAGGATGTATGGCTGCGACCTGGGGCCCGACGGGCGCCTCCTCCGCGGGTATGACCAGTCCGCCTACGACGGCAAGGATTACATCGCCCTGAACGAGGACCTGCCCTCCTGGACCGCCGCGGACACCGCGGCTCAGATCACCCAGCGCAAGTTGGAGGCGGCCCGTGCGGCGGAGCAGCTGAGAGCCTACCTGGAGGGCACGTGCGTGGAGTGGCTCCGCAGATACCTGGAGAACGGGAAGGAGACGCTGCAGCGCGCAG
C*07:256,GCTCCCACTCCATGAGGTATTTCGACACCGCCGTGTCCCGGCCCGGCCGCGGAGAGCCCCGCTTCATCTCAGTGGGCTACGTGGACGACACGCAGTTCGTGCGGTTCGACAGCGACGCCGCGAGTCCGAGAGGGGAGCCGCGGGCGCCGTGGGTGGAGCAGGAGGGGCCGGAGTATTGGGACCGGGAGACACAGAACTACAAGCGCCAGGCACAGGCTGACCGAGTGAGCCTGCGGAACCTGCGCGGCTACTACAACCAGAGCGAGGACG,GGTCTCACACCCTCCAGAGGATGTATGGCTGCGACCTGGGGCCCGACGGGCGCCTCCTCCGCGGGTATGACCAGTCCGCCTGCGACGGCAAGGATTACATCGCCCTGAACGAGGACCTGCGCTCCTGGACCGCCGCGGACACCGCGGCTCAGATCACCCAGCGCAAGTTGGAGGCGGCCCGTGCGGCGGAGCAGCTGAGAGCCTACCTGGAGGGCACGTGCGTGGAGTGGCTCCGCAGATACCTGGAGAACGGGAAGGAGACGCTGCAGCGCGCAG
C*07:257,GCTCCCACTCCATGAGGTATTTCGACACCGCCGTGTCCCGGCCCGGCCGCGGAGAGCCCCGCTTCATCTCAGTGGGCTACGTGGACGACACGCAGTTCGTGCGGTTCGACAGCGACGCCGCGAGTCCGAGAGGGGAGCCGCGGGCGCCGTGGGTGGAGCAGGAGGGGCCGGAGTATTGGGACCGGGAGACACAGAACTACAAGCGCCAGGCACAGGCTGACCGAGTGAGCCTGCGGAACCTGCGCGGCTACTACAACCAGAGCGAGGACG,GGTCTCACACCCTCCAGAGGATGTATGGCTGCGACGTGGGGCCCGACGGGCGCCTCCTCCGCGGGTATGACCAGTCCGCCTACGACGGCAAGGATTACATCGCCCTGAACGAGGACCTGCGCTCCTGGACCGCCGCGGACACCGCGGCTCAGATCACCCAGCGCAAGTTGGAGGCGGCCCGTGCGGCGGAGCAGCTGAGAGCCTACCTGGAGGGCACGTGCGTGGAGTGGCTCCGCAGATACCTGGAGAACGGGAAGGAGACGCTGCAGCGCGCAG
C*07:258,GCTCCCACTCCATGAGGTATTTCGACACCGCCGTGTCCCGGCCCGGCCGCGGAGAGCCCCGCTTCATCTCAGTGGGCTACGTGGACGACACGCAGTTCGTGCGGTTCGACAGCGACGCCGCGAGTCCGAGAGGGGAGCCGCGGGCGCCGTGGGTGGAGCAGGAGGGGCCGGAGTATTGGGACCGGGAGACACAGAAGTACAAGCGCCAGGCACAGGCTGACCGAGTGAGCCTGCGGAACCTGCGCGGCTACTACAACCAGAGCGAGGACG,GGTCTCACACCCTCCAGAGGATGGCTGGCTGCGACCTGGGGCCCGACGGGCGCCTCCTCCGCGGGTATGACCAGTCCGCCTACGACGGCAAGGATTACATCGCCCTGAACGAGGACCTGCGCTCCTGGACCGCCGCGGACACCGCGGCTCAGATCACCCAGCGCAAGTTGGAGGCGGCCCGTGCGGCGGAGCAGCTGAGAGCCTACCTGGAGGGCACGTGCGTGGAGTGGCTCCGCAGATACCTGGAGAACGGGAAGGAGACGCTGCAGCGCGCAG
C*07:259,GCTCCCACTCCATGAGGTATTTCGACACCGCCGTGTCCCGGCCCGGCCGCGGAGAGCCCCGCTTCATCTCAGTGGGCTACGTGGACGACACGCAGTTCGTGCGGTTCGACAGCGACGCCGCGAGTCCGAGAGGGGAGCCGCGGGCGCCGTGGGTGGAGCAGGAGGGGCCGGAGTATTGGGACCGGGAGACACAGAAGTACAAGCGCCAGGCACAGGCTGACCGAGTGAGCCTGCGGAACCTGCGCGGCTACTACAACCAGAGCGAGGACG,GGTCTCACACCCTCCAGAGGATGTCTGGCTGCGACCTGGGGCCCGACGGGCGCCTCCTCCGCGGGTATGACCAGTCCGCCTACGAAGGCAAGGATTACATCGCCCTGAACGAGGACCTGCGCTCCTGGACCGCCGCGGACACCGCGGCTCAGATCACCCAGCGCAAGTTGGAGGCGGCCCGTGCGGCGGAGCAGCTGAGAGCCTACCTGGAGGGCACGTGCGTGGAGTGGCTCCGCAGATACCTGGAGAACGGGAAGGAGACGCTGCAGCGCGCAG
C*07:260,GCTCCCACTCCATGAGGTATTTCGACACCGCCGTGTCCCGGCCCGGCCGCGGAGAGCCCCGCTTCATCTCAGTGGGCTACGTGGACGACACGCAGTTCGTGCGGTTCGACAGCGACGCCGCGAGTCCGAGAGGGGAGCCGCGGGCGCCGTGGGTGGAGCAGGAGGGGCCGGAGTATTGGGACCGGGAGACACAGAAGTACAAGCGCCAGGCACAGGCTGACCGAGTGAGCCTGCGGAACCTGCGCGGCTACTACAACCAGAGCGAGGACG,GGTCTCACACCCTCCAGAGGATGTCTGGCTGCGACCTGGGGCCCGACGGGCGCCTCCTCCGCGGGTATGACCAGTCCGCCTACGACGGCAAGGATTACATCGCCCTGAACGAGGACCTGCGCTCCTGGACCGCCGCGGACACCGCGGCTCAGATCACCCAGCGCAAGTTGGAGGCGGCCCGTGCGGCGGAGCAGCTGAGAGCCTACCTGGAGGGCACGTGCGTGGAGTGGCTCCGCAGATACCTGGAGAACGGGAAGAAGACGCTGCAGCGCGCAG
C*07:261,GCTCCCACTCCATGAGGTATTTCGACACCGCCGTGTCCCGGCCCGGCCGCGGAGAGCCCCGCTTCATCTCAGTGGGCTACGTGGACGACACGCAGTTCGTGCGGTTCGACAGCGACGCCGCGAGTCCGAGAGGGGAGCCGCGGGCGCCGTGGGTGGAGCAGGAGGGGCCGGAGTATTGGGACCGGGAGACACAGAAGTACAAGCGCCAGGCACAGGCTGACCGAGTGAGCCTGCGGAACCTGCGCGGCTACTACAACCAGAGCGAGGACG,GGTCTCACACCCTCCAGAGGATGTCTGGCTGCGACCTGGGGCCCGACGGGCGCCTCCTCCGCGGGTATGACCAGTCCGCCTACGACGGCAAGGATTACATCGCCCTGAACGAGGACCTGCGCTCCTGGACCGCCGCGGACACCGCGGCTCAGATCACCCAGCGCAAGTTGGAGGCGGCCCGTGCGGCGGAGCAGCTGAGAGCCTACCTGGAGGGCACGTGCGTGGAGTGGCTCCGCAGATACCTGGAGAACGGGAAGGAGATGCTGCAGCGCGCAG
C*07:262,GCTCCCACTCCATGAGGTATTTCGACACCGCCGTGTCCCGGCCCGGCCGCGGAGAGCCCCGCTTCATCTCAGTGGGCTACGTGGACGACACGCAGTTCGTGCGGTTCGACAGCGACGCCGCGAGTCCGAGAGGGGAGCCGCGGGCGCCGTGGGTGGAGCAGGAGGGGCCGGAGTATTGGGACTGGGAGACACAGAAGTACAAGCGCCAGGCACAGGCTGACCGAGTGAGCCTGCGGAACCTGCGCGGCTACTACAACCAGAGCGAGGACG,GGTCTCACACCCTCCAGAGGATGTCTGGCTGCGACCTGGGGCCCGACGGGCGCCTCCTCCGCGGGTATGACCAGTCCGCCTACGACGGCAAGGATTACATCGCCCTGAACGAGGACCTGCGCTCCTGGACCGCCGCGGACACCGCGGCTCAGATCACCCAGCGCAAGTTGGAGGCGGCCCGTGCGGCGGAGCAGCTGAGAGCCTACCTGGAGGGCACGTGCGTGGAGTGGCTCCGCAGATACCTGGAGAACGGGAAGGAGACGCTGCAGCGCGCAG
C*07:263,GCTCCCACTCCATGAGGTATTTCGACACCGCTGTGTCCCGGCCCGGCCGCGGGGAGCCCCACTTCATCTCAGTGGGCTACGTGGACGACACGCAGTTCGTGCGGTTCGACAGCGACGCCGCGAGTCCGAGAGGGGAGCCGCGGGCGCCGTGGGTGGAGCAGGAGGGGCCGGAGTATTGGGACCGGGAGACACAGAACTACAAGCGCCAGGCACAGGCTGACCGAGTGAGCCTGCGGAACCTGCGCGGCTACTACAACCAGAGCGAGGACG,GGTCTCACACCCTCCAGAGGATGTATGGCTGCGACCTGGGGCCCGACGGGCGCCTCCTCCGCGGGTATGACCAGTCCGCCTACGACGGCAAGGATTACATCGCCCTGAACGAGGACCTGCGCTCCTGGACCGCCGCGGACACCGCGGCTCAGATCACCCAGCGCAAGTTGGAGGCGGCCCGTGCGGCGGAGCAGCTGAGAGCCTACCTGGAGGGCACGTGCGTGGAGTGGCTCCGCAGATACCTGGAGAACGGGAAGGAGACGCTGCAGCGCGCAG
C*07:264N,GCTCCCACTCCATGAGGTATTTCGACACCGCCGTGTCCCGGCCCGGCCGCGGAGAGCCCCGCTTCATCTCAGTGGGCTACGTGGACGACACGCAGTTCGTGCGGTTCGACAGCGACGCCGCGAGTCCGAGAGGGGAGCCGCGGGCGCCGTGGGTGGAGCAGGAGGGGCCGGAGTATTGGGACCGGGAGACACAGAAGTACAAGCGCCAGGCACAGGCTGACCGAGTGAGCCTGCGGAACCTGCGCGGCTACTACAACCAGAGCGAGGACG,GGTCTCACACCCTCCAGAGGATGTCTGGCTGCGACCTGGGGCCCGACGGGCGCCTCCTCCGCGGGTATGACCAGTCCGCCTACGACGGCAAGGATTACATCGCCCTGAACGAGGACCTGCGCTCCTGGACCGCCGCGGACACCGCGGCTCAGATCACCCAGCGCAAGTTGGAGGCGGCCCGTGCGGCGGAGTAGCTGAGAGCCTACCTGGAGGGCACGTGCGTGGAGTGGCTCCGCAGATACCTGGAGAACGGGAAGGAGACGCTGCAGCGCGCAG
C*07:265,GCTCCCACTCCATGAGGTATTTCGACACCGCCGTGTCCCGGCCCGGCCGCGGAGAGCCCCGCTTCATCTCAGTGGGCTACGTGGACGACACGCAGTTCGTGCGGTTCGACAGCGACGCCGCGAGTCCGAGAGGGGAGCCGCGGGCGCCGTGGGTGGAGCAGGAGGGGCCGGAGTATTGGGACCGGGAGACACAGAAGTACAAGCGCCAGGCACAGGCTGACCGAGTGAGCCTGCGGAACCTGCGCGGCTACTACAACCAGAGCGAGGACG,GGTCTCACACCCTCCAGAGGATGTCTGGCTGCGACCTGGGGCCCGACGGGCGCCTCCTCCGCGGGTATGACCAGTCCGCCTACGACGGCAAGGATTACATCGCCCTGAACGAGGACCTGCGCTCCTGGACCGCCGCGGACACCGCGGCTCAGATCACCCAGCGCAAGTTGGAGGCGGCCCGTGAGGCGGAGCAGCTGAGAGCCTACCTGGAGGGCCTGTGCGTGGAGTGGCTCCGCAGATACCTGGAGAACGGGAAGGAGACGCTGCAGCGCGCAG
C*07:266,GCTCCCACTCCATGAGGTATTTCGACACCGCCGTGTCCCGGCCCGGCCGCGGAGAGCCCCGCTTCATCTCAGTGGGCTACGTGGACGACACGCAGTTCGTGCGGTTCGACAGCGACGCCGCGAGTCCGAGAGGGGAGCCGCGGGCGCCGTGGGTGGAGCAGGAGGGGCCGGAGTATTGGGACCGGGAGACACAGAACTACAAGCGCCAGGCACAGGCTGACCGAGTGAGCCTGCGGAACCTGCGCGGCTACTACAACCAGAGCGAGGACG,GGTCTCACACCCTCCAGAGGATGTATGGCTGCGACCTGGGGCCCGACGGGCGCCTCCTCCCCGGGTATGACCAGTCCGCCTACGACGGCAAGGATTACATCGCCCTGAACGAGGACCTGCGCTCCTGGACCGCCGCGGACACCGCGGCTCAGATCACCCAGCGCAAGTTGGAGGCGGCCCGTGCGGCGGAGCAGCTGAGAGCCTACCTGGAGGGCACGTGCGTGGAGTGGCTCCGCAGATACCTGGAGAACGGGAAGGAGACGCTGCAGCGCGCAG
C*07:267,GCTCCCACTCCATGAGGTGTTTCGACACCGCCGTGTCCCGGCCCGGCCGCGGAGAGCCCCGCTTCATCTCAGTGGGCTACGTGGACGACACGCAGTTCGTGCGGTTCGACAGCGACGCCGCGAGTCCGAGAGGGGAGCCGCGGGCGCCGTGGGTGGAGCAGGAGGGGCCGGAGTATTGGGACCGGGAGACACAGAACTACAAGCGCCAGGCACAGGCTGACCGAGTGAGCCTGCGGAACCTGCGCGGCTACTACAACCAGAGCGAGGACG,GGTCTCACACCCTCCAGAGGATGTATGGCTGCGACCTGGGGCCCGACGGGCGCCTCCTCCGCGGGTATGACCAGTCCGCCTACGACGGCAAGGATTACATCGCCCTGAACGAGGACCTGCGCTCCTGGACCGCCGCGGACACCGCGGCTCAGATCACCCAGCGCAAGTTGGAGGCGGCCCGTGCGGCGGAGCAGCTGAGAGCCTACCTGGAGGGCACGTGCGTGGAGTGGCTCCGCAGATACCTGGAGAACGGGAAGGAGACGCTGCAGCGCGCAG
C*07:268,GCTCCCACTCCATGAGGTATTTCGACACCGCCGTGTCCCGGCCCGGCCGCGGAGAGCCCCGCTTCATCTCAGTGGGCTACGTGGACGACACGCAGTTCGTGCGGTTCGACAGCGACGCCGCGAGTCCGAGAGGGGAGCCGCGGGCGCCGTGGGTGGAGCAGGAGGGGCCGGAGTATTGGGACCGGGAGACACAGAACTACAAGCGCCAGGCACAGGCTGACCGAGTGAGCCTGCGGAACCTGCGCGGCAACTACAACCAGAGCGAGGACG,GGTCTCACACCCTCCAGAGGATGTATGGCTGCGACCTGGGGCCCGACGGGCGCCTCCTCCGCGGGTATGACCAGTCCGCCTACGACGGCAAGGATTACATCGCCCTGAACGAGGACCTGCGCTCCTGGACCGCCGCGGACACCGCGGCTCAGATCACCCAGCGCAAGTTGGAGGCGGCCCGTGCGGCGGAGCAGCTGAGAGCCTACCTGGAGGGCACGTGCGTGGAGTGGCTCCGCAGATACCTGGAGAACGGGAAGGAGACGCTGCAGCGCGCAG
C*07:269,GCTCCCACTCCATGAGGTATTTCGACACCGCCGTGTCCCGGCCCGGCCGCGGAGAGCCCCGCTTCATCTCAGTGGGCTACGTGGACGACACGCAGTTCGTGCGGTTCGACAGCGACGCCGCGAGTCCGAGAGGGGAGCCGCGGGCGCCGTGGGTGGAGCAGGAGGGGCCGGAGTATTGGGACCGGGAGACACAGAACTACAAGCGCCAGGCACAGGCTGACCGAGTGAGCCTGCGGAACCTGCGCGGCTACTACAACCAGAGCGAGGACG,GGTCTCACACCCTCCAGAGGATGTATGGCTGCGACCTGGGGCCCGACGGGCGCCTCCTCCGCGGGTATGACCAGTCCACCTACGACGGCAAGGATTACATCGCCCTGAACGAGGACCTGCGCTCCTGGACCGCCGCGGACACCGCGGCTCAGATCACCCAGCGCAAGTTGGAGGCGGCCCGTGCGGCGGAGCAGCTGAGAGCCTACCTGGAGGGCACGTGCGTGGAGTGGCTCCGCAGATACCTGGAGAACGGGAAGGAGACGCTGCAGCGCGCAG
C*07:270,GCTCCCACTCCATGAGGTATTTCGACACCGCCGTGTCCCGGCCCGGCCGCGGAGAGCCCCGCTTCATCTCAGTGGGCTACGTGGACGACACGCAGTTCGTGCGGTTCGACAGCGACGCCGCGAGTCCGAGAGGGGAGCCGCGGGCGCCGTGGGTGGAGCAGGAGGGGCCGGAGTATTGGGACCGGGAGACACAGAAGTACAAGCGCCAGGCACAGGCTGACCGAGTGAGCCTGCGGAACCTGCGCGGCTACTACAACCAGAGCGAGGACG,GGTCTCACACCCTCCAGAGGATGTCTGGCTGCGACCTGGGGCCCGACGGGCGCCTCCTCCGCGGGTATGACCAGTCCGCCTACGACGGCAAGGATTACATCGCCCTGAACGAGGACCTGCGCTCCTGGACCGCCGCGGACACCGCGGCTCAGATCACCCAGCGCAAGTTGGAGGCGGCCCGTGCGGCGGAGCAGCTGAGAGCCTACCTGGAGGGCACGTGCGTGGAGTGGCTCCGCAGATACATGGAGAACGGGAAGGAGACGCTGCAGCGCGCAG
C*07:271,GCTCCCACTCCATGAGGTATTTCGACACCACCGTGTCCCGGCCCGGCCGCGGAGAGCCCCGCTTCATCTCAGTGGGCTACGTGGACGACACGCAGTTCGTGCGGTTCGACAGCGACGCCGCGAGTCCGAGAGGGGAGCCGCGGGCGCCGTGGGTGGAGCAGGAGGGGCCGGAGTATTGGGACCGGGAGACACAGAAGTACAAGCGCCAGGCACAGGCTGACCGAGTGAGCCTGCGGAACCTGCGCGGCTACTACAACCAGAGCGAGGACG,GGTCTCACACCCTCCAGAGGATGTCTGGCTGCGACCTGGGGCCCGACGGGCGCCTCCTCCGCGGGTATGACCAGTCCGCCTACGACGGCAAGGATTACATCGCCCTGAACGAGGACCTGCGCTCCTGGACCGCCGCGGACACCGCGGCTCAGATCACCCAGCGCAAGTTGGAGGCGGCCCGTGCGGCGGAGCAGCTGAGAGCCTACCTGGAGGGCACGTGCGTGGAGTGGCTCCGCAGATACCTGGAGAACGGGAAGGAGACGCTGCAGCGCGCAG
C*07:272,GCTCCCACTCCATGAGGTATTTCGACACCGCCGTGTCCCAGCCCGGCCGCGGAGAGCCCCGCTTCATCTCAGTGGGCTACGTGGACGACACGCAGTTCGTGCGGTTCGACAGCGACGCCGCGAGTCCGAGAGGGGAGCCCCGGGCGCCGTGGGTGGAGCAGGAGGGGCCGGAGTATTGGGACCGGGAGACACAGAAGTACAAGCGCCAGGCACAGGCTGACCGAGTGAGCCTGCGGAACCTGCGCGGCTACTACAACCAGAGCGAGGACG,GGTCTCACACCTTCCAGAGGATGTATGGCTGCGACCTGGGGCCCGACGGGCGCCTCCTCCGCGGGTATGACCAGTTCGCCTACGACGGCAAGGATTACATCGCCCTGAACGAGGACCTGCGCTCCTGGACCGCCGCGGACACCGCGGCTCAGATCACCCAGCGCAAGTTGGAGGCGGCCCGTGCGGCGGAGCAGGACAGAGCCTACCTGGAGGGCACGTGCGTGGAGTGGCTCCGCAGATACCTGGAGAACGGGAAGAAGACGCTGCAGCGCGCGG
C*07:273,GCTCCCACTCCATGAGGTATTTCGACACCGCCGTGTCCCGGCCCGGCCGCGGAGAGCCCCGCTTCATCTCAGTGGGCTACGTGGACAACACGCAGTTCGTGCGGTTCGACAGCGACGCCGCGAGTCCGAGAGGGGAGCCGCGGGCGCCGTGGGTGGAGCAGGAGGGGCCGGAGTATTGGGACCGGGAGACACAGAAGTACAAGCGCCAGGCACAGGCTGACCGAGTGAGCCTGCGGAACCTGCGCGGCTACTACAACCAGAGCGAGGACG,GGTCTCACACCCTCCAGAGGATGTCTGGCTGCGACCTGGGGCCCGACGGGCGCCTCCTCCGCGGGTATGACCAGTCCGCCTACGACGGCAAGGATTACATCGCCCTGAACGAGGACCTGCGCTCCTGGACCGCCGCGGACACCGCGGCTCAGATCACCCAGCGCAAGTTGGAGGCGGCCCGTGCGGCGGAGCAGCTGAGAGCCTACCTGGAGGGCACGTGCGTGGAGTGGCTCCGCAGATACCTGGAGAACGGGAAGGAGACGCTGCAGCGCGCAG
C*07:274,GCTCCCACTCCATGAGGTATTTCGACACCGCCGTGTCCCGGCCCGGCCGCGGAGAGCCCCGCTTCATCTCAGTGGGCTACGTGGACGACACGCAGTTAGTGCGGTTCGACAGCGACGCCGCGAGTCCGAGAGGGGAGCCGCGGGCGCCGTGGGTGGAGCAGGAGGGGCCGGAGTATTGGGACCGGGAGACACAGAAGTACAAGCGCCAGGCACAGGCTGACCGAGTGAGCCTGCGGAACCTGCGCGGCTACTACAACCAGAGCGAGGACG,GGTCTCACACCCTCCAGAGGATGTCTGGCTGCGACCTGGGGCCCGACGGGCGCCTCCTCCGCGGGTATGACCAGTCCGCCTACGACGGCAAGGATTACATCGCCCTGAACGAGGACCTGCGCTCCTGGACCGCCGCGGACACCGCGGCTCAGATCACCCAGCGCAAGTTGGAGGCGGCCCGTGCGGCGGAGCAGCTGAGAGCCTACCTGGAGGGCACGTGCGTGGAGTGGCTCCGCAGATACCTGGAGAACGGGAAGGAGACGCTGCAGCGCGCAG
C*07:275,GCTCCCACTCCATGAGGTATTTCGACACCGCCGTGTCCCGGCCCGGCCGCGGAGAGCCCCGCTTCATCTCAGTGGGCTACGTGGACGACACGCAGTTCGTGCGGTTCGACAGCGACGCCGCGAGTCCGAGAGGGGAGCCGCGGGCGCCGTGGGTGGAGCAGGAGGGGCAGGAGTATTGGGACCGGGAGACACAGAAGTACAAGCGCCAGGCACAGGCTGACCGAGTGAGCCTGCGGAACCTGCGCGGCTACTACAACCAGAGCGAGGACG,GGTCTCACACCCTCCAGAGGATGTCTGGCTGCGACCTGGGGCCCGACGGGCGCCTCCTCCGCGGGTATGACCAGTCCGCCTACGACGGCAAGGATTACATCGCCCTGAACGAGGACCTGCGCTCCTGGACCGCCGCGGACACCGCGGCTCAGATCACCCAGCGCAAGTTGGAGGCGGCCCGTGCGGCGGAGCAGCTGAGAGCCTACCTGGAGGGCACGTGCGTGGAGTGGCTCCGCAGATACCTGGAGAACGGGAAGGAGACGCTGCAGCGCGCAG
C*07:276,GCTCCCACTCCATGAGGTATTTCGACACCGCCGTGTCCCGGCCCGGCCGCGGAGAGCCCCGCTTCATCTCAGTGGGCTACGTGGACGACACGCAGTTCGTGCGGTTCGACAGCGACGCCGCGAGTCCGAGAGGGGAGCCGCGGGCGCCGTGGGTGGAGCAGGAGGGGCCGGAGTATTGGGACCGGGAGACACAGAACTACAAGCGCCAGGCACAGGCTGACCAAGTGAGCCTGCGGAACCTGCGCGGCTACTACAACCAGAGCGAGGACG,GGTCTCACACCCTCCAGAGGATGTATGGCTGCGACCTGGGGCCCGACGGGCGCCTCCTCCGCGGGTATGACCAGTCCGCCTACGACGGCAAGGATTACATCGCCCTGAACGAGGACCTGCGCTCCTGGACCGCCGCGGACACCGCGGCTCAGATCACCCAGCGCAAGTTGGAGGCGGCCCGTGCGGCGGAGCAGCTGAGAGCCTACCTGGAGGGCACGTGCGTGGAGTGGCTCCGCAGATACCTGGAGAACGGGAAGGAGACGCTGCAGCGCGCAG
C*07:277,GCTCCCACTCCATGAGGTATTTCGACACCGCCGTGTCCCGGCCCGGCCGCGGAGAGCCCCGCTTCATCTCAGTGGGCTACGTGGACGACACGCAGTTCGTGCGGTTCGACAGCGACGCCGCGAGTCCGAGAGGGGAGCCGCGGGCGCCGTGGGTGGAGCAGGAGGGGCCGGAGTATTGGGACCGGGAGACACAGAACTACAAGCGCCAGGCACAGGCTGACCGAGTGAGCCTGCGGAACCTGCGCGGCTACTACAACCAGAGCGAGGACG,GGTCTCACACCCTCCAGAGGATGTATGGCTGCGACCTGGGGCCCGACGGGCGCCTCCTCCGCGGGTATGACCAGTCCGCCTACGACCGCAAGGATTACATCGCCCTGAACGAGGACCTGCGCTCCTGGACCGCCGCGGACACCGCGGCTCAGATCACCCAGCGCAAGTTGGAGGCGGCCCGTGCGGCGGAGCAGCTGAGAGCCTACCTGGAGGGCACGTGCGTGGAGTGGCTCCGCAGATACCTGGAGAACGGGAAGGAGACGCTGCAGCGCGCAG
C*07:278,GCTCCCACTCCATGAGGTATTTCGACACCGCCGTGTCCCGGCCCGGCCGCGGAGAGCCCCGCTTCATCTCAGTGGGCTACGTGGACGACACGCAGTTCGTGCGGTTCGACAGCGACGCCGCGAGTCCGAGAGGGGAGCCGCGGGCGCCGTGGGTGGAGCAGGAGGGGCCGGAGTATTGGGACCGGGAGACACAGAACTACAAGCGCCAGGCACAGGCTGACCGAGTGAGCCTGCGGAACCTGCGCGGCTACTACAACCAGAGCGAGGACG,GGTCTCACACCCTCCAGAGGATGTATGGCTGCGACCTGGGGCCCGACGGGCGCCTCCTCCGCGGGTATGACCAGTCCGCCTACGACGGCAAGGATTACATCGCCCTGAACGAGGACCTGCGCTCCTGGACCGCCGCGGACACCGCGGCTCAGATCACCCAGCGCAAGTTGGAGGCGGCCAGTGCGGCGGAGCAGCTGAGAGCCTACCTGGAGGGCACGTGCGTGGAGTGGCTCCGCAGATACCTGGAGAACGGGAAGGAGACGCTGCAGCGCGCAG
C*07:279,GCTCCCACTCCATGAGGTATTTCGACACCGCCGTGTCCCGGCCCGGCCGCGGAGAGCCCCGCTTCATCTCAGTGGGCTACGTGGACGACACGCAGTTCGTGCGGTTCGACAGCGACGCCGCGAGTCCGAGAGGGGAGCCGCGGGCGCCGTGGGTGGAGCAGGAGGGGCCGGAGTATTGGGACCGGGAGACACAGAACTACAAGCGCCAGGCACAGGCTGACCGAGTGAGCCTGCGGAACCTGCGCGGCTACTACAACCAGAGCGAGGACG,GGTCTCACACCCTCCAGAGGATGTATGGCTGCGACCTGGGGCCCGACGGGCGCCTCCTCCGCGGGTATGACCAGTCCGCCTACGACGGCAAGGATTACATCGCCCTGAACGAGGACCTGCGCTCCTGGACCGCCGCGGACACCGCGGCTCAGATCACCCAGCGCAAGTTGGAGGCGGCCCGTGCGGCGGAGCAGCTGAGAGCCTACCTGGAGGGCACGTGCGTGGAGTGGCTCCGCAGATACCTGGAGAACGGGAAGGAGGCGCTGCAGCGCGCAG
C*07:280,GCTCCCACTCCATGAGGTATTTCGACACCGCCGTGTCCCGGCCCGGCCGCGGAGAGCCCCGCTTCATCTCAGTGGGCTACGTGGACGACACGCAGTTCGTGCGGTTCGACAGCGACGCCGCGAGTCCGAGAGGGGAGCCGCGGGCGCCGTGGGTGGAGCAGGAGGGGCCGGAGTATTGGGACCGGGAGACACAGAACTACAAGCGCCAGGCACAGGCTGACCGAGTGAGCCTGCGGAACCTGCGCGGCTACTACAACCAGAGCGAGGACG,GGTCTCACACCCTCCAGAGGATGTATGGCTGCGACCTGGGGCCCGACGGGCGCCTCCTCCGCGGGTATGACCAGTCCGCCTACGACGGCAAGGATTACATCGCCCTGAACGAGGACCTGCGCTCCTGGACCGCCGCGGACACCGCGGCTCAGATCACCCAGCGCAAGTTGGAGGCGGCCCGTGCGGCGGAGCAGCTGAGAGCCTACCTGGAGGGCACGTGCGTGGAGTGGCTCCGCAGATACCTGGAGAAGGGGAAGGAGACGCTGCAGCGCGCAG
C*07:281,GCTCCCACTCCATGAGGTATTTCGACACCGCCGTGTCCCGGCCCGGCCGCGGAGAGCCCCGCTTCATCTCAGTGGGCTACGTGGACGACACGCAGTTCGTGCGGTTCGACAGCGACGCCGCGAGTCCGAGAGGGGAGCCGCGGGCGCCGTGGGTGGAGCAGGAGGGGCCGGAGTATTGGGACCGGGAGACACAGAACTACAAGCGCCAGGCACAGGCTGACCGAGTGAGCCTGCGGAACCTGCGCGGCTACTACAACCAGAGCGAGGACG,GGTCTCACACCCTCCAGAGGATGTATGGCTGCGACCTGGGGCCCGACGGGCGCCTCCTCCGCGGGTATGACCAGTCCGCCTACGACGGCAAGGATTACATCGCCCTGAACGAGGACCTGCGCTCCTGGACCGCCGCGGACACCGCGGCTCAGATCACCCAGCGCAAGTTGGAGTCGGCCCGTGCGGCGGAGCAGCTGAGAGCCTACCTGGAGGGCACGTGCGTGGAGTGGCTCCGCAGATACCTGGAGAACGGGAAGGAGACGCTGCAGCGCGCAG
C*07:282,GCTCCCACTCCATGAGGTATTTCGACACCGCCGTGTCCCGGCCCGGCCGCGGAGAGCCCCGCTTCATCTCAGTGGGCTACGTGGACGACACGCAGTTCGTGCGGTTCGACAGCGACGCCGCGAGTCCGAGAGGGGAGCCGCGGGCGCCGTGGGTGGAGCAGGAGGGGCCGGAGTATTGGGACCGGGAGACACAGAACTACAAGCGCCAGGCACAGGCTGACCGAGTGAGCCTGCGGAACCTGCGCGGCTACTACAACCAGAGCGAGGACG,GGTCTCACACCCTCCAGAGGATGTATGGCTGCGACCTGGGGCCCGACGGGCGCCTCCTCCGCGGGTATGACCAGTCCGCCTACGACGGCAAGGGTTACATCGCCCTGAACGAGGACCTGCGCTCCTGGACCGCCGCGGACACCGCGGCTCAGATCACCCAGCGCAAGTTGGAGGCGGCCCGTGCGGCGGAGCAGCTGAGAGCCTACCTGGAGGGCACGTGCGTGGAGTGGCTCCGCAGATACCTGGAGAACGGGAAGGAGACGCTGCAGCGCGCAG
C*07:283,GCTCCCACTCCATGAGGTATTTCGACACCGCCGTGTCCCGGCCCGGCCGCGGAGAGCCCCGCTTCATCTCAGTGGGCTACGTGGACGACACGCAGTTCGTGCGGTTCGACAGCGACGCCGCGAGTCCGAGAGGGGAGCCGCGGGCGCCGTGGGTGGAGCAGGAGGGGCCGGAGTATTGGGACCGGGAGACACAGAAGTACAAGCGCCAGGCACAGGCTGACCGAGTGAGCCTGCGGAACCTGCGCAGCTACTACAACCAGAGCGAGGACG,GGTCTCACACCCTCCAGAGGATGTCTGGCTGCGACCTGGGGCCCGACGGGCGCCTCCTCCGCGGGTATGACCAGTCCGCCTACGACGGCAAGGATTACATCGCCCTGAACGAGGACCTGCGCTCCTGGACCGCCGCGGACACCGCGGCTCAGATCACCCAGCGCAAGTTGGAGGCGGCCCGTGCGGCGGAGCAGCTGAGAGCCTACCTGGAGGGCACGTGCGTGGAGTGGCTCCGCAGATACCTGGAGAACGGGAAGGAGACGCTGCAGCGCGCAG
C*07:284,GCTCCCACTCCATGAGGTATTTCGACACCGCCGTGTCCCGGCCCGGCCGCGGAGAGCCCCGCTTCATCTCAGTGGGCTACGTGGACGACACGCAGTTCGTGCGGTTCGACAGCGACGCCGCGAGTCCGAGAGGGGAGCCGCGGGCGCCGTGGGTGGAGCAGGAGGGGCCGGAGTATTGGGACCGGGAGACACAGAAGTACAAGCGCCAGGCACAGGCTGACCGAGTGAGCCTGCGGAACCTGCGCGGCTACTACAACCAGAGCGAGGACG,GGTCTCACACCCTCCAGAGGATGTCTGGCTGCGACCTGGGGCCCGACGGGCGCCGCCTCCGCGGGTATGACCAGTCCGCCTACGACGGCAAGGATTACATCGCCCTGAACGAGGACCTGCGCTCCTGGACCGCCGCGGACACCGCGGCTCAGATCACCCAGCGCAAGTTGGAGGCGGCCCGTGCGGCGGAGCAGCTGAGAGCCTACCTGGAGGGCACGTGCGTGGAGTGGCTCCGCAGATACCTGGAGAACGGGAAGGAGACGCTGCAGCGCGCAG
C*07:285,GCTCCCACTCCATGAGGTATTTCGACACCGCCGTGTCCCGGCCCGGCCGCGGAGAGCCCCGCTTCATCTCAGTGGGCTACGTGGACGACACGCAGTTCGTGCGGTTCGACAGCGACGCCGCGAGTCCGAGAGGGGAGCCGCGGGCGCCGTGGGTGGAGCAGGAGGGGCCGGAGTATTGGGACCGGGAGACACAGAAGTACAAGCGCCAGGCACAGGCTGACCGAGTGAGCCTGCGGAACCTGCGCGGCTACTACAACCAGAGCGAGGACG,GGTCTCACACCCTCCAGAGGATGTCTGGCTGCGACCTGGGGCCCGACGGGCGCCTCCTCCGCGGGTATGACCAGTCCGCCTACGACGGCAAGGATTACATCGCCCTGAACGAGGACCTGCGCTCCTGGACCGCCGCGGACACCGCGGCTCAGATCACCCAGAGCAAGTTGGAGGCGGCCCGTGCGGCGGAGCAGCTGAGAGCCTACCTGGAGGGCACGTGCGTGGAGTGGCTCCGCAGATACCTGGAGAACGGGAAGGAGACGCTGCAGCGCGCAG
C*07:286,GCTCCCACTCCATGAGGTATTTCGACACCGCCGTGTCCCGGCCCGGCCGCGGAGAGCCCCGCTTCATCTCAGTGGGCTACGTGGACGACACGCAGTTCGTGCGGTTCGACAGCGACGCCGCGAGTCCGAGAGGGGAGCCGCGGGCGCCGTGGGTGGAGCAGGAGGGGCCGGAGTATTGGGACCGGGAGACACAGAAGTACAAGCGCCAGGCACAGGCTGACCGAGTGAGCCTGCGGAACCTGCGCGGCTACTACAACCAGAGCGAGGACG,GGTCTCACACCCTCCAGAGGATGTCTGGCTGCGACCTGGGGCCCGACGGGCGCCTCCTCCGCGGGTATGACCAGTCCGCCTACGACGGCAAGGATTACATCGCCCTGAACGAGGACCTGCGCTCCTGGACCGCCGCGGACACCGCGGCTCAGATCACCCAGCGCAAGTTGGAGGCGGCCCGTGCGGCGGAGCAGCTGAGAGCCTACCTGGAGGGCACGTGCGTGGAGTGGCTCCGCAGATACCTGGAGAACGGGAGGGAGACGCTGCAGCGCGCAG
C*07:287,GCTCCCACTCCATGAGGTATTTCGACACCGCCGTGTCCCGGCCCGGCCGCGGAGAGCCCCGCTTCATCTCAGTGGGCTACGTGGACGACACGCAGTTCGTGCGGTTCGACAGCGACGCCGCGAGTCCGAGAGGGGAGCCGCGGGCGCCGTGGGTGGAGCAGGAGGGGCCGGAGTATTGGGACCGGGAGACACAGAAGTACAAGCGCCAGGCACAGGCTGACCGAGTGAGCCTGCGGAACCTGCGCGGCTACTACAACCAGAGCGAGGACG,GGTCTCACACCCTCCAGAGGATGTCTGGCTGCGACCTGGGGCCCGACGGGCGCCTCCTCCGCGGGTATGACCAGTCCGCCTACGACGGCAAGGATTACATCGCCCTGAACGAGGACCTGCGCTCCTGGACCGCCGCGGACACCGCGGCTCAGATCATCCAGCGCAAGTTGGAGGCGGCCCGTGCGGCGGAGCAGCTGAGAGCCTACCTGGAGGGCACGTGCGTGGAGTGGCTCCGCAGATACCTGGAGAACGGGAAGGAGACGCTGCAGCGCGCAG
C*07:288,GCTCCCACTCCATGAGGTATTTCGACACCGCCGTGTCCCGGCCCGGCCGCGGAGAGCCCCGCTTCATCTCAGTGGGCTACGTGGACGACACGCAGTTCGTGCGGTTCGACAGCGACGCCGCGAGTCCGAGAGGGGAGCCGCGGGCGCCGTGGGTGGAGCAGGAGGGGCCGGAGTATTGGGACCGGGAGACACAGAAGTACAAGCGCCAGGCACAGGCTGACCGAGTGAGCCTGCGGAACCTGCGCGGCTACTACAACCAGAGCGAGGACG,GGTCTCACACCCTCCAGAGGATGTCTGGCTGCGACCTGGGGCCCGACGGGCGCCTCCTCCGCGGGTATGACCAGTCCGCCTACGACGGCAAGGATTACATCGCCCTGAACGAGGACCTGCGCTCCTGGACCGCCGCGGACACCGCGGCTCAGCTCACCCAGCGCAAGTTGGAGGCGGCCCGTGCGGCGGAGCAGCTGAGAGCCTACCTGGAGGGCACGTGCGTGGAGTGGCTCCGCAGATACCTGGAGAACGGGAAGGAGACGCTGCAGCGCGCAG
C*07:289,GCTCCCACTCCATGAGGTATTTCGACACCGCCGTGTCCCGGCCCGGCCGCGGAGAGCCCCGCTTCATCTCAGTGGGCTACGTGGACGACACGCAGTTCGTGCGGTTCGACAGCGACGCCGCGAGTCCGAGAGGGGAGCCGCGGGCGCCGTGGGTGGAGCAGGAGGGGCCGGAGTATTGGGACCGGGAGACACAGAAGTACAAGCGCCAGGCACAGGCTGACCGAGTGAGCCTGCGGAACCTGCGCGGCTACTACAACCAGAGCGAGGACG,GGTCTCACACCCTCCAGAGGATGTCTGGCTGCGACCTGGGGCCCGACGGGCGCCTCCTCCGCGGGTATGACCAGTTAGCCTACGACGGCAAGGATTACATCGCCCTGAACGAGGACCTGCGCTCCTGGACCGCCGCGGACACCGCGGCTCAGATCACCCAGCGCAAGTTGGAGGCGGCCCGTGCGGCGGAGCAGCTGAGAGCCTACCTGGAGGGCACGTGCGTGGAGTGGCTCCGCAGATACCTGGAGAACGGGAAGGAGACGCTGCAGCGCGCAG
C*07:290,GCTCCCACTCCATGAGGTATTTCGACACCGCCGTGTCCCGGCCCGGCCGCGGAGAGCCCCGCTTCATCTCAGTGGGCTACGTGGACGACACGCAGTTCGTGCGGTTCGACAGCGACGCCGCGAGTCCGAGAGGGGAGCCGCGGGCGCCGTGGGTGGAGCAGGAGGGGCCGGAGTATTGGGACCGGGAGACACAGAAGTACAAGCGCCAGGCACAGGCTGACCGAGTGAGCCTGCGGAACCTGCGCGGCTACTACAACCAGAGCGAGGACG,GGTCTCACACCCTCCAGAGGATGTCTGGCTGCGACCTGGGGCCCGACGGGCGCCTCCTCCGCGGGTATGACCGGTCCGCCTACGACGGCAAGGATTACATCGCCCTGAACGAGGACCTGCGCTCCTGGACCGCCGCGGACACCGCGGCTCAGATCACCCAGCGCAAGTTGGAGGCGGCCCGTGCGGCGGAGCAGCTGAGAGCCTACCTGGAGGGCACGTGCGTGGAGTGGCTCCGCAGATACCTGGAGAACGGGAAGGAGACGCTGCAGCGCGCAG
C*07:291,GCTCCCACTCCATGAGGTATTTCGACACCGCCGTGTCCCGGCCCGGCCGCGGAGAGCCCCGCTTCATCTCAGTGGGCTACGTGGACGACACGCAGTTCGTGCGGTTCGACAGCGACGCCGCGAGTCCGAGAGGGGAGCCGCGGGCGCCGTGGGTGGAGCAGGAGGGGCCGGAGTATTGGGACCGGGAGACACAGAAGTACAAGTGCCAGGCACAGGCTGACCGAGTGAGCCTGCGGAACCTGCGCGGCTACTACAACCAGAGCGAGGACG,GGTCTCACACCCTCCAGAGGATGTCTGGCTGCGACCTGGGGCCCGACGGGCGCCTCCTCCGCGGGTATGACCAGTCCGCCTACGACGGCAAGGATTACATCGCCCTGAACGAGGACCTGCGCTCCTGGACCGCCGCGGACACCGCGGCTCAGATCACCCAGCGCAAGTTGGAGGCGGCCCGTGCGGCGGAGCAGCTGAGAGCCTACCTGGAGGGCACGTGCGTGGAGTGGCTCCGCAGATACCTGGAGAACGGGAAGGAGACGCTGCAGCGCGCAG
C*07:292,GCTCCCACTCCATGAGGTATTTCGACACCGCCGTGTCCCGGCCCGGCCGCGGAGAGCCCCGCTTCATCTCAGTGGGCTACGTGGACGACACGCAGTTCGTGCGGTTCGACAGCGACGCCGCGAGTCCGAGAGGGGAGCCGCGGGCGCCGTGGGTGGAGCAGGAGGGGCCGGAGTATTGGGACCGGGAGACACTGAACTACAAGCGCCAGGCACAGGCTGACCGAGTGAGCCTGCGGAACCTGCGCGGCTACTACAACCAGAGCGAGGACG,GGTCTCACACCCTCCAGAGGATGTATGGCTGCGACCTGGGGCCCGACGGGCGCCTCCTCCGCGGGTATGACCAGTCCGCCTACGACGGCAAGGATTACATCGCCCTGAACGAGGACCTGCGCTCCTGGACCGCCGCGGACACCGCGGCTCAGATCACCCAGCGCAAGTTGGAGGCGGCCCGTGCGGCGGAGCAGCTGAGAGCCTACCTGGAGGGCACGTGCGTGGAGTGGCTCCGCAGATACCTGGAGAACGGGAAGGAGACGCTGCAGCGCGCAG
C*08:01:01G,GCTCCCACTCCATGAGGTATTTCTACACCGCCGTGTCCCGGCCCGGCCGCGGAGAGCCCCGCTTCATCGCAGTGGGCTACGTGGACGACACGCAGTTCGTGCAGTTCGACAGCGACGCCGCGAGTCCAAGAGGGGAGCCGCGGGCGCCGTGGGTGGAGCAGGAGGGGCCGGAGTATTGGGACCGGGAGACACAGAAGTACAAGCGCCAGGCACAGACTGACCGAGTGAGCCTGCGGAACCTGCGCGGCTACTACAACCAGAGCGAGGCCG,GGTCTCACACCCTCCAGAGGATGTATGGCTGCGACCTGGGGCCCGACGGGCGCCTCCTCCGCGGGTATAACCAGTTCGCCTACGACGGCAAGGATTACATCGCCCTGAATGAGGACCTGCGCTCCTGGACCGCCGCGGACACGGCGGCTCAGATCACCCAGCGCAAGTGGGAGGCGGCCCGTACGGCGGAGCAGCTGAGAGCCTACCTGGAGGGCACGTGCGTGGAGTGGCTCCGCAGATACCTGGAGAACGGGAAGAAGACGCTGCAGCGCGCGG
C*08:01:02,GCTCCCACTCCATGAGGTATTTCTACACCGCCGTGTCCCGGCCCGGCCGCGGAGAGCCCCGCTTCATCGCAGTGGGCTACGTGGACGACACGCAGTTCGTGCAGTTCGACAGCGACGCCGCGAGTCCAAGAGGGGAGCCGCGGGCGCCGTGGGTGGAGCAGGAGGGGCCGGAGTATTGGGACCGGGAGACACAGAAGTACAAGCGCCAGGCACAGACTGACCGAGTGAGCCTGCGGAACCTGCGCGGCTACTACAACCAGAGCGAGGCCG,GGTCTCACACCCTCCAGAGGATGTACGGCTGCGACCTGGGGCCCGACGGGCGCCTCCTCCGCGGGTATAACCAGTTCGCCTACGACGGCAAGGATTACATCGCCCTGAATGAGGACCTGCGCTCCTGGACCGCCGCGGACACGGCGGCTCAGATCACCCAGCGCAAGTGGGAGGCGGCCCGTACGGCGGAGCAGCTGAGAGCCTACCTGGAGGGCACGTGCGTGGAGTGGCTCCGCAGATACCTGGAGAACGGGAAGAAGACGCTGCAGCGCGCGG
C*08:01:05,GCTCCCACTCCATGAGGTATTTCTACACCGCCGTGTCCCGGCCCGGCCGCGGAGAGCCCCGCTTCATCGCAGTGGGCTACGTGGACGACACGCAGTTCGTGCAGTTCGACAGCGACGCCGCGAGTCCAAGAGGGGAGCCGCGGGCGCCGTGGGTGGAGCAGGAGGGGCCGGAGTATTGGGACCGGGAGACACAGAAGTACAAGCGCCAGGCACAGACTGACCGAGTGAGCCTGCGGAACCTGCGCGGCTACTACAACCAGAGCGAGGCCG,GGTCTCACACCCTCCAGAGGATGTATGGCTGCGACCTGGGGCCCGACGGGCGCCTCCTCCGCGGGTATAACCAGTTCGCCTACGACGGCAAGGATTACATCGCCCTGAATGAGGACCTGCGCTCCTGGACCGCCGCGGACACGGCGGCTCAGATCACCCAGCGCAAGTGGGAGGCGGCCCGTACGGCGGAGCAGCTGAGAGCCTACCTGGAGGGCACGTGCGTGGAGTGGCTCCGCAGATACCTGGAGAACGGCAAGAAGACGCTGCAGCGCGCGG
C*08:01:06,GCTCCCACTCCATGAGGTATTTCTACACCGCCGTGTCCCGGCCCGGCCGCGGAGAGCCCCGCTTCATCGCAGTGGGCTACGTGGACGACACGCAGTTCGTGCAGTTCGACAGCGACGCCGCGAGTCCAAGAGGGGAGCCGCGGGCGCCGTGGGTGGAGCAGGAGGGGCCGGAGTATTGGGACCGGGAGACACAGAAGTACAAGCGCCAGGCACAGACTGACCGAGTGAGCCTGCGGAACCTGCGCGGCTACTACAACCAGAGCGAGGCCG,GGTCTCACACCCTCCAGAGGATGTATGGCTGCGACCTGGGGCCCGACGGGCGCCTCCTCCGCGGGTATAACCAGTTCGCCTACGACGGCAAGGATTACATCGCCCTGAACGAGGACCTGCGCTCCTGGACCGCCGCGGACACGGCGGCTCAGATCACCCAGCGCAAGTGGGAGGCGGCCCGTACGGCGGAGCAGCTGAGAGCCTACCTGGAGGGCACGTGCGTGGAGTGGCTCCGCAGATACCTGGAGAACGGGAAGAAGACGCTGCAGCGCGCGG
C*08:01:07,GCTCCCACTCCATGAGGTATTTCTACACCGCCGTGTCCCGGCCCGGCCGCGGAGAGCCCCGCTTCATCGCAGTGGGCTACGTGGACGACACGCAGTTCGTGCAGTTCGACAGCGACGCCGCGAGTCCAAGAGGGGAGCCGCGGGCGCCGTGGGTGGAGCAGGAGGGGCCGGAGTATTGGGACCGGGAGACACAGAAGTACAAGCGCCAGGCACAGACTGACCGAGTGAGCCTGCGGAACCTGCGCGGCTACTACAACCAGAGCGAGGCCG,GGTCTCACACCCTCCAGAGGATGTATGGCTGCGACCTGGGGCCCGACGGGCGCCTCCTCCGCGGGTATAACCAGTTCGCCTACGACGGCAAGGATTACATCGCCCTGAACGAGGATCTGCGCTCCTGGACCGCCGCGGACACGGCGGCTCAGATCACCCAGCGCAAGTGGGAGGCGGCCCGTACGGCGGAGCAGCTGAGAGCCTACCTGGAGGGCACGTGCGTGGAGTGGCTCCGCAGATACCTGGAGAACGGGAAGAAGACGCTGCAGCGCGCGG
C*08:01:08,GCTCCCACTCCATGAGGTATTTCTACACCGCCGTGTCCCGGCCCGGCCGCGGAGAGCCCCGCTTCATCGCAGTGGGCTACGTGGACGACACGCAGTTCGTGCAGTTCGACAGCGACGCCGCGAGTCCAAGAGGGGAGCCGCGGGCGCCGTGGGTGGAGCAGGAGGGGCCGGAGTATTGGGACCGGGAGACACAGAAGTACAAGCGCCAGGCACAGACTGACCGAGTGAGCCTGCGGAACCTGCGCGGCTACTACAACCAGAGCGAGGCCG,GGTCTCACACCCTCCAGAGGATGTATGGCTGCGACCTGGGGCCCGACGGGCGCCTCCTCCGCGGGTATAACCAGTTCGCCTACGACGGCAAGGATTACATCGCCCTGAATGAGGACCTGCGCTCCTGGACCGCCGCGGACACGGCGGCTCAGATCACCCAGCGCAAGTGGGAGGCGGCCCGTACGGCGGAGCAGCTGAGAGCCTACCTGGAGGGCACGTGCGTGGAGTGGCTCCGCAGATACCTGGAGAACGGGAAGAAGACGCTGCAGCGCGCTG
C*08:02:01G,GCTCCCACTCCATGAGGTATTTCTACACCGCCGTGTCCCGGCCCGGCCGCGGAGAGCCCCGCTTCATCGCAGTGGGCTACGTGGACGACACGCAGTTCGTGCAGTTCGACAGCGACGCCGCGAGTCCAAGAGGGGAGCCGCGGGCGCCGTGGGTGGAGCAGGAGGGGCCGGAGTATTGGGACCGGGAGACACAGAAGTACAAGCGCCAGGCACAGACTGACCGAGTGAGCCTGCGGAACCTGCGCGGCTACTACAACCAGAGCGAGGCCG,GGTCTCACACCCTCCAGAGGATGTATGGCTGCGACCTGGGGCCCGACGGGCGCCTCCTCCGCGGGTATAACCAGTTCGCCTACGACGGCAAGGATTACATCGCCCTGAATGAGGACCTGCGCTCCTGGACCGCCGCGGACAAGGCGGCTCAGATCACCCAGCGCAAGTGGGAGGCGGCCCGTGAGGCGGAGCAGCGGAGAGCCTACCTGGAGGGCACGTGCGTGGAGTGGCTCCGCAGATACCTGGAGAACGGGAAGAAGACGCTGCAGCGCGCGG
C*08:02:02,GCTCCCACTCCATGAGGTATTTCTACACCGCCGTGTCCCGGCCCGGCCGCGGAGAGCCCCGCTTCATCGCAGTGGGCTACGTGGACGACACGCAGTTCGTGCAGTTCGACAGCGACGCCGCGAGTCCAAGAGGGGAGCCGCGGGCGCCGTGGGTGGAGCAGGAGGGGCCGGAGTATTGGGACCGGGAGACACAGAAGTACAAGCGCCAGGCACAGACTGACCGAGTGAGCCTGCGGAACCTGCGCGGCTACTACAACCAGAGCGAGGCCG,GGTCTCACACCCTCCAGAGGATGTATGGCTGCGACCTGGGGCCCGACGGGCGCCTCCTCCGCGGGTATAACCAGTTCGCCTACGACGGCAAGGATTACATCGCCCTGAATGAGGACCTGCGCTCCTGGACTGCCGCGGACAAGGCGGCTCAGATCACCCAGCGCAAGTGGGAGGCGGCCCGTGAGGCGGAGCAGCGGAGAGCCTACCTGGAGGGCACGTGCGTGGAGTGGCTCCGCAGATACCTGGAGAACGGGAAGAAGACGCTGCAGCGCGCGG
C*08:02:03,GCTCCCACTCCATGAGGTATTTCTACACCGCCGTGTCCCGGCCCGGCCGCGGAGAGCCCCGCTTCATCGCAGTGGGCTACGTGGACGACACGCAGTTCGTGCAGTTCGACAGCGACGCCGCGAGTCCAAGAGGGGAGCCGCGGGCGCCGTGGGTGGAGCAGGAGGGGCCGGAGTATTGGGACCGGGAGACACAGAAGTACAAGCGCCAGGCACAGACTGATCGAGTGAGCCTGCGGAACCTGCGCGGCTACTACAACCAGAGCGAGGCCG,GGTCTCACACCCTCCAGAGGATGTATGGCTGCGACCTGGGGCCCGACGGGCGCCTCCTCCGCGGGTATAACCAGTTCGCCTACGACGGCAAGGATTACATCGCCCTGAATGAGGACCTGCGCTCCTGGACCGCCGCGGACAAGGCGGCTCAGATCACCCAGCGCAAGTGGGAGGCGGCCCGTGAGGCGGAGCAGCGGAGAGCCTACCTGGAGGGCACGTGCGTGGAGTGGCTCCGCAGATACCTGGAGAACGGGAAGAAGACGCTGCAGCGCGCGG
C*08:02:04,GCTCCCACTCCATGAGGTATTTCTACACCGCCGTGTCCCGGCCCGGCCGCGGAGAGCCCCGCTTCATCGCAGTGGGCTACGTGGACGACACGCAGTTCGTGCAGTTCGACAGCGACGCCGCGAGTCCAAGAGGGGAGCCGCGGGCGCCGTGGGTGGAGCAGGAGGGGCCGGAGTATTGGGACCGGGAGACACAGAAGTACAAGCGCCAGGCACAGACTGACCGAGTGAGCCTGCGGAACCTGCGCGGCTACTACAACCAGAGCGAGGCCG,GGTCTCACACCCTCCAGAGGATGTATGGCTGCGACCTGGGGCCCGACGGGCGCCTCCTCCGCGGGTATAACCAGTTCGCCTACGACGGCAAGGATTACATCGCCCTGAACGAGGACCTGCGCTCCTGGACCGCCGCGGACAAGGCGGCTCAGATCACCCAGCGCAAGTGGGAGGCGGCCCGTGAGGCGGAGCAGCGGAGAGCCTACCTGGAGGGCACGTGCGTGGAGTGGCTCCGCAGATACCTGGAGAACGGGAAGAAGACGCTGCAGCGCGCGG
C*08:02:05,GCTCCCACTCCATGAGGTATTTCTACACCGCCGTGTCCCGGCCCGGCCGCGGAGAGCCCCGCTTCATCGCAGTGGGCTACGTGGACGACACGCAGTTCGTGCAGTTCGACAGCGACGCCGCGAGTCCAAGAGGGGAGCCGCGGGCGCCGTGGGTGGAGCAGGAGGGGCCGGAGTATTGGGACCGGGAGACACAGAAGTACAAGCGCCAGGCACAGACTGACCGAGTGAGCCTGCGGAACCTGCGCGGCTACTACAACCAGAGCGAGGCCG,GGTCTCACACCCTCCAGAGGATGTATGGCTGCGACCTGGGGCCCGACGGGCGCCTCCTCCGCGGGTATAACCAGTTCGCCTATGACGGCAAGGATTACATCGCCCTGAATGAGGACCTGCGCTCCTGGACCGCCGCGGACAAGGCGGCTCAGATCACCCAGCGCAAGTGGGAGGCGGCCCGTGAGGCGGAGCAGCGGAGAGCCTACCTGGAGGGCACGTGCGTGGAGTGGCTCCGCAGATACCTGGAGAACGGGAAGAAGACGCTGCAGCGCGCGG
C*08:02:06,GCTCCCACTCCATGAGGTATTTCTACACCGCCGTGTCCCGGCCCGGCCGCGGAGAGCCCCGCTTCATCGCAGTGGGCTACGTGGACGACACGCAGTTCGTGCAGTTCGACAGCGACGCCGCGAGTCCAAGAGGGGAGCCGCGGGCGCCGTGGGTGGAGCAGGAGGGGCCGGAGTATTGGGACCGGGAGACACAGAAGTACAAGCGCCAGGCACAGACTGACCGAGTGAGCCTGCGGAACCTGCGCGGCTACTACAACCAGAGCGAGGCCG,GGTCTCACACCCTCCAGAGGATGTATGGCTGCGACCTGGGGCCGGACGGGCGCCTCCTCCGCGGGTATAACCAGTTCGCCTACGACGGCAAGGATTACATCGCCCTGAATGAGGACCTGCGCTCCTGGACCGCCGCGGACAAGGCGGCTCAGATCACCCAGCGCAAGTGGGAGGCGGCCCGTGAGGCGGAGCAGCGGAGAGCCTACCTGGAGGGCACGTGCGTGGAGTGGCTCCGCAGATACCTGGAGAACGGGAAGAAGACGCTGCAGCGCGCGG
C*08:02:07,GCTCCCACTCCATGAGGTATTTCTACACCGCCGTGTCCCGGCCCGGCCGCGGAGAGCCCCGCTTCATCGCAGTGGGCTACGTGGACGACACGCAGTTCGTGCAGTTCGACAGCGACGCCGCGAGTCCAAGAGGGGAGCCGCGGGCGCCGTGGGTGGAGCAGGAGGGGCCGGAGTATTGGGACCGGGAGACACAGAAGTACAAGCGCCAGGCACAGACTGACCGAGTGAGCCTGCGGAACCTGCGCGGCTACTACAACCAGAGCGAGGCCG,GGTCTCACACCCTCCAGAGGATGTATGGCTGCGACCTGGGGCCCGACGGGCGCCTCCTCCGCGGGTATAACCAGTTCGCCTACGACGGCAAGGATTACATCGCCCTGAACGAGGATCTGCGCTCCTGGACCGCCGCGGACAAGGCGGCTCAGATCACCCAGCGCAAGTGGGAGGCGGCCCGTGAGGCGGAGCAGCGGAGAGCCTACCTGGAGGGCACGTGCGTGGAGTGGCTCCGCAGATACCTGGAGAACGGGAAGAAGACGCTGCAGCGCGCGG
C*08:02:08,GCTCCCACTCCATGAGGTATTTCTACACCGCCGTGTCCCGGCCGGGCCGCGGAGAGCCCCGCTTCATCGCAGTGGGCTACGTGGACGACACGCAGTTCGTGCAGTTCGACAGCGACGCCGCGAGTCCAAGAGGGGAGCCGCGGGCGCCGTGGGTGGAGCAGGAGGGGCCGGAGTATTGGGACCGGGAGACACAGAAGTACAAGCGCCAGGCACAGACTGACCGAGTGAGCCTGCGGAACCTGCGCGGCTACTACAACCAGAGCGAGGCCG,GGTCTCACACCCTCCAGAGGATGTATGGCTGCGACCTGGGGCCCGACGGGCGCCTCCTCCGCGGGTATAACCAGTTCGCCTACGACGGCAAGGATTACATCGCCCTGAATGAGGACCTGCGCTCCTGGACCGCCGCGGACAAGGCGGCTCAGATCACCCAGCGCAAGTGGGAGGCGGCCCGTGAGGCGGAGCAGCGGAGAGCCTACCTGGAGGGCACGTGCGTGGAGTGGCTCCGCAGATACCTGGAGAACGGGAAGAAGACGCTGCAGCGCGCGG
C*08:03:01G,GCTCCCACTCCATGAGGTATTTCTACACCGCCGTGTCCCGGCCCGGCCGCGGAGAGCCCCGCTTCATCGCAGTGGGCTACGTGGACGACACGCAGTTCGTGCAGTTCGACAGCGACGCCGCGAGTCCAAGAGGGGAGCCGCGGGCGCCGTGGGTGGAGCAGGAGGGGCCGGAGTATTGGGACCGGGAGACACAGAAGTACAAGCGCCAGGCACAGACTGACCGAGTGAGCCTGCGGAACCTGCGCGGCTACTACAACCAGAGCGAGGCCG,GGTCTCACACCCTCCAGAGGATGTATGGCTGCGACCTGGGGCCCGACGGGCGCCTCCTCCGCGGGTATAACCAGTTCGCCTACGACGGCAAGGATTACATCGCCCTGAATGAGGACCTGCGCTCCTGGACCGCCGCGGACACGGCGGCTCAGATCACCCAGCGCAAGTGGGAGGCGGCCCGTACGGCGGAGCAGCTGAGAGCCTACCTGGAGGGCACGTGCGTGGAGTGGCTCCGCAGATACCTGGAGAACAGGAAGAAGACGCTGCAGCGCGCGG
C*08:03:02,GCTCCCACTCCATGAGGTATTTCTACACCGCCGTGTCCCGGCCCGGCCGCGGAGAGCCCCGCTTCATCGCAGTGGGCTACGTGGACGACACGCAGTTCGTGCAGTTCGACAGCGACGCCGCGAGTCCAAGAGGGGAGCCGCGGGCGCCGTGGGTGGAGCAGGAGGGGCCGGAGTATTGGGACCGGGAGACACAGAAGTACAAGCGCCAGGCACAGACTGACCGAGTGAGCCTGCGGAACCTGCGCGGCTACTACAACCAGAGCGAGGCCG,GGTCTCACACCCTCCAGAGGATGTATGGCTGCGACCTGGGGCCCGACGGGCGCCTCCTCCGCGGGTATAACCAGTTCGCCTACGACGGCAAGGATTATATCGCCCTGAATGAGGACCTGCGCTCCTGGACCGCCGCGGACACGGCGGCTCAGATCACCCAGCGCAAGTGGGAGGCGGCCCGTACGGCGGAGCAGCTGAGAGCCTACCTGGAGGGCACGTGCGTGGAGTGGCTCCGCAGATACCTGGAGAACAGGAAGAAGACGCTGCAGCGCGCGG
C*08:04:01,GCTCCCACTCCATGAGGTATTTCTACACCGCCGTGTCCCGGCCCGGCCGCGGAGAGCCCCGCTTCATCGCAGTGGGCTACGTGGACGACACGCAGTTCGTGCAGTTCGACAGCGACGCCGCGAGTCCAAGAGGGGAGCCGCGGGCGCCGTGGGTGGAGCAGGAGGGGCCGGAGTATTGGGACCGGGAGACACAGAAGTACAAGCGCCAGGCACAGACTGACCGAGTGAGCCTGCGGAACCTGCGCGGCTACTACAACCAGAGCGAGGCCG,GGTCTCACACCCTCCAGAGGATGTATGGCTGCGACCTGGGGCCCGACGGGCGCCTCCTCCGCGGGTATAACCAGTTCGCCTACGACGGCAAGGATTACATCGCCCTGAATGAGGACCTGCGCTCCTGGACCGCCGCGGACAAGGCGGCTCAGATCACCCAGCGCAAGTGGGAGGCGGCCCGTGAGGCGGAGCAGCTGAGAGCCTACCTGGAGGGCACGTGCGTGGAGTGGCTCCGCAGATACCTGGAGAACGGGAAGAAGACGCTGCAGCGCGCGG
C*08:04:02,GCTCCCACTCCATGAGGTATTTCTACACCGCCGTGTCCCGGCCCGGCCGCGGAGAGCCCCGCTTCATCGCAGTGGGCTACGTGGACGACACGCAGTTCGTGCAGTTCGACAGCGACGCCGCGAGTCCAAGAGGGGAGCCGCGGGCGCCGTGGGTGGAGCAGGAGGGGCCGGAGTATTGGGACCGGGAGACACAGAAGTACAAGCGCCAGGCACAGACTGACCGAGTGAGCCTGCGGAACCTGCGCGGCTACTACAACCAGAGCGAGGCCG,GGTCTCACACCCTCCAGAGGATGTATGGCTGCGACCTGGGGCCCGACGGGCGCCTCCTCCGCGGGTATAACCAGTTCGCCTACGACGGCAAGGATTACATCGCCCTGAATGAGGACCTGCGCTCCTGGACCGCCGCGGACAAGGCGGCTCAGATCACCCAGCGCAAGTGGGAGGCGGCCCGTGAGGCGGAGCAACTGAGAGCCTACCTGGAGGGCACGTGCGTGGAGTGGCTCCGCAGATACCTGGAGAACGGGAAGAAGACGCTGCAGCGCGCGG
C*08:04:03,GCTCCCACTCCATGAGGTATTTCTACACCGCCGTGTCCCGGCCCGGCCGCGGAGAGCCCCGCTTCATCGCAGTGGGCTACGTGGACGACACGCAGTTCGTGCAGTTCGACAGCGACGCCGCGAGTCCAAGAGGGGAGCCGCGGGCGCCGTGGGTGGAGCAGGAGGGGCCGGAGTATTGGGACCGGGAGACACAGAAGTACAAGCGCCAGGCACAGACTGACCGAGTGAGCCTGCGGAACCTGCGCGGCTACTACAACCAGAGCGAGGCCG,GGTCTCACACCCTCCAGAGGATGTATGGCTGCGACCTGGGGCCCGACGGGCGCCTCCTCCGCGGGTATAACCAGTTCGCCTACGACGGCAAGGATTACATCGCCCTGAATGAGGACCTGCGCTCCTGGACCGCCGCGGACAAGGCGGCTCAGATCACCCAGCGCAAGTGGGAGGCGGCCCGTGAGGCGGAGCAGCTGAGAGCCTACCTGGAGGGCACGTGCGTGGAGTGGCTCCGCAGATACCTGGAGAACGGGAAGAAGACGCTGCAGCGCGCTG
C*08:05,GCTCCCACTCCATGAGGTATTTCTACACCGCCGTGTCCCGGCCCGGCCGCGGAGAGCCCCGCTTCATCGCAGTGGGCTACGTGGACGACACGCAGTTCGTGCAGTTCGACAGCGACGCCGCGAGTCCAAGAGGGGAGCCGCGGGCGCCGTGGGTGGAGCAGGAGGGGCCGGAGTATTGGGACCGGGAGACACAGAAGTACAAGCGCCAGGCACAGGCTGACCGAGTGAGCCTGCGGAACCTGCGCGGCTACTACAACCAGAGCGAGGCCG,GGTCTCACACCCTCCAGAGGATGTATGGCTGCGACCTGGGGCCCGACGGGCGCCTCCTCCGCGGGTATAACCAGTTCGCCTACGACGGCAAGGATTACATCGCCCTGAATGAGGACCTGCGCTCCTGGACCGCCGCGGACAAGGCGGCTCAGATCACCCAGCGCAAGTGGGAGGCGGCCCGTGAGGCGGAGCAGCGGAGAGCCTACCTGGAGGGCACGTGCGTGGAGTGGCTCCGCAGATACCTGGAGAACGGGAAGAAGACGCTGCAGCGCGCGG
C*08:06,GCTCCCACTCCATGAGGTATTTCTACACCGCCGTGTCCCGGCCCGGCCGCGGAGAGCCCCGCTTCATCGCAGTGGGCTACGTGGACGACACGCAGTTCGTGCAGTTCGACAGCGACGCCGCGAGTCCAAGAGGGGAGCCGCGGGCGCCGTGGGTGGAGCAGGAGGGGCCGGAGTATTGGGACCGGGAGACACAGAAGTACAAGCGCCAGGCACAGACTGACCGAGTGAGCCTGCGGAACCTGCGCGGCTACTACAACCAGAGCGAGGCCG,GGTCTCACACCCTCCAGAGGATGTATGGCTGCGACCTGGGGCCCGACGGGCGCCTCCTCCGCGGGTATAACCAGTTCGCCTACGACGGCAAGGATTACATCGCCCTGAATGAGGACCTGCGCTCCTGGACCGCCGCGGACACGGCGGCTCAGATCACCCAGCGCAAGTGGGAGGCGGCCCGTACGGCGGAGCAGCTGAGAGCCTACCTGGAGGGCGCGTGCGTGGAGTGGCTCCGCAGATACCTGGAGAACAGGAAGAAGACGCTGCAGCGCGCGG
C*08:07,GCTCCCACTCCATGAGGTATTTCTACACCGCCGTGTCCCGGCCCGGCCGCGGAGAGCCCCGCTTCATCGCAGTGGGCTACGTGGACGACACGCAGTTCGTGCAGTTCGACAGCGACGCCGCGAGTCCAAGAGGGGAGCCGCGGGCGCCGTGGGTGGAGCAGGAGGGGCCGGAGTATTGGGACCGGGAGACACAGAAGTACAAGCGCCAGGCACAGACTGACCGAGTGAGCCTGCGGAACCTGCGCGGCTACTACAACCAGAGCGAGGCCG,GGTCTCACACCCTCCAGAGGATGTATGGCTGCGACCTGGGGCCCGACGGGCGCCTCCTCCGCGGGTATAACCAGTTCGCCTACGACGGCAAGGATTACATCGCCCTGAATGAGGACCTGCGCTCCTGGACCGCCGCGGACAAGGCGGCTCAGATCACCCAGCGCAAGTTGGAGGCGGCCCGTGAGGCGGAGCAGCGGAGAGCCTACCTGGAGGGCACGTGCGTGGAGTGGCTCCGCAGATACCTGGAGAACGGGAAGAAGACGCTGCAGCGCGCGG
C*08:08,GCTCCCACTCCATGAGGTATTTCTACACCGCCGTGTCCCGGCCCGGCCGCGGAGAGCCCCGCTTCATCGCAGTGGGCTACGTGGACGACACGCAGTTCGTGCAGTTCGACAGCGACGCCGCGAGTCCAAGAGGGGAGCCGCGGGCGCCGTGGGTGGAGCAGGAGGGGCCGGAGTATTGGGACCGGGAGACACAGAAGTACAAGCGCCAGGCACAGACTGACCGAGTGAGCCTGCGGAACCTGCGCGGCTACTACAACCAGAGCGAGGCCG,GGTCTCACACCCTCCAGAGCATGTATGGCTGCGACCTGGGGCCCGACGGGCGCCTCCTCCGCGGGTATAACCAGTTCGCCTACGACGGCAAGGATTACATCGCCCTGAATGAGGACCTGCGCTCCTGGACCGCCGCGGACACGGCGGCTCAGATCACCCAGCGCAAGTGGGAGGCGGCCCGTACGGCGGAGCAGCTGAGAGCCTACCTGGAGGGCACGTGCGTGGAGTGGCTCCGCAGATACCTGGAGAACGGGAAGAAGACGCTGCAGCGCGCGG
C*08:09,GCTCCCACTCCATGAGGTATTTCTACACCGCCGTGTCCCGGCCCGGCCGCGGAGAGCCCCGCTTCATCGCAGTGGGCTACGTGGACGACACGCAGTTCGTGCAGTTCGACAGCGACGCCGCGAGTCCAAGAGGGGAGCCGCGGGCGCCGTGGGTGGAGCAGGAGGGGCCGGAGTATTGGGACCGGGAGACACAGAAGTACAAGCGCCAGGCACAGACTGACCGAGTGAGCCTGCGGAACCTGCGCGGCTACTACAACCAGAGCGAGGCCG,GGTCTCACACCCTCCAGAGGATGTATGGCTGCGACCTGGGGCCCGACGGGCGCCTCCTCCGCGGGTATGACCAGTCCGCCTACGACGGCAAGGATTACATCGCCCTGAATGAGGACCTGCGCTCCTGGACCGCCGCGGACACGGCGGCTCAGATCACCCAGCGCAAGTGGGAGGCGGCCCGTACGGCGGAGCAGCTGAGAGCCTACCTGGAGGGCACGTGCGTGGAGTGGCTCCGCAGATACCTGGAGAACGGGGAGAAGACGCTGCAGCGCGCGG
C*08:10,GCTCCCACTCCATGAGGTATTTCTACACCGCCGTGTCCCGGCCCGGCCGCGGAGAGCCCCGCTTCATCGCAGTGGGCTACGTGGACGACACGCAGTTCGTGCAGTTCGACAGCGACGCCGCGAGTCCAAGAGGGGAGCCGCGGGCGCCGTGGGTGGAGCAGGAGGGGCCGGAGTATTGGGACCGGGAGACACAGAAGTACAAGCGCCAGGCACAGACTGACCGAGTGAACCTGCGGAAACTGCGCGGCTACTACAACCAGAGCGAGGCCG,GGTCTCACACCCTCCAGAGGATGTATGGCTGCGACCTGGGGCCCGACGGGCGCCTCCTCCGCGGGTATAACCAGTTCGCCTACGACGGCAAGGATTACATCGCCCTGAATGAGGACCTGCGCTCCTGGACCGCCGCGGACACGGCGGCTCAGATCACCCAGCGCAAGTGGGAGGCGGCCCGTACGGCGGAGCAGCTGAGAGCCTACCTGGAGGGCACGTGCGTGGAGTGGCTCCGCAGATACCTGGAGAACGGGAAGAAGACGCTGCAGCGCGCGG
C*08:11,GCTCCCACTCCATGAGGTATTTCTACACCGCCGTGTCCCGGCCCGGCCGCGGAGAGCCCCGCTTCATCGCAGTGGGCTACGTGGACGACACGCAGTTCGTGCAGTTCGACAGCGACGCCGCGAGTCCAAGAGGGGAGCCGCGGGCGCCGTGGGTGGAGCAGGAGGGGCCGGAGTATTGGGACCGGGAGACACAGAAGTACAAGCGCCAGGCACAGACTGACCGAGTGAGCCTGCGGAACCTGCGCGGCTACTACAACCAGAGCGAGGCCG,GGTCTCACACCCTCCAGAGGATGTATGGCTGCGACCTGGGGCCCGACGGGCGCCTCCTCCGCGGGTATGACCAGTCCGCCTACGACGGCAAGGATTACATCGCCCTGAATGAGGACCTGCGCTCCTGGACCGCCGCGGACACGGCGGCTCAGATCACCCAGCGCAAGTGGGAGGCGGCCCGTACGGCGGAGCAGCTGAGAGCCTACCTGGAGGGCACGTGCGTGGAGTGGCTCCGCAGATACCTGGAGAACGGGAAGAAGACGCTGCAGCGCGCGG
C*08:12,GCTCCCACTCCATGAGGTATTTCTACACCGCCGTGTCCCGGCCCGGCCGCGGAGAGCCCCGCTTCATCGCAGTGGGCTACGTGGACGACACGCAGTTCGTGCAGTTCGACAGCGACGCCGCGAGTCCAAGAGGGGAGCCGCGGGCGCCGTGGGTGGAGCAGGAGGGGCCGGAGTATTGGGACCGGGAGACACAGAAGTACAAGCGCCAGGCACAGACTGACCGAGTGAGCCTGCGGAACCTGCGCGGCTACTACAACCAGAGCGAGGCCG,GGTCTCACACCCTCCAGTGGATGTATGGCTGCGACCTGGGGCCCGACGGGCGCCTCCTCCGCGGGTATAACCAGTTCGCCTACGACGGCAAGGATTACATCGCCCTGAATGAGGACCTGCGCTCCTGGACCGCCGCGGACAAGGCGGCTCAGATCACCCAGCGCAAGTGGGAGGCGGCCCGTGAGGCGGAGCAGCGGAGAGCCTACCTGGAGGGCACGTGCGTGGAGTGGCTCCGCAGATACCTGGAGAACGGGAAGAAGACGCTGCAGCGCGCGG
C*08:13,GCTCCCACTCCATGAGGTATTTCTACACCGCCGTGTCCCGGCCCGGCCGCGGAGAGCCCCGCTTCATCGCAGTGGGCTACGTGGACGACACGCAGTTCGTGCGGTTCGACAGCGACGCCGCGAGTCCAAGAGGGGAGCCGCGGGCGCCGTGGGTGGAGCAGGAGGGGCCGGAGTATTGGGACCGGGAGACACAGAAGTACAAGCGCCAGGCACAGACTGACCGAGTGAGCCTGCGGAACCTGCGCGGCTACTACAACCAGAGCGAGGCCG,GGTCTCACACCCTCCAGAGGATGTATGGCTGCGACCTGGGGCCCGACGGGCGCCTCCTCCGCGGGTATAACCAGTTCGCCTACGACGGCAAGGATTACATCGCCCTGAATGAGGACCTGCGCTCCTGGACCGCCGCGGACAAGGCGGCTCAGATCACCCAGCGCAAGTGGGAGGCGGCCCGTGAGGCGGAGCAGCTGAGAGCCTACCTGGAGGGCACGTGCGTGGAGTGGCTCCGCAGATACCTGGAGAACGGGAAGAAGACGCTGCAGCGCGCGG
C*08:14,GCTCCCACTCCATGAGGTATTTCTACACCGCCGTGTCCCGGCCCGGCCGCGGAGAGCCCCGCTTCATCTCAGTGGGCTACGTGGACGACACGCAGTTCGTGCAGTTCGACAGCGACGCCGCGAGTCCAAGAGGGGAGCCGCGGGCGCCGTGGGTGGAGCAGGAGGGGCCGGAGTATTGGGACCGGGAGACACAGAAGTACAAGCGCCAGGCACAGACTGACCGAGTGAGCCTGCGGAACCTGCGCGGCTACTACAACCAGAGCGAGGCCG,GGTCTCACACCCTCCAGAGGATGTATGGCTGCGACCTGGGGCCCGACGGGCGCCTCCTCCGCGGGTATAACCAGTTCGCCTACGACGGCAAGGATTACATCGCCCTGAATGAGGACCTGCGCTCCTGGACCGCCGCGGACACGGCGGCTCAGATCACCCAGCGCAAGTGGGAGGCGGCCCGTACGGCGGAGCAGCTGAGAGCCTACCTGGAGGGCACGTGCGTGGAGTGGCTCCGCAGATACCTGGAGAACAGGAAGAAGACGCTGCAGCGCGCGG
C*08:15:01,GCTCCCACTCCATGAGGTATTTCTACACCGCCGTGTCCCGGCCCGGCCGCGGAGAGCCCCGCTTCATCGCAGTGGGCTACGTGGACGACACGCAGTTCGTGCAGTTCGACAGCGACGCCGCGAGTCCAAGAGGGGAGCCGCGGGCGCCGTGGGTGGAGCAGGAGGGGCCGGAGTATTGGGACCGGGAGACACAGAAGTACAAGCGCCAGGCACAGACTGACCGAGTGAGCCTGCGGAACCTGCGCGGCTACTACAACCAGAGCGAGGCCG,GGTCTCACACCCTCCAGAGGATGTATGGCTGCGACCTGGGGCCCGACGGGCGCCTCCTCCGCGGGTATAACCAGTTCGCCTACGACGGCAAGGATTACATCGCCCTGAATGAGGACCTGCGCTCCTGGACCGCCGCGGACAAGGCGGCTCAGATCACCCAGCGCAAGTGGGAGGCGGCCCGTGAGGCGGAGCAGCGGAGAGCCTACCTGGAGGGCACGTGCGTGGAGTGGCTCCGCAGATACCTGGAGAACGGGAAGGAGACGCTGCAGCGCGCGG
C*08:15:02,GCTCCCACTCCATGAGGTATTTCTACACCGCCGTGTCCCGGCCCGGCCGCGGAGAGCCCCGCTTCATCGCAGTGGGCTACGTGGACGACACGCAGTTCGTGCAGTTCGACAGCGACGCCGCGAGTCCAAGAGGGGAGCCGCGGGCGCCGTGGGTGGAGCAGGAGGGGCCGGAGTATTGGGACCGGGAGACACAGAAGTACAAGCGCCAGGCACAGACTGACCGAGTGAGCCTGCGGAACCTGCGCGGCTACTACAACCAGAGCGAGGCCG,GGTCTCACACCCTCCAGAGGATGTATGGCTGCGACCTGGGGCCCGACGGGCGCCTCCTCCGCGGGTATAACCAGTTCGCCTACGACGGCAAGGATTACATCGCCCTGAATGAGGACCTGCGCTCCTGGACCGCCGCGGACAAGGCGGCTCAGATCACCCAGCGCAAGTGGGAGGCGGCCCGTGAGGCGGAGCAGCGGAGAGCCTACCTGGAGGGCACGTGCGTGGAGTGGCTCCGCAGATACCTGGAGAACGGGAAGGAGACGCTGCAGCGCGCAG
C*08:16:01,GCTCCCACTCCATGAGGTATTTCTACACCGCCGTGTCCCGGCCCGGCCGCGGAGAGCCCCGCTTCATCGCAGTGGGCTACGTGGACGACACGCAGTTCGTGCGGTTCGACAGCGACGCCGCGAGTCCAAGAGGGGAGCCGCGGGCGCCGTGGGTGGAGCAGGAGGGGCCGGAGTATTGGGACCGGGAGACACAGAAGTACAAGCGCCAGGCACAGACTGACCGAGTGAGCCTGCGGAACCTGCGCGGCTACTACAACCAGAGCGAGGCCG,GGTCTCACACCCTCCAGAGGATGTATGGCTGCGACCTGGGGCCCGACGGGCGCCTCCTCCGCGGGTATAACCAGTTCGCCTACGACGGCAAGGATTACATCGCCCTGAATGAGGACCTGCGCTCCTGGACCGCCGCGGACACGGCGGCTCAGATCACCCAGCGCAAGTGGGAGGCGGCCCGTACGGCGGAGCAGCTGAGAGCCTACCTGGAGGGCACGTGCGTGGAGTGGCTCCGCAGATACCTGGAGAACGGGAAGAAGACGCTGCAGCGCGCGG
C*08:16:02,GCTCCCACTCCATGAGGTATTTCTACACCGCCGTGTCCCGGCCCGGCCGCGGAGAGCCCCGCTTCATCGCAGTGGGCTACGTGGACGACACCCAGTTCGTGAGGTTCGACAGCGACGCCGCGAGTCCAAGAGGGGAGCCGCGGGCGCCGTGGGTGGAGCAGGAGGGGCCGGAGTATTGGGACCGGGAGACACAGAAGTACAAGCGCCAGGCACAGACTGACCGAGTGAGCCTGCGGAACCTGCGCGGCTACTACAACCAGAGCGAGGCCG,GGTCTCACACCCTCCAGAGGATGTATGGCTGCGACCTGGGGCCCGACGGGCGCCTCCTCCGCGGGTATAACCAGTTCGCCTACGACGGCAAGGATTACATCGCCCTGAATGAGGACCTGCGCTCCTGGACCGCCGCGGACACGGCGGCTCAGATCACCCAGCGCAAGTGGGAGGCGGCCCGTACGGCGGAGCAGCTGAGAGCCTACCTGGAGGGCACGTGCGTGGAGTGGCTCCGCAGATACCTGGAGAACGGGAAGAAGACGCTGCAGCGCGCGG
C*08:17,GCTCCCACTCCATGAGGTATTTCTACACCGCCGTGTCCCGGCCCGGCCGCGGAGAGCCCCGCTTCATCGCAGTGGGCTACGTGGACGACACGCAGTTCGTGCAGTTCGACAGCGACGCCGCGAGTCCAAGAGGGGAGCCGCGGGCGCCGTGGGTGGAGCAGGAGGGGCCGGAGTATTGGGACCGGGAGACACAGAAGTACAAGTGCCAGGCACAGACTGACCGAGTGAGCCTGCGGAACCTGCGCGGCTACTACAACCAGAGCGAGGCCG,GGTCTCACACCCTCCAGAGGATGTATGGCTGCGACCTGGGGCCCGACGGGCGCCTCCTCCGCGGGTATAACCAGTTCGCCTACGACGGCAAGGATTACATCGCCCTGAATGAGGACCTGCGCTCCTGGACCGCCGCGGACAAGGCGGCTCAGATCACCCAGCGCAAGTGGGAGGCGGCCCGTGAGGCGGAGCAGCGGAGAGCCTACCTGGAGGGCACGTGCGTGGAGTGGCTCCGCAGATACCTGGAGAACGGGAAGAAGACGCTGCAGCGCGCGG
C*08:18,GCTCCCACTCCATGAGGTATTTCTACACCGCCGTGTCCCGGCCCGGCCGCGGAGAGCCCCGCTTCATCGCAGTGGGCTACGTGGACGACACGCAGTTCGCGCAGTTCGACAGCGACGCCGCGAGTCCAAGAGGGGAGCCGCGGGCGCCGTGGGTGGAGCAGGAGGGGCCGGAGTATTGGGACCGGGAGACACAGAAGTACAAGCGCCAGGCACAGACTGACCGAGTGAGCCTGCGGAACCTGCGCGGCTACTACAACCAGAGCGAGGCCG,GGTCTCACACCCTCCAGAGGATGTATGGCTGCGACCTGGGGCCCGACGGGCGCCTCCTCCGCGGGTATAACCAGTTCGCCTACGACGGCAAGGATTACATCGCCCTGAATGAGGACCTGCGCTCCTGGACCGCCGCGGACAAGGCGGCTCAGATCACCCAGCGCAAGTGGGAGGCGGCCCGTGAGGCGGAGCAGCGGAGAGCCTACCTGGAGGGCACGTGCGTGGAGTGGCTCCGCAGATACCTGGAGAACGGGAAGAAGACGCTGCAGCGCGCGG
C*08:19,GCTCCCACTCCATGAGGTATTTCTACACCGCCGTGTCCCGGCCCGGCCGCGGAGAGCCCCGCTTCATCGCAGTGGGCTACGTGGACGACACGCAGTTCGTGCAGTTCGACAGCGACGCCGCGAGTCCAAGAGGGGAGCCGCGGGCGCCGTGGGTGGAGCAGGAGGGGCCGGAGTATTGGGACCGGGAGACACAGAAGTACAAGCGCCAGGCACAGACTGACCGAGTGAGCCTGCGGAACCTGCGCGGCTACTACAACCAGAGCGAGGCCG,GGTCTCACACCCTCCAGAGGATGTTTGGCTGCGACCTGGGGCCGGACGGGCGCCTCCTCCGCGGGTATAACCAGTTCGCCTACGACGGCAAGGATTACATCGCCCTGAATGAGGACCTGCGCTCCTGGACCGCCGCGGACAAGGCGGCTCAGATCACCCAGCGCAAGTGGGAGGCGGCCCGTGAGGCGGAGCAGCGGAGAGCCTACCTGGAGGGCACGTGCGTGGAGTGGCTCCGCAGATACCTGGAGAACGGGAAGAAGACGCTGCAGCGCGCGG
C*08:21,GCTCCCACTCCATGAGGTATTTCTACACCGCCGTGTCCCGGCCCGGCCGCGGAGAGCCCCGCTTCATCGCAGTGGGCTACGTGGACGACACGCAGTTCGTGCAGTTCGACAGCGACGCCGCGAGTCCAAGAGGGGAGCCGCGGGCGCCGTGGGTGGAGCAGGAGGGGCCGGAGTATTGGGACCGGGAGACACAGAAGTACAAGCGCCAGGCACAGGCTGACCGAGTGAGCCTGCGGAACCTGCGCGGCTACTACAACCAGAGCGAGGCCG,GGTCTCACACCCTCCAGAGGATGTATGGCTGCGACCTGGGGCCCGACGGGCGCCTCCTCCGCGGGTATAACCAGTTCGCCTACGACGGCAAGGATTACATCGCCCTGAATGAGGACCTGCGCTCCTGGACCGCCGCGGACACGGCGGCTCAGATCACCCAGCGCAAGTGGGAGGCGGCCCGTACGGCGGAGCAGCTGAGAGCCTACCTGGAGGGCACGTGCGTGGAGTGGCTCCGCAGATACCTGGAGAACGGGAAGAAGACGCTGCAGCGCGCGG
C*08:23,GCTCCCACTCCATGAGGTATTTCTACACCGCCGTGTCCCGGCCCGGCCGCGGAGAGCCCCGCTTCATCGCAGTGGGCTACGTGGACGACACGCAGTTCGTGCAGTTCGACAGCGACGCCGCGAGTCCAAGAGGGGAGCCGCGGGCGCCGTGGGTGGAGCAGGAGGGGCCGGAGTATTGGGACCGGGAGACACAGAAGTACAAGCGCCAGGCACAGACTGACCGAGTGAGCCTGCGGAACCTGCGCGGCTACTACAACCAGAGCGAGGCCG,GGTCTCACACCCTCCAGAGGATGTATGGCTGCGACCTGGGGCCCGACGGGCGCCTCCTCCGCGGGTATAACCAGTTCGCCTACGACGGCAAGGATTACATCGCCCTGAATGAGGACCTGCGCTCCTGGACCGCCGCGGACAAGGCGGCTCAGATCACCCAGCGCAAGTGGGAGGCGGCCCGTGAGGCGGAGCAGCGGAGAGCCTACCTGGAGGGCACGTGCGTGGAGTGGCTCCGCAGATACCTGGAGAACGGGAGGAAGACGCTGCAGCGCGCGG
C*08:25,GCTCCCACTCCATGAGGTATTTCTACACCGCCGTGTCCCGGCCCGGCCGCGGAGAGCCCCGCTTCATCGCAGTGGGCTACGTGGACGACACGCAGTTCGTGCGGTTCGACAGCGACGCCGCGAGTCCAAGAGGGGAGCCGCGGGCGCCGTGGGTGGAGCAGGAGGGGCCGGAGTATTGGGACCGGGAGACACAGAAGTACAAGCGCCAGGCACAGGCTGACCGAGTGAGCCTGCGGAACCTGCGCGGCTACTACAACCAGAGCGAGGCCG,GGTCTCACACCCTCCAGAGGATGTATGGCTGCGACCTGGGGCCCGACGGGCGCCTCCTCCGCGGGTATAACCAGTTCGCCTACGACGGCAAGGATTACATCGCCCTGAATGAGGACCTGCGCTCCTGGACCGCCGCGGACAAGGCGGCTCAGATCACCCAGCGCAAGTGGGAGGCGGCCCGTGAGGCGGAGCAGCGGAGAGCCTACCTGGAGGGCACGTGCGTGGAGTGGCTCCGCAGATACCTGGAGAACGGGAAGAAGACGCTGCAGCGCGCGG
C*08:26N,GCTCCCACTCCATGAGGTATTTCTACACCGCCGTGTCCCGGCCCGGCCGCGGAGAGCCCCGCTTCATCGCAGTGGGCTACGTGGACGACACGCAGTTCGTGCAGTTCGACAGCGACGCCGCGAGTCCAAGAGGGGAGCCGCGGGCGCCGTGGGTGGAGCAGGAGGGGCCGGAGTATTGGGACCGGGAGACACAGAAGTACAAGCGCCAGGCACAGACTGACCGAGTGAGCCTGCGGAACCTGCGCGGCTACTACAACCAGAGCGAGGCCG,GGTCTCACACCCTCCAGAGGATGTATGGCTGCGACCTGGGGCCCGACGGGCGCCTCCTCCGCGGGTATAACCAGTTCGCCTACGACGGCAAGGATTAGATCGCCCTGAATGAGGACCTGCGCTCCTGGACCGCCGCGGACACGGCGGCTCAGATCACCCAGCGCAAGTGGGAGGCGGCCCGTACGGCGGAGCAGCTGAGAGCCTACCTGGAGGGCACGTGCGTGGAGTGGCTCCGCAGATACCTGGAGAACGGGAAGAAGACGCTGCAGCGCGCGG
C*08:27,GCTCCCACTCCATGAGGTATTTCTACACCGCCGTGTCCCGGCCCGGCCGCGGAGAGCCCCGCTTCATCGCAGTGGGCTACGTGGACGACACGCAGTTCGTGCAGTTCGACAGCGACGCCGCGAGTCCAAGAGGGGAGCCGCGGGCGCCGTGGGTGGAGCAGGAGGGGCCGGAGTATTGGGACCGGGAGACACAGAAGTACAAGCGCCAGGCACAGACTGACCGAGTGAGCCTGCGGAACCTGCGCGGCTACTACAACCAGAGCGAGGCCG,GGTCTCACACCCTCCAGAGGATGTATGGCTGCGACCTGGGGCCCGACGGGCGCCTCCTCCGCGGGTATAACCAGTTCGCCTACGACGGCAAGGATTACATCGCCCTGAATGAGGACCTGCGCTCCTGGACCGCCGCGGACACGGCGGCTCAGATCACCCAGCGCAAGTGGGAGGCGGCCCGTGAGGCGGAGCAGTGGAGAGCCTACCTGGAGGGCACGTGCGTGGAGTGGCTCCGCAGATACCTGGAGAACGGGAAGAAGACGCTGCAGCGCGCGG
C*08:28,GCTCCCACTCCATGAGGTATTTCTACACCGCCGTGTCCCGGCCCGGCCGCGGAGAGCCCCGCTTCATCGCAGTGGGCTACGTGGACGACACGCAGTTCGTGCAGTTCGACAGCGACGCCGCGAGTCCAAGAGGGGAGCCGCGGGCGCCGTGGGTGGAGCAGGAGGGGCCGGAGTATTGGGACCGGGAGACACAGAAGTACAAGCGCCAGGCACAGACTGACCGAGTGAGCCTGCGGAACCTGCGCGGCTACTACAACCAGAGCGAGGACG,GGTCTCACACCCTCCAGAGGATGTATGGCTGCGACCTGGGGCCCGACGGGCGCCTCCTCCGCGGGTATAACCAGTTCGCCTACGACGGCAAGGATTACATCGCCCTGAATGAGGACCTGCGCTCCTGGACCGCCGCGGACAAGGCGGCTCAGATCACCCAGCGCAAGTGGGAGGCGGCCCGTGAGGCGGAGCAGCGGAGAGCCTACCTGGAGGGCACGTGCGTGGAGTGGCTCCGCAGATACCTGGAGAACGGGAAGAAGACGCTGCAGCGCGCGG
C*08:29,GCTCCCACTCCATGAGGTATTTCTACACCGCCGTGTCCCGGCCCGGCCGCGGAGAGCCCCGCTTCATCGCAGTGGGCTACGTGGACGACACGCAGTTCGTGCAGTTCGACAGCGACGCCGCGAGTCCAAGAGGGGAGCCGCGGGCGCCGTGGGTGGAGCAGGAGGGGCCGGAGTATTGGGACCGGGAGACACAGAAGTACAAGCGCCAGGCACAGACTGACCGAGTGAGCCTGCGGAACCTGCGCGGCTACTACAACCAGAGCGAGGCCG,GGTCTCACACCCTCCAGAGGATGTATGGCTGCGACCTGGGGCCCGACGGGCGCCTCCTCCGCGGGTATAACCAGTTCGCCTACGACGGCAAGGATTACATCGCCCTGAATGAGGACCTGCGCTCCTGGACCGCCGCGGACAAGGCGGCTCAGATCACCCAGCGCAAGTGGGAGGCGGCCCGTGAGGCGGAGCAGTGGAGAGCCTACCTGGAGGGCACGTGCGTGGAGTGGCTCCGCAGATACCTGGAGAACGGGAAGAAGACGCTGCAGCGCGCGG
C*08:30,GCTCCCACTCCATGAGGTATTTCTACACCGCCGTGTCCCGGCCCGGCCGCGGAGAGCCCCGCTTCATCGCAGTGGGCTACGTGGACGACACGCAGTTCGTGCAGTTCGACAGCGACGCCGCGAGTCCAAGAGGGGAGCCGCGGGCGCCGTGGGTGGAGCAGGAGGGGCCGGAGTATTGGGACCGGGAGACACAGAAGTACAAGCGCCAGGCACAGACTGACCGAGTGAGCCTGCGGAACCTGCGCGGCTACTACAACCAGAGCGAGGCCG,GGTCTCACACCCTCCAGAGGATGTATGGCTGCGACCTGGGGCCCGACGGGCGCCTCCTCCGCGGGTATAACCAGTTCGCCTACGACGGCAAGGATTACATCGCCCTGAATGAGGACCTGCGCTCCTGGACCGCCGCGGACAAGGCGGCTCAGATCACCCAGCGCAAGTGGGAGGCGCCCCGTGAGGCGGAGCAGCGGAGAGCCTACCTGGAGGGCACGTGCGTGGAGTGGCTCCGCAGATACCTGGAGAACGGGAAGAAGACGCTGCAGCGCGCGG
C*08:31,GCTCCCACTCCATGAGGTATTTCTACACCGCCGTGTCCCGGCCCGGCCGCGGAGAGCCCCGCTTCATCGCAGTGGGCTACGTGGACGACACGCAGTTCGTGCAGTTCGACAGCGACGCCGCGAGTCCAAGAGGGGAGCCGCGGGCGCCGTGGGTGGAGCAGGAGGGGCCGGAGTATTGGGACCGGGAGACACAGAAGTACAAGCGCCAGGCACAGACTGACCGAGTGAGCCTGCGGAACCTGCGCGGCTACTACAACCAGAGCGAGGCCG,GGTCTCACACCCTCCAGAGGATGTATGGCTGCGACCTGGGGCCCGACGGGCGCCTCCTCCGCGGGTATAACCAGTTCGCCTACGACGGCAAGGATTACATCGCCCTGAATGAGGACCTGCGCTCCTGGACCGCCGCGGACAAGGCGGCTCAGATCACCCAGCGCAAGTGGGAGGCGGCCCGTGAGGCGGAGCAGTGGAGAGCCTACCTGGAGGGCGAGTGCGTGGAGTGGCTCCGCAGATACCTGGAGAACGGGAAGAAGACGCTGCAGCGCGCGG
C*08:32,GCTCCCACTCCATGAGGTATTTCTACACCGCCGTGTCCCGGCCCGGCCGCGGAGAGCCCCGCTTCATCGCAGTGGGCTACGTGGACGACACGCAGTTCGTGCAGTTCGACAGCGACGCCGCGAGTCCAAGAGGGGAGCCGCGGGCGCCGTGGGTGGAGCAGGAGGGGCCGGAGTATTGGGACCGGGAGACACAGAAGTACAAGCGCCAGGCACAGACTGACCGAGTGAGCCTGCGGAACCTGCGCGGCTACTACAACCAGAGCGAGGCCG,GGTCTCACACCCTCCAGAGGATGTATGGCTGCGACCTGGGGCCCGACTGGCGCCTCCTCCGCGGGTATAACCAGTTCGCCTACGACGGCAAGGATTACATCGCCCTGAATGAGGACCTGCGCTCCTGGACCGCCGCGGACAAGGCGGCTCAGATCACCCAGCGCAAGTGGGAGGCGGCCCGTGAGGCGGAGCAGCGGAGAGCCTACCTGGAGGGCACGTGCGTGGAGTGGCTCCGCAGATACCTGGAGAACGGGAAGAAGACGCTGCAGCGCGCGG
C*08:33:01,GCTCCCACTCCATGAGGTATTTCTACACCGCCGTGTCCCGGCCCGGCCGCGGAGAGCCCCGCTTCATCGCAGTGGGCTACGTGGACGACACGCAGTTCGTGCAGTTCGACAGCGACGCCGCGAGTCCAAGAGGGGAGCCGCGGGCGCCGTGGGTGGAGCAGGAGGGGCCGGAGTATTGGGACCGGGAGACACAGAAGTACAAGCGCCAGGCACAGACTGACCGAGTGAGCCTGCGGAACCTGCGCGGCTACTACAACCAGAGCGAGGCCG,GGTCTCACACCCTCCAGAGGATGTATGGCTGCGACCTGGGGCCCGACGGGCGCCTCCTCCGCGGGTATAACCAGTTCGCCTACGACGGCAAGGATTACATCGCCCTGAACGAGGACCTGCGCTCCTGGACCGCCGCGGACACCGCGGCTCAGATCACCCAGCGCAAGTGGGAGGCGGCCCGTGAGGCGGAGCAGCGGAGAGCCTACCTGGAGGGCACGTGCGTGGAGTGGCTCCGCAGATACCTGGAGAACGGGAAGAAGACGCTGCAGCGCGCGG
C*08:33:02,GCTCCCACTCCATGAGGTATTTCTACACCGCCGTGTCCCGGCCCGGCCGCGGAGAGCCCCGCTTCATCGCAGTGGGCTACGTGGACGACACGCAGTTCGTGCAGTTCGACAGCGACGCCGCGAGTCCAAGAGGGGAGCCGCGGGCGCCGTGGGTGGAGCAGGAGGGGCCGGAGTATTGGGACCGGGAGACACAGAAGTACAAGCGCCAGGCACAGACTGACCGAGTGAGCCTGCGGAACCTGCGCGGCTACTACAACCAGAGCGAGGCCG,GGTCTCACACCCTCCAGAGGATGTATGGCTGCGACCTGGGGCCCGACGGGCGCCTCCTCCGCGGGTATAACCAGTTCGCCTACGACGGCAAGGATTACATCGCCCTGAACGAGGATCTGCGCTCCTGGACCGCCGCGGACACGGCGGCTCAGATCACCCAGCGCAAGTGGGAGGCGGCCCGTGAGGCGGAGCAGCGGAGAGCCTACCTGGAGGGCACGTGCGTGGAGTGGCTCCGCAGATACCTGGAGAACGGGAAGAAGACGCTGCAGCGCGCGG
C*08:33:03,GCTCCCACTCCATGAGGTATTTCTACACCGCCGTGTCCCGGCCCGGCCGCGGAGAGCCCCGCTTCATCGCAGTGGGCTACGTGGACGACACGCAGTTCGTGCAGTTCGACAGCGACGCCGCGAGTCCAAGAGGGGAGCCGCGGGCGCCGTGGGTGGAGCAGGAGGGGCCGGAGTATTGGGACCGGGAGACACAGAAGTACAAGCGCCAGGCACAGACTGACCGAGTGAGCCTGCGGAACCTGCGCGGCTACTACAACCAGAGCGAGGCCG,GGTCTCACACCCTCCAGAGGATGTATGGCTGCGACCTGGGGCCCGACGGGCGCCTCCTCCGCGGGTATAACCAGTTCGCCTACGACGGCAAGGATTACATCGCCCTGAATGAGGACCTGCGCTCCTGGACCGCCGCGGACACGGCGGCTCAGATCACCCAGCGCAAGTGGGAGGCGGCCCGTGAGGCGGAGCAGCGGAGAGCCTACCTGGAGGGCACGTGCGTGGAGTGGCTCCGCAGATACCTGGAGAACGGGAAGAAGACGCTGCAGCGCGCGG
C*08:34,GCTCCCACTCCATGAGGTATTTCTACACCGCCGTGTCCCGGCCCGGCCGCGGAGAGCCCCGCTTCATCGCAGTGGGCTACGTGGACGACACGCAGTTCGTGCAGTTCGACAGCGACGCCGCGAGTCCAAGAGGGGAGCCGCGGGCGCCGTGGGTGGAGCAGGAGGGGCCGGAGTATTGGGACCGGGAGACACAGAAGTACAAGCGCCAGGCACAGACTGACCGAGTGAGCCTGCGGAACCTGCGCGGCTACTACAACCAGAGCGAGGCCG,GGTCTCAAACCCTCCAGAGGATGTATGGCTGCGACCTGGGGCCCGACGGGCGCCTCCTCCGCGGGTATAACCAGTTCGCCTACGACGGCAAGGATTACATCGCCCTGAATGAGGACCTGCGCTCCTGGACCGCCGCGGACAAGGCGGCTCAGATCACCCAGCGCAAGTGGGAGGCGGCCCGTGAGGCGGAGCAGCGGAGAGCCTACCTGGAGGGCACGTGCGTGGAGTGGCTCCGCAGATACCTGGAGAACGGGAAGAAGACGCTGCAGCGCGCGG
C*08:35,GCTCCCACTCCATGAGGTATTTCTACACCGCCGTGTCCCGGCCCGGCCGCGGAGAGCCCCGCTTCATCGCAGTGGGCTACGTGGACGACACGCAGTTCGTGCAGTTCGACAGCGACGCCGCGAGTCCAAGAGGGGAGCCGCGGGCGCCGTGGGTGGAGCAGGAGGGGCCGGAGTATTGGGACCGGGAGACACAGAAGTACAAGCGCCAGGCACAGACTGACCGAGTGAGCCTGCGGAACCTGCGCGGCTACTACAACCAGAGCGAGGCCG,GGTCTCACACCCTCCAGAGGATGTATGGCTGCGACCTGGGGCCCGACGGGCGCCTCCTCCGCGGGTATAACCAGTTCGCCTACGACGGCAAGGATTACATCGCCCTGAATGAGGACCTGCGCTCCTGGACCGCCGCGGACACGGCGGCTCAGATCACCCAGCGCAAGTGGGAGGCGGCCCGTGAGGCGGAGCAGCGGAGAGCCTACCTGGAGGGCACGTGCGTGGAGTGGCTCCGCAGATACCTGGAGAACAGGAAGAAGACGCTGCAGCGCGCGG
C*08:37,GCTCCCACTCCATGAGGTATTTCGACACCGCCGTGTCCCGGCCCGGCCGCGGAGAGCCCCGCTTCATCGCAGTGGGCTACGTGGACGACACGCAGTTCGTGCAGTTCGACAGCGACGCCGCGAGTCCAAGAGGGGAGCCGCGGGCGCCGTGGGTGGAGCAGGAGGGGCCGGAGTATTGGGACCGGGAGACACAGAAGTACAAGCGCCAGGCACAGACTGACCGAGTGAGCCTGCGGAACCTGCGCGGCTACTACAACCAGAGCGAGGCCG,GGTCTCACACCCTCCAGAGGATGTATGGCTGCGACCTGGGGCCCGACGGGCGCCTCCTCCGCGGGTATAACCAGTTCGCCTACGACGGCAAGGATTACATCGCCCTGAATGAGGACCTGCGCTCCTGGACCGCCGCGGACAAGGCGGCTCAGATCACCCAGCGCAAGTGGGAGGCGGCCCGTGAGGCGGAGCAGCGGAGAGCCTACCTGGAGGGCACGTGCGTGGAGTGGCTCCGCAGATACCTGGAGAACGGGAAGAAGACGCTGCAGCGCGCGG
C*08:38,GCTCCCACTCCATGAGGTATTTCTACACCGCCGTGTCCCGGCCCGGCCGCGGAGAGCCCCGCTTCATCGCAGTGGGCTACGTGGACGACACGCAGTTCGTGCAGTTCGACAGCGACGCCGCGAGTCCAAGAGGGGAGCCGCGGGCGCCGTGGGTGGAGCAGGAGGGGCCGGAGTATTGGGACCGGGAGACACAGAAGTACAAGCGCCAGGCACAGACTGACCGAGTGAGCCTGCGGAACCTGCGCGGCTACTACAACCAGAGCGAGGCCG,GGTCTCACACCCTCCAGAGGATGTCTGGCTGCGACCTGGGGCCCGACGGGCGCCTCCTCCGCGGGTATAACCAGTTCGCCTACGACGGCAAGGATTACATCGCCCTGAATGAGGACCTGCGCTCCTGGACCGCCGCGGACACGGCGGCTCAGATCACCCAGCGCAAGTGGGAGGCGGCCCGTACGGCGGAGCAGCTGAGAGCCTACCTGGAGGGCACGTGCGTGGAGTGGCTCCGCAGATACCTGGAGAACAGGAAGAAGACGCTGCAGCGCGCGG
C*08:39,GCTCCCACTCCATGAGGTATTTCTACACCGCCGTGTCCCGGCCCGGCCGCGGAGAGCCCCGCTTCATCGCAGTGGGCTACGTGGACGACACGCAGTTCGTGCAGTTCGACAGCGACGCCGCGAGTCCAAGAGGGGAGCCGCGGGCGCCGTGGGTGGAGCAGGAGGGGCCGGAGTATTGGGACCGGGAGACACAGAAGTACAAGCGCCAGGCACAGACTGACCGAGTGAGCCTGCGGAACCTGCGCGGCTACTACAACCAGAGCGAGGCCG,GGTCTCACACCCTCCAGAGGATGTATGGCTGCGACCTGGGGCCCGACGGGCGCCTCCTCCGCGGGTATAACCAGTTCGCCTACGACGGCAAGGATTACATCGCCCTGAATGAGGACCTGCGCTCCTGGACCGCCGCGGACACGGCGGCTCAGATCACCCAGCGCAAGTGGGAGGCGGCCCGTGTGGCGGAGCAGCTGAGAGCCTACCTGGAGGGCACGTGCGTGGAGTGGCTCCGCAGATACCTGGAGAACGGGAAGAAGACGCTGCAGCGCGCGG
C*08:41,GCTCCCACTCCATGAGGTATTTCTACACCGCCGTGTCCCGGCCCGGCCGCGGAGAGCCCCGCTTCATCGCAGTGGGCTACGTGGACGACACGCAGTTCGTGCAGTTCGACAGCGACGCCGCGAGTCCAAGAGGGGAGCCGCGGGCGCCGTGGGTGGAGCAGGAGGGGCCGGAGTATTGGGACCGGGAGACACAGAAGTACAAGCGCCAGGCACAGACTGACCGAGTGAGCCTGCGGAACCTGCGCGGCTACTACAACCAGAGCGAGGCCG,GGTCTCACACCCTCCAGAGGATGTATGGCTGCGACCTGGGGCCCGACGGGCGCCTCCTCCGCGGGTATAACCAGTTCGCCTACGACGGCAAGGATTACATCGCCCTGAATGAGGACCTGCGCTCCTGGACCGCCGCGGACACGGCGGCTCAGATCACCCAGCGCAAGTGGGAGGCGGCCCGTACGGCGGAGCAGCTGAGAGCCTACCTGGAGGGCCTGTGCGTGGAGTGGCTCCGCAGATACCTGGAGAACGGGAAGAAGACGCTGCAGCGCGCGG
C*08:42,GCTCCCACTCCATGAGGTATTTCTACACCGCCGTGTCCCGGCCCGGCCGCGGAGAGCCCCGCTTCATCGCAGTGGGCTACGTGGACGACACGCAGTTCGTGCAGTTCGACAGCGACGCCGCGAGTCCAAGAGGGGAGCCGCGGGCGCCGTGGGTGGAGCAGGAGGGGCCGGAGTATTGGGACCGGGAGACACAGAAGTACAAGCGCCAGGCACAGACTGACCGAGTGAGCCTGCGGAACCTGCGCGGCTACTACAACCAGAGCGAGGCCG,GGTCTCACACCCTCCAGAGGATGTATGGCTGCGACCTGGGGCCCGACGGGCGCCTCCTCCGCGGGTATAAGCAGTTCGCCTACGACGGCAAGGATTACATCGCCCTGAATGAGGACCTGCGCTCCTGGACCGCCGCGGACACGGCGGCTCATATCACCCAGCGCAAGTGGGAGGCGGCCCGTACGGCGGAGCAGCTGAGAGCCTACCTGGAGGGCACGTGCGTGGAGTGGCTCCGCAGATACCTGGAGAACGGGAAGAAGACGCTGCAGCGCGCGG
C*08:43,GCTCCCACTCCATGAGGTATTTCTACACCGCCGTGTCCCGGCCCGGCCGCGGAGAGCCCCGCTTCATCGCAGTGGGCTACGTGGACGACACGCAGTTCGTGCAGTTCGACAGCGACGCCGCGAGTCCAAGAGGGGAGCCGCGGGCGCCGTGGGTGGAGCAGGAGGGGCCGGAGTATTGGGACCGGGAGACACAGAAGTACAAGCGCCAGGCACAGACTGACCGAGTGAGCCTGCGGAACCTGCGCGGCTACTACAACCAGAGCGAGGCCG,GGTCTCACACCCTCCAGAGGATGTATGGCTGCGACCTGGGGCCCGACGGGCGCCTCCTCCGCGGGTATAACCAGTTCGCCTACGACGGCAAGGATTACATCGCCCTGAATGAGGACCTGCGCTCCTGGACCGCCGCGGACAAGGCGGCTCAGATCACCCAGCGCAAGTGGGAGGCGGCCCGTGAGGCGGAGCAGCGGAGAGCCTACCTGGAGGGCACGTGCGTGGAGTGGCTCCGCAGATGCCTGGAGAACGGGAAGAAGACGCTGCAGCGCGCGG
C*08:44,GCTCCCACTCCATGAGGTATTTCTACACCGCCGTGTCCCGGCCCGGCCGCGGAGAGCCCCGCTTCATCGCAGTGGGCTACGTGGACGACACGCAGTTCGTGCAGTTCGACAGCGACGCCGCGAGTCCAAGAGGGGAGCCGCGGGCGCCGTGGGTGGAGCAGGAGGGGCCGGAGTATTGGGACCGGGAGACACAGAAGTACAAGCGCCAGGCACAGACTGACCGAGTGAGCCTGCGGAACCTGCGCGGCTACTACAACCAGAGCGAGGCCG,GGTCTCACATCATCCAGAGGATGTATGGCTGCGACCTGGGGCCCGACGGGCGCCTCCTCCGCGGGTATAACCAGTTCGCCTACGACGGCAAGGATTACATCGCCCTGAATGAGGACCTGCGCTCCTGGACCGCCGCGGACACGGCGGCTCAGATCACCCAGCGCAAGTGGGAGGCGGCCCGTACGGCGGAGCAGCTGAGAGCCTACCTGGAGGGCACGTGCGTGGAGTGGCTCCGCAGATACCTGGAGAACGGGAAGAAGACGCTGCAGCGCGCGG
C*08:45,GCTCCCACTCCATGAGGTATTTCTACACCGCCGTGTCCCGGCCCGGCCGCGGAGAGCCCCGCTTCATCGCAGTGGGCTACGTGGACGACACGCAGTTCGTGCAGTTCGACAGCGACGCCGCGAGTCCAAGAGGGGAGCCGCGGGCGCCGTGGGTGGAGCAGGAGGGGCCGGAGTATTGGGACCGGGAGACACAGAAGTACAAGCGCCAGGCACAGACTGACCGAGTGAGCCTGCGGAACCTGCGCGGCTACTACAACCAGAGCGAGTCCG,GGTCTCACACCCTCCAGAGGATGTATGGCTGCGACCTGGGGCCCGACGGGCGCCTCCTCCGCGGGTATAACCAGTTCGCCTACGACGGCAAGGATTACATCGCCCTGAATGAGGACCTGCGCTCCTGGACCGCCGCGGACAAGGCGGCTCAGATCACCCAGCGCAAGTGGGAGGCGGCCCGTGAGGCGGAGCAGCGGAGAGCCTACCTGGAGGGCACGTGCGTGGAGTGGCTCCGCAGATACCTGGAGAACGGGAAGAAGACGCTGCAGCGCGCGG
C*08:46,GCTCCCACTCCATGAGGTATTTCTACACCGCCGTGTCCCGGCCCGGCCGCGGAGAGCCCCGCTTCATCGCAGTGGGCTACGTGGACGACACGCAGTTCGTGCAGTTCGACAGCGACGCCGCGAGTCCAAGAGGGGAGCCGCGGGCGCCGTGGGTGGAGCAGGAGGGGCCGGAGTATTGGGACCGGGAGACACAGAAGTACAAGCGCCAGGCACAGACTGACCGAGTGAGCCTGCGGAACCTGCGCGGCTACTACAACCAGAGCGAGGCCG,GGTCTCACACCCTCCAGAGGATGTATGGCTGCGACCTGGGGCCCGAGGGGCGCCTCCTCCGCGGGTATAACCAGTTCGCCTACGACGGCAAGGATTACATCGCCCTGAATGAGGACCTGCGCTCCTGGACCGCCGCGGACACGGCGGCTCAGATCACCCAGCGCAAGTGGGAGGCGGCCCGTACGGCGGAGCAGCTGAGAGCCTACCTGGAGGGCACGTGCGTGGAGTGGCTCCGCAGATACCTGGAGAACGGGAAGAAGACGCTGCAGCGCGCGG
C*08:47,GCTCCCACTCCATGAGGTATTTCTACACCGCCGTGTCCCGGCCCGGCCGCGGAGAGCCCCGCTTCATCGCAGTGGGCTACGTGGACGACACGCAGTTCGTGCAGTTCGACAGCGACGCCGCGAGTCCAAGAGGGGAGCCGCGGGCGCCGTGGGTGGAGCAGGAGGGGCCGGAGTATTGGGACCGGGAGACACAGAAGTACAAGCGCCAGGCACAGACTGACCGAGTGAGCCTGCGGAACCTGCGCGGCTACTACAACCAGAGCGAGGCCG,GGTCTCACACCCTCCAGAGGATGTATGGCTGCGACCTGGGGCCCGACGGGCGCCTCCTCCGCGGGTATAACCAGTTCGCCTACGACGGCAAGGATTACATCGCCCTGAATGAGGACCTGCGCTCCTGGACCGCCGCGGACAAGGCGGCTCAGATCACCCAGCGCAAGTTGGAGGCGGCCCGTGCGGCGGAGCAGCGGAGAGCCTACCTGGAGGGCACGTGCGTGGAGTGGCTCCGCAGATACCTGGAGAACGGGAAGAAGACGCTGCAGCGCGCGG
C*08:48,GCTCCCACTCCATGAGGTATTTCTACACCGCCGTGTCCCGGCCCGGCCGCGGAGAGCCCCGCTTCATCGCAGTGGGCTACGTGGACGACACGCAGTTCGTGCAGTTCGACAGCGACGCCGCGAGTCCAAGAGGGGAGCCGCGGGCGCCGTGGGTGGAGCAGGAGGGGCCGGAGTATTGGGACCGGGAGACACAGAAGTACAAGCGCCAGGCACAGACTGACCGAGTGAGCCTGCGGAACCTGCGCGGCTACTACAACCAGAGCGAGGCCG,GGTCTCACACCCTCCAGAGGATGTATGGCTGCGACCTGGGGCCCGACGGGCGCCTCCTCCGCGGGTGTAACCAGTTCGCCTACGACGGCAAGGATTACATCGCCCTGAATGAGGACCTGCGCTCCTGGACCGCCGCGGACAAGGCGGCTCAGATCACCCAGCGCAAGTGGGAGGCGGCCCGTGAGGCGGAGCAGCGGAGAGCCTACCTGGAGGGCACGTGCGTGGAGTGGCTCCGCAGATACCTGGAGAACGGGAAGAAGACGCTGCAGCGCGCGG
C*08:49,GCTCCCACTCCATGAGGTATTTCTACACCGCCGTGTCCCGGCCCGGCCGCGGAGAGCCCCGCTTCATCGCAGTGGGCTACGTGGACGACACGCAGTTCGTGCAGTTCGACAGCGACGCCGCGAGTCCAAGAGGGGAGCCGCGGGCGCCGTGGGTGGAGCAGGAGGGGCCGGAGTATTGGGACCGGGAGACACAGAAGTACAAGCGCCAGGCACAGACTGACCGAGTGAGCCTGCGGAACCTGCGCGGCTACTACAACCAGAGCGAGGCCG,GGTCTCACACCCTCCAGAGGATGTATGGCTGCGACCTGGGGCCCGACGGGCGCCTCCTCCGCGGGTATAACCAGTTCGCCTACGACGGCAAGGATTACATCGCCCTGAATGAGGACCTGCGCTCCTGGACCGCCGCGGACAAGGCGGCTCAGATCACCCAGCGCAAGTGGGAGGCGGCCCGTGAGGCGGAGCGGCGGAGAGCCTACCTGGAGGGCACGTGCGTGGAGTGGCTCCGCAGATACCTGGAGAACGGGAAGAAGACGCTGCAGCGCGCGG
C*08:50,GCTCCCACTCCATGAGGTATTTCTACACCGCCGTGTCCCGGCCCGGCCGCGGAGAGCGCCGCTTCATCGCAGTGGGCTACGTGGACGACACGCAGTTCGTGCAGTTCGACAGCGACGCCGCGAGTCCAAGAGGGGAGCCGCGGGCGCCGTGGGTGGAGCAGGAGGGGCCGGAGTATTGGGACCGGGAGACACAGAAGTACAAGCGCCAGGCACAGACTGACCGAGTGAGCCTGCGGAACCTGCGCGGCTACTACAACCAGAGCGAGGCCG,GGTCTCACACCCTCCAGAGGATGTATGGCTGCGACCTGGGGCCCGACGGGCGCCTCCTCCGCGGGTATAACCAGTTCGCCTACGACGGCAAGGATTACATCGCCCTGAATGAGGACCTGCGCTCCTGGACCGCCGCGGACACGGCGGCTCAGATCACCCAGCGCAAGTGGGAGGCGGCCCGTACGGCGGAGCAGCTGAGAGCCTACCTGGAGGGCACGTGCGTGGAGTGGCTCCGCAGATACCTGGAGAACGGGAAGAAGACGCTGCAGCGCGCGG
C*08:51,GCTCCCACTCCATGAGGTATTTCTACACCGCCGTGTCCCGGCCCGGCCGCGGAGAGCCCCGCTTCATCGCAGTGGGCTACGTGGACGACACGCAGTTCGTGCAGTTCGACAGCGACGCCGCGAGTCCAAGAGGGGAGCCGCGGGCGCCGTGGGTGGAGCAGGAGGGGCCGGAGTATTGGGACCGGGAGACACAGAAGTACAAGCGCCAGGCACAGACTGACCGAGTGAGCCTGCGGAACCTGCGCGGCTACTACAACCAGAGCGAGGCCG,GGTCTCACACCCTCCAGAGGATGTATGGCTGCGACCTGGGGCCCGACGGGCGCCTCCTCCGCGGGTATAACCAGTTCGCCTACGACGGCAAGGATTACATCGCCCTGAATGAGGACCTGCGCTCCTGGACCGCCGCGGACAAGGCGGCTCAGATCACCCAGCGCAAGTGGGAGGCGGCCCGTGAGGCGGAGCAGCGGAGAGCCTACCTGGAGGGCACGTGCGTGGAGTGGCTCCGCAGACACCTGGAGAACGGGAAGGAGACGCTGCAGCGCGCGG
C*08:53,GCTCCCACTCCATGGGGTATTTCTACACCGCCGTGTCCCGGCCCGGCCGCGGAGAGCCCCGCTTCATCGCAGTGGGCTACGTGGACGACACGCAGTTCGTGCAGTTCGACAGCGACGCCGCGAGTCCAAGAGGGGAGCCGCGGGCGCCGTGGGTGGAGCAGGAGGGGCCGGAGTATTGGGACCGGGAGACACAGAAGTACAAGCGCCAGGCACAGACTGACCGAGTGAGCCTGCGGAACCTGCGCGGCTACTACAACCAGAGCGAGGCCG,GGTCTCACACCCTCCAGAGGATGTATGGCTGCGACCTGGGGCCCGACGGGCGCCTCCTCCGCGGGTATAACCAGTTCGCCTACGACGGCAAGGATTACATCGCCCTGAATGAGGACCTGCGCTCCTGGACCGCCGCGGACAAGGCGGCTCAGATCACCCAGCGCAAGTGGGAGGCGGCCCGTGAGGCGGAGCAGCGGAGAGCCTACCTGGAGGGCACGTGCGTGGAGTGGCTCCGCAGATACCTGGAGAACGGGAAGAAGACGCTGCAGCGCGCGG
C*08:54,GCTCCCACTCCATGAGGTATTTCTACACCGCCGTGTCCCGGCCCGGCCGCGGAGAGCCCCGCTTCATCGCAGTGGGCTACGTGGACGACACGCAGTTCGTGCAGTTCGACAGCGACGCCGCGAGTCCAAGAGGGGAGCCGCGGGCGCCGTGGGTGGAGCAGGAGGGGCCGGAGTATTGGGACCGGGAGACACAGAAGTACAAGCGCCAGGCACAGACTGACCGAGTGAGCCTGCGGAACCTGCGCGGCTACTACAACCAGAGCGAGGCCG,GGTCTCACACCCTCCAGAGGATGTATGGCTGCGACCTGGGGCCCGACGGGCGCCTCCTCCGCGGGTATAACCAGTTCGCCTACGACGGCAAGGATTACATCGCCCTGAATGAGGACCTGCGCTCCTGGACCGCCGCGGACACGGCGGCTCAGATCACCCAGCGCAAGTGGGAGGCGGCCCGTGAGGCGGAGCAGCTGAGAGCCTACCTGGAGGGCACGTGCGTGGAGTGGCTCCGCAGATACCTGGAGAACAGGAAGAAGACGCTGCAGCGCGCGG
C*08:55N,GCTCCCACTCCATGAGGTATTTCTACACCGCCGTGTCCCGGCCCGGCCGCGGAGAGCCCCGCTTCATCGCAGTGGGCTACGTGGACGACACGCAGTTCGTGTAGTTCGACAGCGACGCCGCGAGTCCAAGAGGGGAGCCGCGGGCGCCGTGGGTGGAGCAGGAGGGGCCGGAGTATTGGGACCGGGAGACACAGAAGTACAAGCGCCAGGCACAGACTGACCGAGTGAGCCTGCGGAACCTGCGCGGCTACTACAACCAGAGCGAGGCCG,GGTCTCACACCCTCCAGAGGATGTATGGCTGCGACCTGGGGCCCGACGGGCGCCTCCTCCGCGGGTATAACCAGTTCGCCTACGACGGCAAGGATTACATCGCCCTGAATGAGGACCTGCGCTCCTGGACCGCCGCGGACAAGGCGGCTCAGATCACCCAGCGCAAGTGGGAGGCGGCCCGTGAGGCGGAGCAGCGGAGAGCCTACCTGGAGGGCACGTGCGTGGAGTGGCTCCGCAGATACCTGGAGAACGGGAAGAAGACGCTGCAGCGCGCGG
C*08:56,GCTCCCACTCCATGAGGTATTTCTACACCGCCGTGTCCCGGCCCGGCCGCGGAGAGCCCCGCTTCATCGCAGTGGGCTACGTGGACGACACGCAGTTCGTGCAGTTCGACAGCGACGCCGCGAGTCCAAGAGGGGAGCCGCGGGCGCCGTGGGTGGAGCAGGAGGGGCCGGAGTATTGGGACCGGGAGACACAGAAGTACAAGCGCCAGGCACAGACTGACCGAGTGAGCCTGCGGAACCTGCGCGGCTACTACAACCAGAGCGAGGCCG,GGTCTCACACCCTCCAGAGGATGTATGGCTGCGACCTGGGGCCCGACGGGCGCCTCCTCCGCGGGTATAACCAGTTCGCCTACGACGGCAAGGATTACATCGCCCTGAATGAGGACCTGCGCTCCTGGACCGCCGCGGACACGGCGGCTCAGATCACCCAGCGCAAGTGGGAGGCGGCCCGTACGGCGGAGCAGCTGAGAGCCTACCTGGAGGGCACGTGCGTGGAGTGGCTCCGCAGATACCCGGAGAACGGGAAGAAGACGCTGCAGCGCGCGG
C*08:57,GCTCCCACTCCATGAGGTATTTCTACACCGCCGTGTCCCGGCCCGGCCGCGGAGAGCCCCGCTTCATCGCAGTGGGCTACGTGGACGACACGCAGTTCGTGCAGTTCGACAGCGACGCCGCGAGTCCAAGAGGGGAGCCGCGGGCGCCGTGGGTGGAGCAGGAGGGGCCGGAGTATTGGGACCGGGAGACACAGAAGTACAAGCGCCAGGCACAGACTGACCGAGTGAGCCTGCGGAACCTGCGCGGCTACTACAACCAGAGCGAGGCCG,GGTCTCACACCCTCCAGAGGATGTATGGCTGCGACCTGGGGCCCGACGGGCGCCTCCTCCGCGGGTATAACCAGTTCGCCTACGACGGCAAGGATTACATCGCCCTGAATGAGGACCTGCGCTCCTGGACCGCCGCGGACAAGGCGGCTCAGATCACCCAGCGCAAGTGGGAGGCGGCCCGTGCGGCGGAGCAGCTGAGAGCCTACCTGGAGGGCACGTGCGTGGAGTGGCTCCGCAGATACCTGGAGAACGGGAAGAAGACGCTGCAGCGCGCGG
C*08:58,GCTCCCACTCCATGAGGTATTTCTACACCGCCGTGTCCCGGCCCGGCCGCGGAGAGCCCCGCATCATCGCAGTGGGCTACGTGGACGACACGCAGTTCGTGCAGTTCGACAGCGACGCCGCGAGTCCAAGAGGGGAGCCGCGGGCGCCGTGGGTGGAGCAGGAGGGGCCGGAGTATTGGGACCGGGAGACACAGAAGTACAAGCGCCAGGCACAGACTGACCGAGTGAGCCTGCGGAACCTGCGCGGCTACTACAACCAGAGCGAGGCCG,GGTCTCACACCCTCCAGAGGATGTATGGCTGCGACCTGGGGCCCGACGGGCGCCTCCTCCGCGGGTATAACCAGTTCGCCTACGACGGCAAGGATTACATCGCCCTGAATGAGGACCTGCGCTCCTGGACCGCCGCGGACACGGCGGCTCAGATCACCCAGCGCAAGTGGGAGGCGGCCCGTACGGCGGAGCAGCTGAGAGCCTACCTGGAGGGCACGTGCGTGGAGTGGCTCCGCAGATACCTGGAGAACGGGAAGAAGACGCTGCAGCGCGCGG
C*08:59,GCTCCCACTCCATGAGGTATTTCTACACCGCCGTGTCCCGGCCCGGCCGCGGAGAGCCCCGCTTCATCGCAGTGGGCTACGTGGACGACACGCAGTTCGTGCAGTTCGACAGCGACGCCGCGAGTCCAAGAGGGGAGCCGCGGGCGCCGTGGGTGGAGCAGGAGGGGCCGGAGTATTGGGACCGGGAGACACAGAAGTACAAGCGCCAGGCACAGACTGACCGAGTGAGCCTGCGGAACCTGCGCGGCTACTACAACCAGAGCGAGGCCG,GGTCTCACACCCTCCAGAGGATGTATGGCTGCGACCTGGGGCCCGACGGGCGCCTCCTCCGCGGGTATAACCAGTCCGCCTACGACGGCAAGGATTACATCGCCCTGAATGAGGACCTGCGCTCCTGGACCGCCGCGGACACGGCGGCTCAGATCACCCAGCGCAAGTGGGAGGCGGCCCGTACGGCGGAGCAGCTGAGAGCCTACCTGGAGGGCACGTGCGTGGAGTGGCTCCGCAGATACCTGGAGAACGGGAAGAAGACGCTGCAGCGCGCGG
C*08:60,GCTCCCACTCCATGAGGTATTTCTACACCGCCGTGTCCCGGCCCGGCCGCGGAGAGCCCCGCTTCATCGCAGTGGGCTACGTGGACGACACGCAGTTCGTGCAGTTCGACAGCGACGCCGCGAGTCCAAGAGGGGAGCCGCGGGCGCCGTGGGTGGAGCAGGAGGGGCCGGAGTATTGGGACCGGGAGACACAGAAGTACAAGCGCCAGGCACAGACTGACCGAGTGAGCCTGCGGAACCTGCGCGGCTACTACAACCAGAGCGAGGCCG,GGTCTCACACCCTCCAGAAGATGTATGGCTGCGACCTGGGGCCCGACGGGCGCCTCCTCCGCGGGTATAACCAGTTCGCCTACGACGGCAAGGATTACATCGCCCTGAATGAGGACCTGCGCTCCTGGACCGCCGCGGACACGGCGGCTCAGATCACCCAGCGCAAGTGGGAGGCGGCCCGTACGGCGGAGCAGCTGAGAGCCTACCTGGAGGGCACGTGCGTGGAGTGGCTCCGCAGATACCTGGAGAACGGGAAGAAGACGCTGCAGCGCGCGG
C*08:61,GCTCCCACTCCATGAGGTATTTCTACACCGCCGTGTCCCGGCCCGGCCGCGGAGAGCCCCGCTTCATCGCAGTGGGCTACGTGGACGACACGCAGTTCGTGCAGTTCGACAGCGACGCCGCGAGTCCAAGAGGGGAGCCGCGGGCGCCGTGGGTGGAGCAGGAGGGGCCGGAGTATTGGGACCGGGAGACACAGAAGTACAAGCGCCAGGCACAGACTGACCGAGTGAGCCTGCGGAACCTGCGCGGCTACTACAACCAGAGCGAGGCCG,GGTCTCACATCATCCAGAGGATGTATGGCTGCGACCTGGGGCCCGACGGGCGCCTCCTCCGCGGGTATAACCAGTTCGCCTACGACGGCAAGGATTACATCGCCCTGAATGAGGACCTGCGCTCCTGGACCGCCGCGGACACGGCGGCTCAGATCACCCAGCGCAAGTGGGAGGCGGCCCGTACGGCGGAGCAGCTGAGAGCCTACCTGGAGGGCACGTGCGTGGAGTGGCTCCGCAGATACCTGGAGAACAGGAAGAAGACGCTGCAGCGCGCGG
C*08:62,GCTCCCACTCCATGAGGTATTTCTACACCGCCGTGTCCCGGCCCGGCCGCGGAGAGCCCCGCTTCATCGCAGTGGGCTACGTGGACGACACGCAGTTCGTGCAGTTCGACAGCGACGCCGCGAGTCCAAGAGGGGAGCCGCGGGCGCCGTGGGTGGAGCAGGAGGGGCCGGAGTATTGGGACCGGGAGACACAGAAGTACAAGCGCCAGGCACAGACTGACCGAGTGAGCCTGCGGAACCTGCGCGGCTACTACAACCAGAGCGAGGCCG,GGTCTCACACCCTCCAGAGGATGTATGGCTGCGACGTGGGGCCGGACGGGCGCCTCCTCCGCGGGTATAACCAGTTCGCCTACGACGGCAAGGATTACATCGCCCTGAATGAGGACCTGCGCTCCTGGACCGCCGCGGACAAGGCGGCTCAGATCACCCAGCGCAAGTGGGAGGCGGCCCGTGAGGCGGAGCAGCGGAGAGCCTACCTGGAGGGCACGTGCGTGGAGTGGCTCCGCAGATACCTGGAGAACGGGAAGAAGACGCTGCAGCGCGCGG
C*08:63,GCTCCCACTCCATGAGGTATTTCTACACCGCCGTGTCCCGGCCCGGCCGCGGAGAGCCCCGCTTCATCGCAGTGGGCTACGTGGACGACACGCAGTTCGTGCAGTTCGACAGCGACGCCGCGAGTCCAAGAGGGGAGCCGCGGGCGCCGTGGGTGGAGCAGGAGGGGCCGGAGTATTGGGACCGGGAGACACAGAAGTACAAGCGCCAGGCACAGACTGACCGAGTGAGCCTGCGGAACCTGCGCGGCTACTACAACCAGAGCGAGGCCG,GGTCTCACACCCTCCAGAGGATGTATGGCTGCGACCTGGGGCCCGACGGGCGCCTCCTCCGCGGGTATAACCAGTTCGCCTACGACGGCAAGGATTACATCGCCCTGAATGAGGACCTGCGCTCCTGGACCGCCGCGGACAAGGCGGCTCAGATCACCCAGCGCAAGTGGGAGGCGGCCTGTGAGGCGGAGCAGCGGAGAGCCTACCTGGAGGGCACGTGCGTGGAGTGGCTCCGCAGATACCTGGAGAACGGGAAGAAGACGCTGCAGCGCGCGG
C*08:65,GCTCCCACTCCATGAGGTATTTCTACACCGCCGTGTCCCGGCCCGGCCGCGGAGAGCCCCGCTTCATCGCAGTGGGCTACGTGGACGACACGCAGTTCGTGCAGTTCGACAGCGACGCCGCGAGTCCAAGAGGGGAGCCGCGGGCGCCGTGGGTGGAGCAGGAGGGGCCGGAGTATTGGGACCGGGAGACACAGAAGTACAAGCGCCAGGCACAGACTGACCGAGTGAGCCTGCGGAACCTGCGCGGCTACTACAACCAGAGCGAGGCCG,GGTCTCACACCCTCCAGAGGATGTATGGCTGCGACCTGGGGCCCGACGGGCGCCTCCTCCGCGGGTATAACCAGTTCGCCTACGACGGCAAGGATTACATCGCCCTGAATGAGGACCTGCGCTCCTGGACCGCCGCGGACACGGCGGCTCAGATCACCCAGCGCAAGTGGGAGGCGGCCCGTTCGGCGGAGCAGCTGAGAGCCTACCTGGAGGGCACGTGCGTGGAGTGGCTCCGCAGATACCTGGAGAACGGGAAGAAGACGCTGCAGCGCGCGG
C*08:66,GCTCCCACTCCATGAGGTATTTCTACACCGCCGTGTCCCGGCCCGGCCGCGGAGAGCCCCGCTTCATCGCAGTGGGCTACGTGGACGACACGCAGTTCGTGCAGTTCGACAGCGACGCCGCGAGTCCAAGAGGGGAGCCGCGGGCGCCGTGGGTGGAGCAGGAGGGGCCGGAGTATTGGGACCGGGAGACACAGAAGTACAAGCGCCAGGCACAGACTGACCGAGTGAGCCTGCGGAACCTGCGCGGCTACTACAACCAGAGCGAGGCCG,GGTCTCACACCCTCCAGAGGATGTATGGCTGCGACCTGGGGCCCGACGGGCGCCTCCTCCGCGGGTATAACCAGTTCGCCTACGACGGCAAGGATTACATCGCCCTGAATGAGGACCTGCGCTCCTGGACCGCCGCGGACACGGCGGCTCAGATCACCCAGCGCAAGTGGGAGGCGGCCCGTGAGGCGGAGCAGCTGAGAGCCTACCTGGAGGGCACGTGCGTGGAGTGGCTCCGCAGATACCTGGAGAACGGGAAGAAGACGCTGCAGCGCGCGG
C*08:67,GCTCCCACTCCATGAGGTATTTCTACACCGCCGTGTCCCGGCCCGGCCGCGGAGAGCCCCGCTTCATCGCAGTGGGCTACGTGGACGACACGCAGTTCGTGCAGTTCGACAGCGACACCGCGAGTCCAAGAGGGGAGCCGCGGGCGCCGTGGGTGGAGCAGGAGGGGCCGGAGTATTGGGACCGGGAGACACAGAAGTACAAGCGCCAGGCACAGACTGACCGAGTGAGCCTGCGGAACCTGCGCGGCTACTACAACCAGAGCGAGGCCG,GGTCTCACACCCTCCAGAGGATGTATGGCTGCGACCTGGGGCCCGACGGGCGCCTCCTCCGCGGGTATAACCAGTTCGCCTACGACGGCAAGGATTACATCGCCCTGAATGAGGACCTGCGCTCCTGGACCGCCGCGGACAAGGCGGCTCAGATCACCCAGCGCAAGTGGGAGGCGGCCCGTGAGGCGGAGCAGCGGAGAGCCTACCTGGAGGGCACGTGCGTGGAGTGGCTCCGCAGATACCTGGAGAACGGGAAGAAGACGCTGCAGCGCGCGG
C*08:68,GCTCCCACTCCATGAGGTATTTCTACACCGCCGTGTCCCGGCCCGGCCGCGGAGAGCCCCGCTTCATCGCAGTGGGCTACGTGGACGACACGCAGTTCGTGCAGTTCGACAGCGACGCCACGAGTCCAAGAGGGGAGCCGCGGGCGCCGTGGGTGGAGCAGGAGGGGCCGGAGTATTGGGACCGGGAGACACAGAAGTACAAGCGCCAGGCACAGACTGACCGAGTGAGCCTGCGGAACCTGCGCGGCTACTACAACCAGAGCGAGGCCG,GGTCTCACACCCTCCAGAGGATGTATGGCTGCGACCTGGGGCCCGACGGGCGCCTCCTCCGCGGGTATAACCAGTTCGCCTACGACGGCAAGGATTACATCGCCCTGAATGAGGACCTGCGCTCCTGGACCGCCGCGGACAAGGCGGCTCAGATCACCCAGCGCAAGTGGGAGGCGGCCCGTGAGGCGGAGCAGCGGAGAGCCTACCTGGAGGGCACGTGCGTGGAGTGGCTCCGCAGATACCTGGAGAACGGGAAGAAGACGCTGCAGCGCGCGG
C*08:69,GCTCCCACTCCATGAGGTATTTCTACACCGCCGTGTCCCGGCCCGGCCGCGGAGAGCCCCGCTTCATCGCAGTGGGCTACGTGGACGACACGCAGTTCGTGCAGTTCGACAGCGACGCCGCGAGTCCAAGAGGGGAGCCGCGGGCGCCGTGGGTGGAGCAGGAGGGGCCGGAGTATTGGGACCAGGAGACACAGAAGTACAAGCGCCAGGCACAGACTGACCGAGTGAGCCTGCGGAACCTGCGCGGCTACTACAACCAGAGCGAGGCCG,GGTCTCACACCCTCCAGAGGATGTATGGCTGCGACCTGGGGCCCGACGGGCGCCTCCTCCGCGGGTATAACCAGTTCGCCTACGACGGCAAGGATTACATCGCCCTGAATGAGGACCTGCGCTCCTGGACCGCCGCGGACAAGGCGGCTCAGATCACCCAGCGCAAGTGGGAGGCGGCCCGTGAGGCGGAGCAGCGGAGAGCCTACCTGGAGGGCACGTGCGTGGAGTGGCTCCGCAGATACCTGGAGAACGGGAAGAAGACGCTGCAGCGCGCGG
C*08:70,GCTCCCACTCCATGAGGTATTTCTACACCGCCGTGTCCCGGCCCGGCCGCGGAGAGCCCCGCTTCATCGCAGTGGGCTACGTGGACGACACGCAGTTCGTGCAGTTCGACAGCGACGCCGCGAGTCCAAGAGGGGAGCCGCGGGCGCCGTGGGTGGAGCAGGAGGGGCCGGAGTATTGGGACCGGGAGACACAGAAGTACAAGCGCCAGGCACAGACTGACCGAGTGAGCCTGCGGAACCTGCGCGGCTACTACAACCAGAGCGAGGCCG,GGTCTCACACCCTCCAGAGGATGTATGGCTACGACCTGGGGCCCGACGGGCGCCTCCTCCGCGGGTATAACCAGTTCGCCTACGACGGCAAGGATTACATCGCCCTGAATGAGGACCTGCGCTCCTGGACCGCCGCGGACAAGGCGGCTCAGATCACCCAGCGCAAGTGGGAGGCGGCCCGTGAGGCGGAGCAGCGGAGAGCCTACCTGGAGGGCACGTGCGTGGAGTGGCTCCGCAGATACCTGGAGAACGGGAAGAAGACGCTGCAGCGCGCGG
C*08:71,GCTCCCACTCCATGAGGTATTTCTACACCGCCGTGTCCCGGCCCGGCCGCGGAGAGCCCCGCTTCATCGCAGTGGGCTACGTGGACGACACGCAGTTCGTGCAGTTCGACAGCGACGCCGCGAGTCCAAGAGGGGAGCCGCGGGCGCCGTGGGTGGAGCAGGAGGGGCCGGAGTATTGGGACCGGGAGACACAGAAGTACAAGCGCCAGGCACAGACTGACCGAGTGAGCCTGCGGAACCTGCGCGGCTACTACAACCAGAGCGAGGCCG,GGTCTCACACCCTCCAGAGGATGTATGGCTGCGACCTGGGGCCCGACGGGCGCCTCCTCCGCGGGTATAACCAGTTCGCCTACGACGGCAAGGATTACATCGCCCTGAATGAGGACCTGCGCTCCTGGACCGCCGCGGACAAGGCGGCTCAGATCACCCAGCGCAAGTGGGAGGCGGCCCGTGAGGCGGAGCAGCGGAGAGCCTACCTGGAGGGCACGTGCGTGGAGTGGCTCTGCAGATACCTGGAGAACGGGAAGAAGACGCTGCAGCGCGCGG
C*08:72,GCTCCCACTCCATGAGGTATTTCTACACCGCCGTGTCCCGGCCCGGCCGCGGAGAGCCCCGCTTCATCGCAGTGGGCTACGTGGACGACACGCAGTTCGTGCAGTTCGACAGCGACGCCGCGAGTCCAAGAGGGGAGCCGCGGGCGCCGTGGGTGGAGCAGGAGGGGCCGGAGTATTGGGACCGGGAGACACAGAAGTACAAGCGCCAGGCACAGACTGACCGAGTGAGCCTGCGGAACCTGCGCGGCTACTACAACCAGAGCGAGGCCG,GGTCTCACACCCTCCAGAGGATGTATGGCTGCGACCTGGGGCCCGACGGGCGCCTCCTCCGCGGGTATAACCAGTTCGCCTACGACGGCAAGGATTACATCGCCCTGAATGAGGACCTGCGCTCCTGGACCGCCGCGGACACGGCGGCTCAGATCACCCAGCGCAAGTGGGAGGCGGCCCGTACGGCGGAGCAGCTGAGAGCCTACCTGGAGGGCACGTGCGTGGAGTGGCTCCGCAGATACCTGGAGAACGGGAAGGAGACGCTGCAGCGCGCGG
C*12:02:01G,GCTCCCACTCCATGAGGTATTTCTACACCGCCGTGTCCCGGCCCGGCCGCGGAGAGCCCCGCTTCATCGCAGTGGGCTACGTGGACGACACGCAGTTCGTGCGGTTCGACAGCGACGCCGCGAGTCCAAGAGGGGAGCCGCGGGCGCCGTGGGTGGAGCAGGAGGGGCCGGAGTATTGGGACCGGGAGACACAGAAGTACAAGCGCCAGGCACAGGCTGACCGAGTGAGCCTGCGGAACCTGCGCGGCTACTACAACCAGAGCGAGGCCG,GGTCTCACACCCTCCAGAGGATGTACGGCTGCGACCTGGGGCCCGACGGGCGCCTCCTCCGCGGGTATGACCAGTCCGCCTACGACGGCAAGGATTACATCGCCCTGAACGAGGACCTGCGCTCCTGGACCGCTGCGGACACGGCGGCTCAGATCACCCAGCGCAAGTGGGAGGCGGCCCGTGAGGCGGAGCAGTGGAGAGCCTACCTGGAGGGCACGTGCGTGGAGTGGCTCCGCAGATACCTGGAGAACGGGAAGGAGACGCTGCAGCGCGCGG
C*12:02:03,GCTCCCACTCCATGAGGTATTTCTACACCGCCGTGTCCCGGCCCGGCCGCGGAGAGCCCCGCTTCATCGCAGTGGGCTACGTGGACGACACGCAGTTCGTGCGGTTCGACAGCGACGCCGCGAGTCCAAGAGGGGAGCCGCGGGCGCCGTGGGTGGAGCAGGAGGGGCCGGAGTATTGGGACCGGGAGACACAGAAGTACAAGCGCCAGGCACAGGCTGACCGAGTGAGCCTGCGGAACCTGCGCGGCTACTACAACCAGAGCGAGGCCG,GGTCTCACACCCTCCAGAGGATGTATGGCTGCGACCTGGGGCCCGACGGGCGCCTCCTCCGCGGGTATGACCAGTCCGCCTACGACGGCAAGGATTACATCGCCCTGAACGAGGACCTGCGCTCCTGGACCGCTGCGGACACGGCGGCTCAGATCACCCAGCGCAAGTGGGAGGCGGCCCGTGAGGCGGAGCAGTGGAGAGCCTACCTGGAGGGCACGTGCGTGGAGTGGCTCCGCAGATACCTGGAGAACGGGAAGGAGACGCTGCAGCGCGCGG
C*12:02:04,GCTCCCACTCCATGAGGTATTTCTACACCGCCGTGTCCCGGCCCGGCCGCGGAGAGCCCCGCTTCATCGCAGTGGGCTACGTGGACGACACGCAGTTCGTGCGGTTCGACAGCGACGCCGCGAGTCCAAGAGGGGAGCCGCGGGCGCCGTGGGTGGAGCAGGAGGGGCCGGAGTATTGGGACCGGGAGACACAGAAGTACAAGCGCCAGGCACAGGCTGACCGAGTGAGCCTGCGGAACCTGCGCGGCTACTACAACCAGAGCGAGGCCG,GGTCTCACACCCTCCAGAGGATGTACGGCTGCGACCTGGGGCCCGACGGGCGCCTCCTCCGCGGGTATGACCAGTCCGCCTACGACGGCAAGGATTACATCGCCCTGAACGAGGACCTGCGCTCCTGGACCGCTGCGGACACGGCGGCTCAGATCACCCAGCGCAAGTGGGAGGCGGCCCGTGAGGCGGAGCAGTGGAGAGCCTATCTGGAGGGCACGTGCGTGGAGTGGCTCCGCAGATACCTGGAGAACGGGAAGGAGACGCTGCAGCGCGCGG
C*12:02:05,GCTCCCACTCCATGAGGTATTTCTACACCGCCGTGTCCCGGCCCGGCCGCGGAGAGCCCCGCTTCATCGCAGTGGGCTACGTGGACGACACGCAGTTCGTGCGGTTCGACAGCGACGCCGCGAGTCCAAGAGGGGAGCCGCGAGCGCCGTGGGTGGAGCAGGAGGGGCCGGAGTATTGGGACCGGGAGACACAGAAGTACAAGCGCCAGGCACAGGCTGACCGAGTGAGCCTGCGGAACCTGCGCGGCTACTACAACCAGAGCGAGGCCG,GGTCTCACACCCTCCAGAGGATGTACGGCTGCGACCTGGGGCCCGACGGGCGCCTCCTCCGCGGGTATGACCAGTCCGCCTACGACGGCAAGGATTACATCGCCCTGAACGAGGACCTGCGCTCCTGGACCGCTGCGGACACGGCGGCTCAGATCACCCAGCGCAAGTGGGAGGCGGCCCGTGAGGCGGAGCAGTGGAGAGCCTACCTGGAGGGCACGTGCGTGGAGTGGCTCCGCAGATACCTGGAGAACGGGAAGGAGACGCTGCAGCGCGCGG
C*12:02:06,GCTCCCACTCCATGAGGTATTTCTACACCGCCGTGTCCCGGCCCGGCCGCGGAGAGCCCCGCTTCATCGCAGTGGGCTACGTGGACGACACGCAGTTCGTGCGGTTCGACAGCGACGCCGCGAGTCCAAGAGGGGAGCCGCGGGCGCCGTGGGTGGAGCAGGAGGGGCCGGAGTATTGGGACCGGGAGACACAGAAGTACAAGCGCCAGGCACAGGCTGACCGAGTGAGCCTGCGGAACCTGCGCGGCTACTACAACCAGAGCGAGGCCG,GGTCTCACACCCTCCAGAGGATGTACGGCTGCGACCTGGGGCCCGACGGGCGCCTCCTCCGCGGGTATGACCAGTCCGCCTACGACGGCAAGGATTACATCGCCCTGAACGAGGACCTGCGCTCCTGGACTGCCGCGGACACGGCGGCTCAGATCACCCAGCGCAAGTGGGAGGCGGCCCGTGAGGCGGAGCAGTGGAGAGCCTACCTGGAGGGCACGTGCGTGGAGTGGCTCCGCAGATACCTGGAGAACGGGAAGGAGACGCTGCAGCGCGCGG
C*12:02:07,GCTCCCACTCCATGAGGTATTTCTACACCGCCGTGTCCCGGCCCGGCCGCGGAGAGCCCCGCTTCATCGCAGTGGGCTACGTGGACGACACGCAGTTCGTGCGGTTCGACAGCGACGCCGCGAGTCCAAGAGGGGAGCCGCGGGCGCCGTGGGTGGAGCAGGAGGGGCCGGAGTATTGGGACCGGGAGACACAGAAGTACAAGCGCCAGGCACAGGCTGACCGAGTGAGCCTGCGGAACCTGCGCGGCTACTACAACCAGAGCGAGGCCG,GGTCTCACACCCTCCAGAGGATGTACGGCTGCGACCTGGGGCCCGACGGGCGCCTCCTCCGCGGGTATGACCAGTCCGCCTACGACGGCAAGGATTACATCGCCCTGAATGAGGACCTGCGCTCCTGGACCGCTGCGGACACGGCGGCTCAGATCACCCAGCGCAAGTGGGAGGCGGCCCGTGAGGCGGAGCAGTGGAGAGCCTACCTGGAGGGCACGTGCGTGGAGTGGCTCCGCAGATACCTGGAGAACGGGAAGGAGACGCTGCAGCGCGCGG
C*12:02:08,GCTCCCACTCCATGAGGTATTTCTACACCGCCGTGTCCCGGCCCGGCCGCGGAGAGCCCCGCTTCATCGCAGTGGGCTACGTGGACGACACGCAGTTCGTGCGGTTCGACAGCGACGCCGCGAGTCCAAGAGGGGAGCCGCGGGCGCCGTGGGTGGAGCAGGAGGGGCCGGAGTATTGGGACCGGGAGACACAGAAGTACAAGCGCCAGGCACAGGCTGACCGAGTGAGCCTGCGGAACCTGCGCGGCTACTACAACCAGAGCGAGGCCG,GGTCTCACACCCTCCAGAGGATGTATGGCTGCGACCTGGGGCCCGACGGGCGCCTCCTCCGCGGGTATGACCAGTCCGCCTACGACGGCAAGGATTACATCGCCCTGAACGAGGACCTGCGCTCCTGGACTGCCGCGGACACGGCGGCTCAGATCACCCAGCGCAAGTGGGAGGCGGCCCGTGAGGCGGAGCAGTGGAGAGCCTACCTGGAGGGCACGTGCGTGGAGTGGCTCCGCAGATACCTGGAGAACGGGAAGGAGACGCTGCAGCGCGCGG
C*12:02:09,GCTCCCACTCCATGAGGTATTTCTACACCGCCGTGTCCCGGCCCGGCCGCGGAGAGCCCCGCTTCATCGCAGTGGGCTACGTGGACGACACGCAGTTCGTGCGGTTCGACAGCGACGCCGCGAGTCCAAGAGGGGAGCCGCGGGCGCCGTGGGTGGAGCAGGAGGGGCCGGAGTATTGGGACCGGGAGACACAGAAGTACAAGCGCCAGGCACAGGCTGACCGAGTGAGCCTGCGGAACCTGCGCGGCTACTACAACCAGAGCGAGGCCG,GGTCTCACACCCTCCAGAGGATGTACGGCTGCGACCTGGGGCCGGACGGGCGCCTCCTCCGCGGGTATGACCAGTCCGCCTACGACGGCAAGGATTACATCGCCCTGAACGAGGACCTGCGCTCCTGGACCGCTGCGGACACGGCGGCTCAGATCACCCAGCGCAAGTGGGAGGCGGCCCGTGAGGCGGAGCAGTGGAGAGCCTACCTGGAGGGCACGTGCGTGGAGTGGCTCCGCAGATACCTGGAGAACGGGAAGGAGACGCTGCAGCGCGCGG
C*12:03:01G,GCTCCCACTCCATGAGGTATTTCTACACCGCCGTGTCCCGGCCCGGCCGCGGAGAGCCCCGCTTCATCGCAGTGGGCTACGTGGACGACACGCAGTTCGTGCGGTTCGACAGCGACGCCGCGAGTCCAAGAGGGGAGCCGCGGGCGCCGTGGGTGGAGCAGGAGGGGCCGGAGTATTGGGACCGGGAGACACAGAAGTACAAGCGCCAGGCACAGGCTGACCGAGTGAGCCTGCGGAACCTGCGCGGCTACTACAACCAGAGCGAGGCCG,GGTCTCACACCCTCCAGTGGATGTATGGCTGCGACCTGGGGCCCGACGGGCGCCTCCTCCGCGGGTATGACCAGTCCGCCTACGACGGCAAGGATTACATCGCCCTGAACGAGGACCTGCGCTCCTGGACTGCCGCGGACACGGCGGCTCAGATCACCCAGCGCAAGTGGGAGGCGGCCCGTGAGGCGGAGCAGTGGAGAGCCTACCTGGAGGGCACGTGCGTGGAGTGGCTCCGCAGATACCTGGAGAACGGGAAGGAGACGCTGCAGCGCGCGG
C*12:03:02,GCTCCCACTCCATGAGGTATTTCTACACCGCCGTGTCCCGGCCCGGCCGCGGAGAGCCCCGCTTCATCGCAGTGGGCTACGTGGACGACACGCAGTTCGTGCGGTTCGACAGCGACGCCGCGAGTCCAAGAGGGGAGCCGCGGGCGCCGTGGGTGGAGCAGGAGGGGCCGGAGTATTGGGACCGGGAGACACAGAAGTACAAGCGCCAGGCACAGGCTGACCGAGTGAGCCTGCGGAACCTGCGCGGCTACTACAACCAGAGCGAGGCCG,GGTCTCACACCCTCCAGTGGATGTATGGCTGCGACCTGGGGCCCGACGGGCGCCTCCTCCGCGGGTATGACCAGTCCGCCTACGACGGCAAGGATTACATCGCCCTGAACGAGGACCTGCGCTCCTGGACCGCGGCGGACACGGCGGCTCAGATCACCCAGCGCAAGTGGGAGGCGGCCCGTGAGGCGGAGCAGTGGAGAGCCTACCTGGAGGGCACGTGCGTGGAGTGGCTCCGCAGATACCTGGAGAACGGGAAGGAGACGCTGCAGCGCGCGG
C*12:03:03,GCTCCCACTCCATGAGGTATTTCTACACCGCCGTGTCCCGGCCCGGCCGCGGAGAGCCCCGCTTCATCGCAGTGGGCTACGTGGACGACACGCAGTTCGTGCGGTTCGACAGCGACGCCGCGAGTCCAAGAGGGGAGCCGCGGGCGCCGTGGGTGGAGCAGGAGGGGCCGGAGTATTGGGACCGGGAGACACAGAAGTACAAGCGCCAGGCACAGGCTGACCGAGTGAGCCTGCGGAACCTGCGCGGCTACTACAACCAGAGCGAGGCCG,GGTCTCACACCCTCCAGTGGATGTATGGCTGCGACCTGGGGCCCGACGGGCGCCTCCTCCGCGGGTATGACCAGTCCGCCTACGACGGCAAGGATTACATCGCCCTGAACGAGGACCTGCGCTCCTGGACTGCCGCGGACACGGCGGCTCAGATCACCCAGCGCAAGTGGGAGGCGGCCCGTGAGGCAGAGCAGTGGAGAGCCTACCTGGAGGGCACGTGCGTGGAGTGGCTCCGCAGATACCTGGAGAACGGGAAGGAGACGCTGCAGCGCGCGG
C*12:03:04,GCTCCCACTCCATGAGGTATTTCTACACCGCCGTGTCCCGGCCCGGCCGCGGAGAGCCCCGCTTCATCGCAGTGGGCTACGTGGACGACACGCAGTTCGTGCGGTTCGACAGCGACGCCGCGAGTCCGAGAGGGGAGCCGCGGGCGCCGTGGGTGGAGCAGGAGGGGCCGGAGTATTGGGACCGGGAGACACAGAAGTACAAGCGCCAGGCACAGGCTGACCGAGTGAGCCTGCGGAACCTGCGCGGCTACTACAACCAGAGCGAGGCCG,GGTCTCACACCCTCCAGTGGATGTATGGCTGCGACCTGGGGCCCGACGGGCGCCTCCTCCGCGGGTATGACCAGTCCGCCTACGACGGCAAGGATTACATCGCCCTGAACGAGGACCTGCGCTCCTGGACTGCCGCGGACACGGCGGCTCAGATCACCCAGCGCAAGTGGGAGGCGGCCCGTGAGGCGGAGCAGTGGAGAGCCTACCTGGAGGGCACGTGCGTGGAGTGGCTCCGCAGATACCTGGAGAACGGGAAGGAGACGCTGCAGCGCGCGG
C*12:03:05,GCTCCCACTCCATGAGGTATTTCTACACCGCCGTCTCCCGGCCCGGCCGCGGAGAGCCCCGCTTCATCGCAGTGGGCTACGTGGACGACACGCAGTTCGTGCGGTTCGACAGCGACGCCGCGAGTCCAAGAGGGGAGCCGCGGGCGCCGTGGGTGGAGCAGGAGGGGCCGGAGTATTGGGACCGGGAGACACAGAAGTACAAGCGCCAGGCACAGGCTGACCGAGTGAGCCTGCGGAACCTGCGCGGCTACTACAACCAGAGCGAGGCCG,GGTCTCACACCCTCCAGTGGATGTATGGCTGCGACCTGGGGCCCGACGGGCGCCTCCTCCGCGGGTATGACCAGTCCGCCTACGACGGCAAGGATTACATCGCCCTGAACGAGGACCTGCGCTCCTGGACTGCCGCGGACACGGCGGCTCAGATCACCCAGCGCAAGTGGGAGGCGGCCCGTGAGGCGGAGCAGTGGAGAGCCTACCTGGAGGGCACGTGCGTGGAGTGGCTCCGCAGATACCTGGAGAACGGGAAGGAGACGCTGCAGCGCGCGG
C*12:03:07,GCTCCCACTCCATGAGGTATTTCTACACCGCCGTGTCCCGGCCCGGCCGCGGAGAGCCCCGCTTCATCGCAGTGGGCTACGTGGACGACACGCAGTTCGTGCGGTTCGACAGCGACGCCGCGAGTCCAAGAGGGGAGCCGCGGGCGCCGTGGGTGGAGCAGGAGGGGCCGGAGTATTGGGACCGGGAGACACAGAAGTACAAGCGCCAGGCACAGGCTGACCGAGTGAGCCTGCGGAACCTGCGCGGCTATTACAACCAGAGCGAGGCCG,GGTCTCACACCCTCCAGTGGATGTATGGCTGCGACCTGGGGCCCGACGGGCGCCTCCTCCGCGGGTATGACCAGTCCGCCTACGACGGCAAGGATTACATCGCCCTGAACGAGGACCTGCGCTCCTGGACTGCCGCGGACACGGCGGCTCAGATCACCCAGCGCAAGTGGGAGGCGGCCCGTGAGGCGGAGCAGTGGAGAGCCTACCTGGAGGGCACGTGCGTGGAGTGGCTCCGCAGATACCTGGAGAACGGGAAGGAGACGCTGCAGCGCGCGG
C*12:03:08,GCTCCCACTCCATGAGGTATTTCTACACCGCCGTGTCCCGGCCCGGCCGCGGAGAGCCCCGCTTCATCGCAGTGGGCTACGTGGACGACACGCAGTTCGTGCGGTTCGACAGCGACGCCGCGAGTCCAAGAGGGGAGCCGCGGGCGCCGTGGGTGGAGCAGGAGGGGCCGGAGTATTGGGACCGGGAGACACAGAAGTACAAGCGCCAGGCACAGGCTGACCGAGTGAGCCTGCGGAACCTGCGCGGCTACTACAACCAGAGCGAGGCCG,GGTCTCACACCCTCCAGTGGATGTATGGCTGCGACCTGGGGCCCGACGGGCGCCTCCTCCGCGGGTATGACCAGTCCGCCTACGACGGCAAGGATTACATCGCCCTGAACGAGGACCTGCGCTCCTGGACCGCCGCGGACACGGCGGCTCAGATCACCCAGCGCAAGTGGGAGGCGGCCCGTGAGGCGGAGCAGTGGAGAGCCTACCTGGAGGGCACGTGCGTGGAGTGGCTCCGCAGATACCTGGAGAACGGGAAGGAGACGCTGCAGCGCGCGG
C*12:03:09,GCTCCCACTCCATGAGGTATTTCTACACCGCCGTGTCCCGGCCCGGCCGCGGAGAGCCCCGCTTCATCGCAGTGGGCTACGTGGACGACACGCAGTTCGTGCGGTTCGACAGCGACGCCGCGAGTCCGAGAGGGGAGCCCCGGGCGCCGTGGGTGGAGCAGGAGGGGCCGGAGTATTGGGACCGGGAGACACAGAAGTACAAGCGCCAGGCACAGGCTGACCGAGTGAGCCTGCGGAACCTGCGCGGCTACTACAACCAGAGCGAGGCCG,GGTCTCACACCCTCCAGTGGATGTATGGCTGCGACCTGGGGCCCGACGGGCGCCTCCTCCGCGGGTATGACCAGTCCGCCTACGACGGCAAGGATTACATCGCCCTGAACGAGGACCTGCGCTCCTGGACTGCCGCGGACACGGCGGCTCAGATCACCCAGCGCAAGTGGGAGGCGGCCCGTGAGGCGGAGCAGTGGAGAGCCTACCTGGAGGGCACGTGCGTGGAGTGGCTCCGCAGATACCTGGAGAACGGGAAGGAGACGCTGCAGCGCGCGG
C*12:03:10,GCTCCCACTCCATGAGGTATTTCTACACCGCCGTGTCCCGGCCCGGCCGCGGAGAGCCCCGCTTCATCGCAGTGGGCTACGTGGACGACACGCAGTTCGTGCGGTTCGACAGCGACGCCGCGAGTCCAAGAGGGGAGCCGCGGGCGCCGTGGGTGGAGCAGGAGGGGCCGGAGTATTGGGACCGGGAGACACAGAAGTACAAGCGCCAGGCACAGGCTGACCGAGTGAGCCTGCGGAACCTGCGCGGCTACTACAACCAGAGCGAGGCCG,GGTCTCACACCCTCCAGTGGATGTATGGCTGCGACCTGGGGCCCGACGGGCGCCTCCTCCGCGGGTATGACCAGTCCGCCTACGACGGCAAGGATTACATCGCCCTGAACGAGGACCTGCGCTCCTGGACTGCCGCGGACACGGCGGCTCAGATCACCCAGCGCAAGTGGGAGGCGGCCCGTGAGGCGGAGCAGTGGAGAGCCTACCTGGAGGGCACGTGCGTGGAGTGGCTCCGCAGATACCTGGAGAACGGGAAGGAGACGCTGCAGCGCGCAG
C*12:03:11,GCTCCCACTCCATGAGGTATTTCTACACCGCCGTGTCCCGGCCCGGCCGCGGAGAGCCCCGCTTCATCGCAGTGGGCTACGTGGACGACACGCAGTTCGTGCGGTTCGACAGCGACGCCGCGAGTCCAAGAGGGGAGCCGCGGGCGCCGTGGGTGGAGCAGGAGGGGCCGGAGTATTGGGACCGGGAGACACAGAAGTACAAGCGCCAGGCACAGGCTGACCGAGTGAGCCTGCGGAACCTGCGCGGCTACTACAACCAGAGCGAGGCCG,GGTCTCACACCCTCCAGTGGATGTATGGCTGCGACCTGGGGCCCGACGGGCGCCTCCTCCGCGGGTATGACCAGTCCGCCTACGACGGCAAGGATTACATCGCCCTGAACGAGGACCTGCGCTCCTGGACTGCCGCGGACACGGCGGCTCAGATCACCCAGCGCAAGTGGGAGGCGGCCCGTGAGGCGGAGCAATGGAGAGCCTACCTGGAGGGCACGTGCGTGGAGTGGCTCCGCAGATACCTGGAGAACGGGAAGGAGACGCTGCAGCGCGCGG
C*12:03:12,GCTCCCACTCCATGAGGTATTTCTACACCGCCGTGTCCCGGCCCGGCCGCGGAGAGCCCCGCTTCATCGCAGTGGGCTACGTGGACGACACGCAGTTCGTGCGGTTCGACAGCGACGCCGCGAGTCCAAGAGGGGAGCCGCGGGCGCCGTGGGTGGAGCAGGAGGGGCCCGAGTATTGGGACCGGGAGACACAGAAGTACAAGCGCCAGGCACAGGCTGACCGAGTGAGCCTGCGGAACCTGCGCGGCTACTACAACCAGAGCGAGGCCG,GGTCTCACACCCTCCAGTGGATGTATGGCTGCGACCTGGGGCCCGACGGGCGCCTCCTCCGCGGGTATGACCAGTCCGCCTACGACGGCAAGGATTACATCGCCCTGAACGAGGACCTGCGCTCCTGGACTGCCGCGGACACGGCGGCTCAGATCACCCAGCGCAAGTGGGAGGCGGCCCGTGAGGCGGAGCAGTGGAGAGCCTACCTGGAGGGCACGTGCGTGGAGTGGCTCCGCAGATACCTGGAGAACGGGAAGGAGACGCTGCAGCGCGCGG
C*12:03:13,GCTCCCACTCCATGAGGTATTTCTACACCGCCGTGTCCCGGCCCGGCCGCGGAGAGCCCCGCTTCATCGCAGTGGGCTACGTGGACGACACGCAGTTCGTGCGGTTCGACAGCGACGCCGCGAGTCCAAGAGGGGAGCCGCGGGCGCCGTGGGTGGAGCAGGAGGGGCCGGAGTATTGGGACCGGGAGACACAGAAGTACAAGCGCCAGGCACAGGCTGACCGAGTAAGCCTGCGGAACCTGCGCGGCTACTACAACCAGAGCGAGGCCG,GGTCTCACACCCTCCAGTGGATGTATGGCTGCGACCTGGGGCCCGACGGGCGCCTCCTCCGCGGGTATGACCAGTCCGCCTACGACGGCAAGGATTACATCGCCCTGAACGAGGACCTGCGCTCCTGGACTGCCGCGGACACGGCGGCTCAGATCACCCAGCGCAAGTGGGAGGCGGCCCGTGAGGCGGAGCAGTGGAGAGCCTACCTGGAGGGCACGTGCGTGGAGTGGCTCCGCAGATACCTGGAGAACGGGAAGGAGACGCTGCAGCGCGCGG
C*12:03:14,GCTCCCACTCCATGAGGTATTTCTACACCGCCGTGTCCCGGCCCGGCCGCGGAGAGCCCCGCTTCATCGCAGTGGGCTACGTGGACGACACGCAGTTCGTGCGGTTCGATAGCGACGCCGCGAGTCCAAGAGGGGAGCCGCGGGCGCCGTGGGTGGAGCAGGAGGGGCCGGAGTATTGGGACCGGGAGACACAGAAGTACAAGCGCCAGGCACAGGCTGACCGAGTGAGCCTGCGGAACCTGCGCGGCTACTACAACCAGAGCGAGGCCG,GGTCTCACACCCTCCAGTGGATGTATGGCTGCGACCTGGGGCCCGACGGGCGCCTCCTCCGCGGGTATGACCAGTCCGCCTACGACGGCAAGGATTACATCGCCCTGAACGAGGACCTGCGCTCCTGGACTGCCGCGGACACGGCGGCTCAGATCACCCAGCGCAAGTGGGAGGCGGCCCGTGAGGCGGAGCAGTGGAGAGCCTACCTGGAGGGCACGTGCGTGGAGTGGCTCCGCAGATACCTGGAGAACGGGAAGGAGACGCTGCAGCGCGCGG
C*12:03:15,GCTCCCACTCCATGAGGTATTTCTACACCGCCGTGTCCCGGCCCGGCCGCGGAGAGCCCCGCTTCATCGCAGTGGGCTACGTGGACGACACGCAGTTCGTGCGGTTCGACAGCGACGCCGCGAGTCCAAGAGGGGAGCCGCGGGCGCCGTGGGTGGAGCAGGAGGGGCCGGAGTATTGGGACCGGGAGACACAGAAGTACAAACGCCAGGCACAGGCTGACCGAGTGAGCCTGCGGAACCTGCGCGGCTACTACAACCAGAGCGAGGCCG,GGTCTCACACCCTCCAGTGGATGTATGGCTGCGACCTGGGGCCCGACGGGCGCCTCCTCCGCGGGTATGACCAGTCCGCCTACGACGGCAAGGATTACATCGCCCTGAACGAGGACCTGCGCTCCTGGACTGCCGCGGACACGGCGGCTCAGATCACCCAGCGCAAGTGGGAGGCGGCCCGTGAGGCGGAGCAGTGGAGAGCCTACCTGGAGGGCACGTGCGTGGAGTGGCTCCGCAGATACCTGGAGAACGGGAAGGAGACGCTGCAGCGCGCGG
C*12:03:16,GCTCCCACTCCATGAGGTATTTCTACACCGCCGTGTCCCGGCCCGGCCGCGGAGAGCCCCGCTTCATCGCAGTGGGCTACGTGGACGACACGCAGTTCGTGCGGTTCGACAGCGACGCCGCGAGTCCAAGAGGGGAGCCGCGGGCGCCGTGGGTGGAGCAGGAGGGGCCGGAGTATTGGGACCGGGAGACACAGAAGTACAAGCGCCAGGCACAGGCTGACCGAGTGAGCCTGCGGAACCTGCGCGGCTACTACAACCAGAGCGAGGCCG,GGTCTCACACCCTCCAGTGGATGTATGGCTGCGACCTGGGGCCCGACGGGCGCCTCCTCCGCGGGTATGACCAGTCCGCCTACGACGGCAAGGATTACATCGCCCTGAACGAGGACCTGCGCTCCTGGACCGCCGCGGACACCGCGGCTCAGATCACCCAGCGCAAGTGGGAGGCGGCCCGTGAGGCGGAGCAGTGGAGAGCCTACCTGGAGGGCACGTGCGTGGAGTGGCTCCGCAGATACCTGGAGAACGGGAAGGAGACGCTGCAGCGCGCGG
C*12:03:17,GCTCCCACTCCATGAGGTATTTCTACACCGCCGTGTCCCGGCCCGGCCGCGGAGAGCCCCGCTTCATCGCAGTGGGCTACGTGGACGACACGCAGTTCGTGCGGTTCGACAGCGACGCCGCGAGTCCAAGAGGGGAGCCGCGGGCGCCGTGGGTGGAGCAGGAGGGGCCGGAGTATTGGGACCGGGAGACACAGAAGTACAAGCGCCAGGCACAGGCTGACCGAGTGAGCCTGCGGAACCTGCGCGGCTACTACAACCAGAGCGAGGCCG,GGTCTCACACCCTCCAGTGGATGTATGGCTGCGACCTGGGGCCCGACGGGCGCCTCCTCCGCGGGTATGACCAGTCCGCCTACGACGGCAAGGATTACATCGCCCTGAACGAGGACCTGCGCTCCTGGACTGCCGCGGACACAGCGGCTCAGATCACCCAGCGCAAGTGGGAGGCGGCCCGTGAGGCGGAGCAGTGGAGAGCCTACCTGGAGGGCACGTGCGTGGAGTGGCTCCGCAGATACCTGGAGAACGGGAAGGAGACGCTGCAGCGCGCGG
C*12:03:18,GCTCCCACTCCATGAGGTATTTCTACACCGCCGTGTCCCGGCCCGGCCGCGGAGAGCCCCGCTTCATCGCAGTGGGCTACGTGGACGACACGCAGTTCGTGCGGTTCGACAGCGACGCCGCGAGTCCAAGAGGGGAGCCGCGGGCGCCGTGGGTGGAGCAGGAGGGGCCGGAGTATTGGGACCGGGAGACACAGAAGTACAAGCGCCAGGCACAGGCTGACCGAGTGAGCCTGCGGAACCTGCGCGGCTACTACAACCAGAGCGAGGCCG,GGTCTCACACCCTCCAGTGGATGTATGGCTGCGACCTGGGGCCCGACGGCCGCCTCCTCCGCGGGTATGACCAGTCCGCCTACGACGGCAAGGATTACATCGCCCTGAACGAGGACCTGCGCTCCTGGACTGCCGCGGACACGGCGGCTCAGATCACCCAGCGCAAGTGGGAGGCGGCCCGTGAGGCGGAGCAGTGGAGAGCCTACCTGGAGGGCACGTGCGTGGAGTGGCTCCGCAGATACCTGGAGAACGGGAAGGAGACGCTGCAGCGCGCGG
C*12:03:19,GCTCCCACTCCATGAGGTATTTCTACACCGCCGTGTCCCGGCCCGGCCGCGGAGAGCCCCGCTTCATCGCAGTGGGCTACGTGGACGACACGCAGTTCGTGCGGTTCGACAGCGACGCCGCGAGTCCAAGAGGGGAGCCGCGGGCGCCGTGGGTGGAGCAGGAGGGGCCGGAGTATTGGGACCGGGAGACACAGAAGTACAAGCGCCAGGCACAGGCTGACCGAGTGAGCCTGCGGAACCTGCGCGGCTACTACAACCAGAGCGAGGCCG,GGTCTCACACCCTCCAGTGGATGTATGGCTGCGACCTGGGGCCCGACGGGCGCCTCCTCCGCGGGTATGACCAGTCCGCCTACGACGGCAAGGATTACATCGCCCTGAACGAGGACCTGCGCTCCTGGACCGCTGCGGACACGGCGGCTCAGATCACCCAGCGCAAGTGGGAGGCGGCCCGTGAGGCGGAGCAGTGGAGAGCCTACCTGGAGGGCACGTGCGTGGAGTGGCTCCGCAGATACCTGGAGAACGGGAAGGAGACGCTGCAGCGCGCGG
C*12:03:20,GCTCCCACTCCATGAGGTATTTCTACACCGCCGTGTCCCGGCCCGGCCGCGGAGAGCCCCGCTTCATCGCAGTGGGCTACGTGGACGACACGCAGTTCGTGCGGTTCGACAGCGACGCCGCGAGTCCAAGAGGGGAGCCGCGGGCGCCGTGGGTGGAGCAGGAGGGGCCGGAGTATTGGGACCGGGAGACACAGAAGTACAAGCGCCAGGCACAGGCTGACCGAGTGAGCCTGCGGAACCTGCGCGGCTACTACAACCAGAGCGAGGCCG,GGTCTCACACCCTCCAGTGGATGTATGGCTGCGACCTGGGGCCCGACGGGCGCCTCCTCCGCGGGTATGACCAGTCCGCCTACGACGGCAAGGATTACATCGCCCTGAACGAGGATCTGCGCTCCTGGACCGCCGCGGACACGGCGGCTCAGATCACCCAGCGCAAGTGGGAGGCGGCCCGTGAGGCGGAGCAGTGGAGAGCCTACCTGGAGGGCACGTGCGTGGAGTGGCTCCGCAGATACCTGGAGAACGGGAAGGAGACGCTGCAGCGCGCGG
C*12:03:21,GCTCCCACTCCATGAGGTATTTCTACACCGCCGTGTCCCGGCCCGGCCGCGGAGAGCCCCGCTTCATCGCAGTGGGCTACGTGGACGACACGCAGTTCGTGCGGTTCGACAGCGACGCCGCGAGTCCAAGAGGGGAGCCGCGGGCGCCGTGGGTGGAGCAGGAGGGGCCGGAGTATTGGGACCGGGAGACACAGAAGTACAAGCGCCAGGCACAGGCTGACCGAGTGAGCCTGCGGAACCTGCGCGGCTACTACAACCAGAGCGAGGCCG,GGTCTCACACCCTCCAGTGGATGTATGGCTGCGACCTGGGGCCCGACGGGCGCCTCCTCCGCGGGTATGACCAGTCCGCCTACGACGGCAAGGATTACATCGCCCTGAACGAGGACCTGCGCTCCTGGACTGCCGCGGACACGGCGGCTCAGATCACCCAGCGCAAGTGGGAGGCGGCCCGTGAGGCGGAGCAGTGGAGAGCCTACCTGGAGGGCACCTGCGTGGAGTGGCTCCGCAGATACCTGGAGAACGGGAAGGAGACGCTGCAGCGCGCGG
C*12:03:22,GCTCCCACTCCATGAGGTATTTCTACACCGCCGTGTCCCGGCCCGGCCGCGGAGAGCCCCGCTTCATCGCAGTGGGCTACGTGGACGACACGCAGTTCGTGCGGTTCGACAGCGACGCCGCGAGTCCAAGAGGGGAGCCGCGGGCGCCGTGGGTGGAGCAGGAGGGGCCGGAGTATTGGGACCGGGAGACACAGAAGTACAAGCGCCAGGCACAGGCTGACCGAGTGAGCCTGCGGAACCTGCGCGGCTACTACAACCAGAGCGAGGCCG,GGTCTCACACCCTCCAGTGGATGTATGGCTGCGACCTGGGGCCCGACGGGCGCCTCCTCCGCGGGTATGACCAGTCCGCCTACGACGGCAAGGATTACATCGCCCTGAACGAGGACCTGCGCTCCTGGACTGCCGCGGACACGGCGGCTCAGATCACCCAGCGCAAGTGGGAGGCGGCCCGTGAGGCGGAGCAGTGGAGAGCCTACTTGGAGGGCACGTGCGTGGAGTGGCTCCGCAGATACCTGGAGAACGGGAAGGAGACGCTGCAGCGCGCGG
C*12:03:23,GCTCCCACTCCATGAGGTATTTCTACACCGCTGTGTCCCGGCCCGGCCGCGGAGAGCCCCGCTTCATCGCAGTGGGCTACGTGGACGACACGCAGTTCGTGCGGTTCGACAGCGACGCCGCGAGTCCAAGAGGGGAGCCGCGGGCGCCGTGGGTGGAGCAGGAGGGGCCGGAGTATTGGGACCGGGAGACACAGAAGTACAAGCGCCAGGCACAGGCTGACCGAGTGAGCCTGCGGAACCTGCGCGGCTACTACAACCAGAGCGAGGCCG,GGTCTCACACCCTCCAGTGGATGTATGGCTGCGACCTGGGGCCCGACGGGCGCCTCCTCCGCGGGTATGACCAGTCCGCCTACGACGGCAAGGATTACATCGCCCTGAACGAGGACCTGCGCTCCTGGACTGCCGCGGACACGGCGGCTCAGATCACCCAGCGCAAGTGGGAGGCGGCCCGTGAGGCGGAGCAGTGGAGAGCCTACCTGGAGGGCACGTGCGTGGAGTGGCTCCGCAGATACCTGGAGAACGGGAAGGAGACGCTGCAGCGCGCGG
C*12:03:24,GCTCCCACTCCATGAGGTATTTCTACACCGCCGTGTCCCGGCCCGGCCGCGGAGAGCCCCGCTTCATCGCAGTGGGCTACGTGGACGACACGCAGTTCGTGCGGTTCGACAGCGACGCCGCCAGTCCAAGAGGGGAGCCGCGGGCGCCGTGGGTGGAGCAGGAGGGGCCGGAGTATTGGGACCGGGAGACACAGAAGTACAAGCGCCAGGCACAGGCTGACCGAGTGAGCCTGCGGAACCTGCGCGGCTACTACAACCAGAGCGAGGCCG,GGTCTCACACCCTCCAGTGGATGTATGGCTGCGACCTGGGGCCCGACGGGCGCCTCCTCCGCGGGTATGACCAGTCCGCCTACGACGGCAAGGATTACATCGCCCTGAACGAGGACCTGCGCTCCTGGACTGCCGCGGACACGGCGGCTCAGATCACCCAGCGCAAGTGGGAGGCGGCCCGTGAGGCGGAGCAGTGGAGAGCCTACCTGGAGGGCACGTGCGTGGAGTGGCTCCGCAGATACCTGGAGAACGGGAAGGAGACGCTGCAGCGCGCGG
C*12:03:25,GCTCCCACTCCATGAGGTATTTCTACACCGCCGTGTCCCGGCCCGGCCGCGGGGAGCCCCGCTTCATCGCAGTGGGCTACGTGGACGACACGCAGTTCGTGCGGTTCGACAGCGACGCCGCGAGTCCAAGAGGGGAGCCGCGGGCGCCGTGGGTGGAGCAGGAGGGGCCGGAGTATTGGGACCGGGAGACACAGAAGTACAAGCGCCAGGCACAGGCTGACCGAGTGAGCCTGCGGAACCTGCGCGGCTACTACAACCAGAGCGAGGCCG,GGTCTCACACCCTCCAGTGGATGTATGGCTGCGACCTGGGGCCCGACGGGCGCCTCCTCCGCGGGTATGACCAGTCCGCCTACGACGGCAAGGATTACATCGCCCTGAACGAGGACCTGCGCTCCTGGACTGCCGCGGACACGGCGGCTCAGATCACCCAGCGCAAGTGGGAGGCGGCCCGTGAGGCGGAGCAGTGGAGAGCCTACCTGGAGGGCACGTGCGTGGAGTGGCTCCGCAGATACCTGGAGAACGGGAAGGAGACGCTGCAGCGCGCGG
C*12:04:01,GCTCCCACTCCATGAGGTATTTCTACACCGCCGTGTCCCGGCCCGGCCGCGGAGAGCCCCGCTTCATCGCAGTGGGCTACGTGGACGACACGCAGTTCGTGCGGTTCGACAGCGACGCCGCGAGTCCGAGAGGGGAGCCGCGGGCGCCGTGGGTGGAGCAGGAGGGGCCGGAGTATTGGGACCGGGAGACACAGAAGTACAAGCGCCAGGCACAGGCTGACCGAGTGAACCTGCGGAAACTGCGCGGCTACTACAACCAGAGCGAGGCCG,GGTCTCACACCCTCCAGTGGATGTATGGCTGCGACCTGGGGCCCGACGGGCGCCTCCTCCGCGGGTATGACCAGTCCGCCTACGACGGCAAGGATTACATCGCCCTGAACGAGGACCTGCGCTCCTGGACCGCCGCGGACACGGCGGCTCAGATCACCCAGCGCAAGTGGGAGGCGGCCCGTGAGGCGGAGCAGTGGAGAGCCTACCTGGAGGGCACGTGCGTGGAGTGGCTCCGCAGATACCTGGAGAACGGGAAGGAGACGCTGCAGCGCGCGG
C*12:04:02,GCTCCCACTCCATGAGGTATTTCTACACCGCCGTGTCCCGGCCCGGCCGCGGAGAGCCCCGCTTCATCGCAGTGGGCTACGTGGACGACACGCAGTTCGTGCGGTTCGACAGCGACGCCGCGAGTCCAAGAGGGGAGCCGCGGGCGCCGTGGGTGGAGCAGGAGGGGCCGGAGTATTGGGACCGGGAGACACAGAAGTACAAGCGCCAGGCACAGGCTGACCGAGTGAACCTGCGGAAACTGCGCGGCTACTACAACCAGAGCGAGGCCG,GGTCTCACACCCTCCAGTGGATGTATGGCTGCGACCTGGGGCCCGACGGGCGCCTCCTCCGCGGGTATGACCAGTCCGCCTACGACGGCAAGGATTACATCGCCCTGAACGAGGACCTGCGCTCCTGGACTGCCGCGGACACGGCGGCTCAGATCACCCAGCGCAAGTGGGAGGCGGCCCGTGAGGCGGAGCAGTGGAGAGCCTACCTGGAGGGCACGTGCGTGGAGTGGCTCCGCAGATACCTGGAGAACGGGAAGGAGACGCTGCAGCGCGCGG
C*12:05,GCTCCCACTCCATGAGGTATTTCTACACCGCCGTGTCCCGGCCCGGCCGCGGAGAGCCCCGCTTCATCGCAGTGGGCTACGTGGACGACACGCAGTTCGTGCGGTTCGACAGCGACGCCGCGAGTCCAAGAGGGGAGCCGCGGGCGCCGTGGGTGGAGCAGGAGGGGCCGGAGTATTGGGACCGGGAGACACAGAAGTACAAGCGCCAGGCACAGACTGACCGAGTGAACCTGCGGAAACTGCGCGGCTACTACAACCAGAGCGAGGCCG,GGTCTCACACCCTCCAGTGGATGTATGGCTGCGACCTGGGGCCCGACGGGCGCCTCCTCCGCGGGTATGACCAGTCCGCCTACGACGGCAAGGATTACATCGCCCTGAACGAGGACCTGCGCTCCTGGACTGCCGCGGACACGGCGGCTCAGATCACCCAGCGCAAGTGGGAGGCGGCCCGTGAGGCGGAGCAGTGGAGAGCCTACCTGGAGGGCACGTGCGTGGAGTGGCTCCGCAGATACCTGGAGAACGGGAAGGAGACGCTGCAGCGCGCGG
C*12:06,GCTCCCACTCCATGAGGTATTTCTACACCGCCGTGTCCCGGCCCGGCCGCGGAGAGCCCCGCTTCATCGCAGTGGGCTACGTGGACGACACGCAGTTCGTGCGGTTCGACAGCGACGCCGCGAGTCCAAGAGGGGAGCCGCGGGCGCCGTGGGTGGAGCAGGAGGGGCCGGAGTATTGGGACCGGGAGACACAGAAGTACAAGCGCCAGGCACAGGCTGACCGAGTGAGCCTGCGGAACCTGCGCGGCTACTACAACCAGAGCGAGGCCG,GGTCTCACACCCTCCAGTGGATGTATGGCTGCGACCTGGGGCCCGACGGGCGCCTCCTCCGCGGGTATGACCAGTCCGCCTACGACGTCAAGGATTACATCGCCCTGAACGAGGACCTGCGCTCCTGGACTGCCGCGGACACGGCGGCTCAGATCACCCAGCGCAAGTGGGAGGCGGCCCGTGAGGCGGAGCAGTGGAGAGCCTACCTGGAGGGCACGTGCGTGGAGTGGCTCCGCAGATACCTGGAGAACGGGAAGGAGACGCTGCAGCGCGCGG
C*12:07,GCTCCCACTCCATGAGGTATTTCTACACCGCCGTGTCCCGGCCCGGCCGCGGAGAGCCCCGCTTCATCGCAGTGGGCTACGTGGACGACACGCAGTTCGTGCGGTTCGACAGCGACGCCGCGAGTCCAAGAGGGGAGCCGCGGGCGCCGTGGGTGGAGCAGGAGGGGCCGGAGTATTGGGACCGGGAGACACAGAAGTACAAGCGCCAGGCACAGGCTGACCGAGTGGGCCTGCGGAACCTGCGCGGCTACTACAACCAGAGCGAGGCCG,GGTCTCACACCCTCCAGTGGATGTATGGCTGCGACCTGGGGCCCGACGGGCGCCTCCTCCGCGGGTATGACCAGTCCGCCTACGACGGCAAGGATTACATCGCCCTGAACGAGGACCTGCGCTCCTGGACTGCCGCGGACACGGCGGCTCAGATCACCCAGCGCAAGTGGGAGGCGGCCCGTGAGGCGGAGCAGTGGAGAGCCTACCTGGAGGGCACGTGCGTGGAGTGGCTCCGCAGATACCTGGAGAACGGGAAGGAGACGCTGCAGCGCGCGG
C*12:08,GCTCCCACTCCATGAGGTATTTCTACACCGCCGTGTCCCGGCCCGGCCGCGGAGAGCCCCGCTTCATCGCAGTGGGCTACGTGGACGACACGCAGTTCGTGCGGTTCGACAGCGACGCCGCGAGTCCAAGAGGGGAGCCGCGGGCGCCGTGGGTGGAGCAGGAGGGGCCGGAGTATTGGGACCGGGAGACACAGAACTACAAGCGCCAGGCACAGGCTGACCGAGTGAGCCTGCGGAACCTGCGCGGCTACTACAACCAGAGCGAGGCCG,GGTCTCACACCCTCCAGAGGATGTACGGCTGCGACCTGGGGCCCGACGGGCGCCTCCTCCGCGGGTATGACCAGTCCGCCTACGACGGCAAGGATTACATCGCCCTGAACGAGGACCTGCGCTCCTGGACCGCTGCGGACACGGCGGCTCAGATCACCCAGCGCAAGTGGGAGGCGGCCCGTGAGGCGGAGCAGTGGAGAGCCTACCTGGAGGGCACGTGCGTGGAGTGGCTCCGCAGATACCTGGAGAACGGGAAGGAGACGCTGCAGCGCGCGG
C*12:09,GCTCCCACTCCATGAGGTATTTCTACACCGCCGTGTCCCGGCCCGGCCGCGGAGAGCCCCGCTTCATCGCAGTGGGCTACGTGGACGACACGCAGTTCGTGCGGTTCGACAGCGACGCCGCGAGTCCAAGAGGGGAGCCGCGGGCGCCGTGGGTGGAGCAGGAGGGGCCGGAGTATTGGGACCGGGAGACACAGAAGTACAAGCGCCAGGCACAGACTGACCGAGTGAACCTGCGGAAACTGCGCGGCTACTACAACCAGAGCGAGGCCG,GGTCTCACACCCTCCAGTGGATGTATGGCTGCGACCTGGGGCCCGACGGGCGCCTCCTCCGCGGGTATGACCAGTCCGCCTACGACGGCAAGGATTACATCGCCCTGAACGAGGACCTGCGCTCCTGGACCGCCGCGGACACGGCGGCTCAGATCACCCAGCGCAAGTGGGAGGCGGCCCGTGAGGCGGAGCAGCGGAGAGCCTACCTGGAGGGCACGTGCGTGGAGTGGCTCCGCAGATACCTGGAGAACGGGAAGGAGACGCTGCAGCGCGCGG
C*12:10:01,GCTCCCACTCCATGAGGTATTTCTACACCGCCGTGTCCCGGCCCGGCCGCGGAGAGCCCCGCTTCATCGCAGTGGGCTACGTGGACGACACGCAGTTCGTGCGGTTCGACAGCGACGCCGCGAGTCCAAGAGGGGAGCCGCGGGCGCCGTGGGTGGAGCAGGAGGGGCCGGAGTATTGGGACCGGGAGACACAGAAGTACAAGCGCCAGGCACAGGCTGACCGAGTGAGCCTGCGGAACCTGCGCGGCTACTACAACCAGAGCGAGGCCG,GGTCTCACACCCTCCAGAGGATGTTTGGCTGCGACCTGGGGCCGGACGGGCGCCTCCTCCGCGGGTATGACCAGTCCGCCTACGACGGCAAGGATTACATCGCCCTGAACGAGGACCTGCGCTCCTGGACCGCTGCGGACACGGCGGCTCAGATCACCCAGCGCAAGTGGGAGGCGGCCCGTGAGGCGGAGCAGTGGAGAGCCTACCTGGAGGGCACGTGCGTGGAGTGGCTCCGCAGATACCTGGAGAACGGGAAGGAGACGCTGCAGCGCGCGG
C*12:10:02,GCTCCCACTCCATGAGGTATTTCTACACCGCCGTGTCCCGGCCCGGCCGCGGAGAGCCCCGCTTCATCGCAGTGGGCTACGTGGACGACACGCAGTTCGTGCGGTTCGACAGCGACGCCGCGAGTCCAAGAGGGGAGCCGCGGGCGCCGTGGGTGGAGCAGGAGGGGCCGGAGTATTGGGACCGGGAGACACAGAAGTACAAGCGCCAGGCACAGGCTGACCGAGTGAGCCTGCGGAACCTGCGCGGCTACTACAACCAGAGCGAGGCCG,GGTCTCACACCCTCCAGAGGATGTTTGGCTGCGACCTGGGGCCCGACGGGCGCCTCCTCCGCGGGTATGACCAGTCCGCCTACGACGGCAAGGATTACATCGCCCTGAACGAGGACCTGCGCTCCTGGACCGCTGCGGACACGGCGGCTCAGATCACCCAGCGCAAGTGGGAGGCGGCCCGTGAGGCGGAGCAGTGGAGAGCCTACCTGGAGGGCACGTGCGTGGAGTGGCTCCGCAGATACCTGGAGAACGGGAAGGAGACGCTGCAGCGCGCGG
C*12:11,GCTCCCACTCCATGAGGTATTTCTACACCGCCGTGTCCCGGCCCGGCCGCGGAGAGCCCCGCTTCATCGCAGTGGGCTACGTGGACGACACGCAGTTCGTGCGGTTCGACAGCGACGCCGCGAGTCCAAGAGGGGAGCCGCGGGCGCCGTGGGTGGAGCAGGAGGGGCCGGAGTATTGGGACCGGGAGACACAGAAGTACAAGCGCCAGGCACAGGCTGACCGAGTGAGCCTGCGGAACCTGCGCGGCTACTACAACCAGAGCGAGGCCG,GGTCTCACACCCTCCAGTGGATGTCTGGCTGCGACCTGGGGCCCGACGGGCGCCTCCTCCGCGGGTATGACCAGTCCGCCTACGACGGCAAGGATTACATCGCCCTGAACGAGGACCTGCGCTCCTGGACTGCCGCGGACACGGCGGCTCAGATCACCCAGCGCAAGTGGGAGGCGGCCCGTGAGGCGGAGCAGTGGAGAGCCTACCTGGAGGGCACGTGCGTGGAGTGGCTCCGCAGATACCTGGAGAACGGGAAGGAGACGCTGCAGCGCGCGG
C*12:12,GCTCCCACTCCATGAGGTATTTCTACACCGCCGTGTCCCGGCCCGGCCGCGGAGAGCCCCGCTTCATCGCAGTGGGCTACGTGGACGACACGCAGTTCGTGCGGTTCGACAGCGACGCCGCGAGTCCAAGAGGGGAGCCGCGGGCGCCGTGGGTGGAGCAGGAGGGGCCGGAGTATTGGGACCGGGAGACACAGAAGTACAAGCGCCAGGCACAGGCTGACCGAGAGAGCCTGCGGAACCTGCGCGGCTACTACAACCAGAGCGAGGCCG,GGTCTCACACCCTCCAGTGGATGTATGGCTGCGACCTGGGGCCCGACGGGCGCCTCCTCCGCGGGTATGACCAGTCCGCCTACGACGGCAAGGATTACATCGCCCTGAACGAGGACCTGCGCTCCTGGACTGCCGCGGACACGGCGGCTCAGATCACCCAGCGCAAGTGGGAGGCGGCCCGTGAGGCGGAGCAGTGGAGAGCCTACCTGGAGGGCACGTGCGTGGAGTGGCTCCGCAGATACCTGGAGAACGGGAAGGAGACGCTGCAGCGCGCGG
C*12:13,GCTCCCACTCCATGAGGTATTTCTACACCGCCGTGTCCCGGCCCGGCCGCGGAGAGCCCCGCTTCATCGCAGTGGGCTACGTGGACGACACGCAGTTCGTGCGGTTCGACAGCGACGCCGCGAGTCCAAGAGGGGAGCCGCGGGCGCCGTGGGTGGAGCAGGAGGGGCCGGAGTATTGGGACCGGGAGACACAGAAGTACAAGCGCCAGGCACAGGCTGACCGAGTGAGCCTGCGGAACCTGCGCGGCTACTACAACCAGAGCGAGGCCG,GGTCTCACACCCTCCAGTGGATGTATGGCTGCGACCTGGGGCCCGACGGGCGCCTCCTCCGCGGGTATGACCAGTCCGCCTACGACGGCAAGGATTACATCGCCCTGAACGAGGACCTGCGCTCCTGGATTGCCGCGGACACGGCGGCTCAGATCACCCAGCGCAAGTGGGAGGCGGCCCGTGAGGCGGAGCAGTGGAGAGCCTACCTGGAGGGCACGTGCGTGGAGTGGCTCCGCAGATACCTGGAGAACGGGAAGGAGACGCTGCAGCGCGCGG
C*12:14:01,GCTCCCACTCCATGAGGTATTTCTACACCGCCGTGTCCCGGCCCGGCCGCGGAGAGCCCCGCTTCATCGCAGTGGGCTACGTGGACGACACGCAGTTCGTGCGGTTCGACAGCGACGCCGCGAGTCCAAGAGGGGAGCCGCGGGCGCCGTGGGTGGAGCAGGAGGGGCCGGAGTATTGGGACCGGGAGACACAGAAGTACAAGCGCCAGGCACAGGCTGACCGAGTGAGCCTGCGGAACCTGCGCGGCTACTACAACCAGAGCGAGGCCG,GGTCTCACACCCTCCAGAGGATGTACGGCTGCGACCTGGGGCCCGACGGGCGCCTCCTCCGCGGGTATGACCAGTCCGCCTACGACGGCAAGGATTACATCGCCCTGAACGAGGACCTGCGCTCCTGGACCGCCGCGGACACCGCGGCTCAGATCACCCAGCGCAAGTTGGAGGCGGCCCGTGCGGCGGAGCAGCTGAGAGCCTACCTGGAGGGCACGTGCGTGGAGTGGCTCCGCAGATACCTGGAGAACGGGAAGGAGACGCTGCAGCGCGCGG
C*12:14:02,GCTCCCACTCCATGAGGTATTTCTACACCGCCGTGTCCCGGCCCGGCCGCGGAGAGCCCCGCTTCATCGCAGTGGGCTACGTGGACGACACGCAGTTCGTGCGGTTCGACAGCGACGCCGCGAGTCCAAGAGGGGAGCCGCGGGCGCCGTGGGTGGAGCAGGAGGGGCCGGAGTATTGGGACCGGGAGACACAGAAGTACAAGCGCCAGGCACAGGCTGACCGAGTGAGCCTGCGGAACCTGCGCGGCTACTACAACCAGAGCGAGGCCG,GGTCTCACACCCTCCAGAGGATGTACGGCTGCGACCTGGGGCCCGACGGGCGCCTCCTCCGCGGGTATGACCAGTCCGCCTACGACGGCAAGGATTACATCGCCCTGAACGAGGACCTGCGCTCCTGGACCGCTGCGGACACGGCGGCTCAGATCACCCAGCGCAAGTTGGAGGCGGCCCGTGCGGCGGAGCAGCTGAGAGCCTACCTGGAGGGCACGTGCGTGGAGTGGCTCCGCAGATACCTGGAGAACGGGAAGGAGACGCTGCAGCGCGCGG
C*12:15,GCTCCCACTCCATGAGGTATTTCTACACCGCCGTGTCCCGGCCCGGCCGCGGAGAGCCCCGCTTCATCGCAGTGGGCTACGTGGACGACACGCAGTTCGTGCGGTTCGACAGCGACGCCGCGAGTCCAAGAGGGGAGCCGCGGGCGCCGTGGGTGGAGCAGGAGGGGCCGGAGTATTGGGACCGGGAGACACAGAAGTACAAGCGCCAGGCACAGGCTGACCGAGTGAGCCTGCGGAACCTGCGCGGCTACTACAACCAGAGCGAGGCCG,GGTCTCACACCCTCCAGTGGATGTATGGCTGCGACCTGGGGCCCGACGGGCGCCTCCTCCGCGGGCATGACCAGTTAGCCTACGACGGCAAGGATTACATCGCCCTGAACGAGGACCTGCGCTCCTGGACTGCCGCGGACACGGCGGCTCAGATCACCCAGCGCAAGTGGGAGGCGGCCCGTGAGGCGGAGCAGTGGAGAGCCTACCTGGAGGGCACGTGCGTGGAGTGGCTCCGCAGATACCTGGAGAACGGGAAGGAGACGCTGCAGCGCGCGG
C*12:16,GCTCCCACTCCATGAGGTATTTCGACACCGCCGTGTCCCGGCCCGGCCGCGGAGAGCCCCGCTTCATCTCAGTGGGCTACGTGGACGACACGCAGTTCGTGCGGTTCGACAGCGACGCCGCGAGTCCAAGAGGGGAGCCGCGGGCGCCGTGGGTGGAGCAGGAGGGGCCGGAGTATTGGGACCGGGAGACACAGAAGTACAAGCGCCAGGCACAGGCTGACCGAGTGAGCCTGCGGAACCTGCGCGGCTACTACAACCAGAGCGAGGCCG,GGTCTCACACCCTCCAGAGGATGTACGGCTGCGACCTGGGGCCCGACGGGCGCCTCCTCCGCGGGTATGACCAGTCCGCCTACGACGGCAAGGATTACATCGCCCTGAACGAGGACCTGCGCTCCTGGACCGCTGCGGACACGGCGGCTCAGATCACCCAGCGCAAGTGGGAGGCGGCCCGTGAGGCGGAGCAGTGGAGAGCCTACCTGGAGGGCACGTGCGTGGAGTGGCTCCGCAGATACCTGGAGAACGGGAAGGAGACGCTGCAGCGCGCGG
C*12:17,GCTCCCACTCCATGAGGTATTTCTACACCGCCGTGTCCCGGCCCGGCCGCGGAGAGCCCCGCTTCATCGCAGTGGGCTACGTGGACGACACGCAGTTCGTGCGGTTCGACAGCGACGCCGCGAGTCCAAGAGGGGAGCCGCGGGCGCCGTGGGTGGAGCAGGAGGGGCCGGAGTATTGGGACCGGGAGACACAGAAGTACAAGCGCCAGGCACAGGCTGACGGAGTGAGCCTGCGGAACCTGCGCGGCTACTACAACCAGAGCGAGGCCG,GGTCTCACACCCTCCAGAGGATGTACGGCTGCGACCTGGGGCCCGACGGGCGCCTCCTCCGCGGGTATGACCAGTCCGCCTACGACGGCAAGGATTACATCGCCCTGAACGAGGACCTGCGCTCCTGGACCGCTGCGGACACGGCGGCTCAGATCACCCAGCGCAAGTGGGAGGCGGCCCGTGAGGCGGAGCAGTGGAGAGCCTACCTGGAGGGCACGTGCGTGGAGTGGCTCCGCAGATACCTGGAGAACGGGAAGGAGACGCTGCAGCGCGCGG
C*12:18:01,GCTCCCACTCCATGAGGTATTTCTACACCGCCGTGTCCCGGCCCGGCCGCGGAGAGCCCCGCTTCATCGCAGTGGGCTACGTGGACGACACGCAGTTCGTGCGGTTCGACAGCGACGCCGCGAGTCCAAGAGGGGAGCCGCGGGCGCCGTGGGTGGAGCAGGAGGGGCCGGAGTATTGGGACCGGGAGACACAGAAGTACAAGCGCCAGGCACAGGCTGACCGAGTGAGCCTGCGGAACCTGCGCGGCTACTACAACCAGAGCGAGGCCG,GGTCTCACACCCTCCAGAGGATGTACGGCTGCGACCTGGGGCCCGACGGGCGCCTCCTCCGCGGGTATGACCAGTCCGCCTACGACGGCAAGGATTACATCGCCCTGAACGAGGACCTGCGCTCCTGGACCGCTGCGGACACGGCGGCTCAGATCACCCAGCGCAAGTGGGAGGCGGCCCGTGAGGCGGAGCAGCTGAGAGCCTACCTGGAGGGCACGTGCGTGGAGTGGCTCCGCAGATACCTGGAGAACGGGAAGGAGACGCTGCAGCGCGCGG
C*12:18:02,GCTCCCACTCCATGAGGTATTTCTACACCGCCGTGTCCCGGCCCGGCCGCGGAGAGCCCCGCTTCATCGCAGTGGGCTACGTGGACGACACGCAGTTCGTGCGGTTCGACAGCGACGCCGCGAGTCCAAGAGGGGAGCCGCGGGCGCCGTGGGTGGAGCAGGAGGGGCCGGAGTATTGGGACCGGGAGACACAGAAGTACAAGCGCCAGGCACAGGCTGACCGAGTGAGCCTGCGGAACCTGCGCGGCTACTACAACCAGAGCGAGGCCG,GGTCTCACACCCTCCAGAGGATGTACGGCTGCGACCTGGGGCCCGACGGGCGCCTCCTCCGCGGGTATGACCAGTCCGCCTACGACGGCAAGGATTACATCGCCCTGAACGAGGACCTGCGCTCCTGGACCGCCGCGGACACGGCGGCTCAGATCACCCAGCGCAAGTGGGAGGCGGCCCGTGAGGCGGAGCAGCTGAGAGCCTACCTGGAGGGCACGTGCGTGGAGTGGCTCCGCAGATACCTGGAGAACGGGAAGGAGACGCTGCAGCGCGCGG
C*12:19,GCTCCCACTCCATGAGGTATTTCTACACCGCCGTGTCCCGGCCCGGCCGCGGAGAGCCCCGCTTCATCGCAGTGGGCTACGTGGACGACACGCAGTTCGTGCGGTTCGACAGCGACGCCGCGAGTCCAAGAGGGGAGCCGCGGGCGCCGTGGGTGGAGCAGGAGGGGCCGGAGTATTGGGACCGGGAGACACAGAAGTACAAGCGCCAGGCACAGGCTGACCGAGTGAGCCTGCGGAACCTGCGCGGCTACTACAACCAGAGCGAGGCCG,GGTCTCACACCCTCCAGTGGATGTATGGCTGCGACCTGGGGCCCCACGGGCGCCTCCTCCGCGGGTATGACCAGTCCGCCTACGACGGCAAGGATTACATCGCCCTGAACGAGGACCTGCGCTCCTGGACCGCCGCGGACACGGCGGCTCAGATCACCCAGCGCAAGTGGGAGGCGGCCCGTGAGGCGGAGCAGTGCAGAGCCTACCTGGAGGGCACGTGCGTGGAGTGGCTCCGCAGATACCTGGAGAACGGGAAGGAGACGCTGCAGCGCGCGG
C*12:20,GCTCCCACTCCATGAGGTATTTCTACACCGCCGTGTCCCGGCCCGGCCGCGGAGAGCCCCGCTTCATCGCAGTGGGCTACGTGGACGACACGCAGTTCGTGCGGTTCGACAGCGACGCCGCGAGTCCAAGAGGGGAGCCGCGGGCGCCGTGGGTGGAGCAGGAGGGGCCGGAGTATTGGGACCGGGAGACACAGAAGTACAAGCGCCAGGCACAGGCTGACCGAGTGAGCCTGCGGAACCTGCGCGGCTACTACAACCAGAGCGAGGCCG,GGTCTCACACCCTCCAGTGGATGTATGGCTGCGACCTGGGGCCCGACGGGCGCCTCCTCCGCGGGTATGACCAGTCCGCCTACGACGGCAAGGATTACATCGCCCTGAACGAGGACCTGCGCTCCTGGACTGCCGCGGACACGGCGGCTCAGATCACCCAGCGCAAGTGGGAGGCGGCCCGTGAGGCGGAGCAGCTGAGAGCCTACCTGGAGGGCACGTGCGTGGAGTGGCTCCGCAGATACCTGGAGAACGGGAAGGAGACGCTGCAGCGCGCGG
C*12:21,GCTCCCACTCCATGAGGTATTTCTACACCGCCGTGTCCCGGCCCGGCCGCGGAGAGCCCCGCTTCATCGCAGTGGGCTACGTGGACGACACGCAGTTCGTGCAGTTCGACAGCGACGCCGCGAGTCCAAGAGGGGAGCCGCGGGCGCCGTGGGTGGAGCAGGAGGGGCCGGAGTATTGGGACCGGGAGACACAGAAGTACAAGCGCCAGGCACAGACTGACCGAGTGAACCTGCGGAAACTGCGCGGCTACTACAACCAGAGCGAGGCCG,GGTCTCACACCCTCCAGAGGATGTATGGCTGCGACCTGGGGCCCGACGGGCGCCTCCTCCGCGGGTATGACCAGTCCGCCTACGACGGCAAGGATTACATCGCCCTGAACGAGGACCTGCGCTCCTGGACTGCCGCGGACACGGCGGCTCAGATCACCCAGCGCAAGTGGGAGGCGGCCCGTGAGGCGGAGCAGTGGAGAGCCTACCTGGAGGGCACGTGCGTGGAGTGGCTCCGCAGATACCTGGAGAACGGGAAGGAGACGCTGCAGCGCGCGG
C*12:22,GCTCCCACTCCATGAGGTATTTCTACACCGCCGTGTCCCGGCCCGGCCGCGGAGAGCCCCGCTTCATCGCAGTGGGCTACGTGGACGACACGCAGTTCGTGCGGTTCGACAGCGACGCCGCGAGTCCAAGAGGGGAGCCGCGGGCGCCGTGGGTGGAGCAGGAGGGGCCGGAGTATTGGGACCGGGAGACACAGAAGTACAAGCGCCAGGCACAGGCTGACCGAGTGAGCCTGCGGAACCTGCGCGGCTACTACAACCGGAGCGAGGCCG,GGTCTCACACCCTCCAGAGGATGTACGGCTGCGACCTGGGGCCCGACGGGCGCCTCCTCCGCGGGTATGACCAGTCCGCCTACGACGGCAAGGATTACATCGCCCTGAACGAGGACCTGCGCTCCTGGACCGCTGCGGACACGGCGGCTCAGATCACCCAGCGCAAGTGGGAGGCGGCCCGTGAGGCGGAGCAGTGGAGAGCCTACCTGGAGGGCACGTGCGTGGAGTGGCTCCGCAGATACCTGGAGAACGGGAAGGAGACGCTGCAGCGCGCGG
C*12:24,GCTCCCACTCCATGAGGTATTTCTACACCGCCGTGTCCCGGCCCGGCCGCGGAGAGCCCCGCTTCATCGCAGTGGGCTACGTGGACGACACGCAGTTCGTGCGGTTCGACAGCGACGCCGCGAGTCCAAGAGGGGAGCCGCGGGCGCCGTGGGTGGAGCAGGAGGGGCCGGAGTATTGGGACCGGGAGACACAGAAGTACAAGCGCCAGGCACAGGCTGACCGAGTGAGCCTGCGGAACCTGCGCGGCTACTACAACCAGAGCGAGGCCG,GGTCTCACACCCTCCAGTGGATGTATGGCTGCGACCTGGGGCCCGACGGGCGCCTCCTCCGCGGGTATGACCAGTCCGCCTACGACGGCAAGGATTACATCGCCCTGAACGAGGACCTGCGCTCCTGGACTGCCGCGGACACGGCGGCTCAGATCACCCAGCGCAAGTGGGAGGCGGCCCGTGAGGCGGAGCAGCGGAGAGCCTACCTGGAGGGCACGTGCGTGGAGTGGCTCCGCAGATACCTGGAGAACGGGAAGGAGACGCTGCAGCGCGCGG
C*12:25,GCTCCCACTCCATGAGGTATTTCTACACCGCCGTGTCCCGGCCCGGCCGCGGAGAGCCCCGCTTCATCGCAGTGGGCTACGTGGACGACACGCAGTTCGTGCGGTTCGACAGCGACGCCGCGAGTCCAAGAGGGGAGCCGCGGGCGCCGTGGGTGGAGCAGGAGGGGCCGGAGTATTGGGACCCGGAGACACAGAAGTACAAGCGCCAGGCACAGGCTGACCGAGTGAGCCTGCGGAACCTGCGCGGCTACTACAACCAGAGCGAGGCCG,GGTCTCACACCCTCCAGTGGATGTATGGCTGCGACCTGGGGCCCGACGGGCGCCTCCTCCGCGGGTATGACCAGTCCGCCTACGACGGCAAGGATTACATCGCCCTGAACGAGGACCTGCGCTCCTGGACTGCCGCGGACACGGCGGCTCAGATCACCCAGCGCAAGTGGGAGGCGGCCCGTGAGGCGGAGCAGTGGAGAGCCTACCTGGAGGGCACGTGCGTGGAGTGGCTCCGCAGATACCTGGAGAACGGGAAGGAGACGCTGCAGCGCGCGG
C*12:26,GCTCCCACTCCATGAGGTATTTCTACACCGCCGTGTCCCGGCCCGGCCGCGGAGAGCCCCGCTTCATCGCAGTGGGCTACGTGGACGACACGCAGTTCGTGCGGTTCGACAGCGACGCCGCGAGTCCAAGAGGGGAGCCGCGGGCGCCGTGGGTGGAGCAGGAGGGGCCGGAGTATTGGGACCGGGAGACACAGAAGTACAAGCGCCAGGCACAGGCTGACCGAGTGAGCCTGCGGAACCTGCGCGGCTACTACAACCAGAGCGAGGCCG,GGTCTCACACCCTCCAGTGGATGTATGGCTGCGACCTGGGGCCCGACGGGCGCCTCCTCCGCGGGTATGACCAGTCCGCCTACGACGGCAAGGATTACATCGCCCTGAACGAGGACCTGCGCTCCTGGACTGTCGCGGACACGGCGGCTCAGATCACCCAGCGCAAGTGGGAGGCGGCCCGTGAGGCGGAGCAGTGGAGAGCCTACCTGGAGGGCACGTGCGTGGAGTGGCTCCGCAGATACCTGGAGAACGGGAAGGAGACGCTGCAGCGCGCGG
C*12:27,GCTCCCACTCCATGAGGTATTTCTACACCGCCGTGTCCCGGCCCGGCCGCGGAGAGCCCCGCTTCATCGCAGTGGGCTACGTGGACGACACGCAGTTCGTGCGGTTCGACAGCGACGCCGCGAGTCCAAGAGGGGAGCCGCGGGCGCCGTGGGTGGAGCAGGAGGGGCCGGAGTATTGGGACCGGGAGACACAGAAGTACAAGCGCCAGGCACAGGCTGACCGAGTGAGCCTGCCGAACCTGCGCGGCTACTACAACCAGAGCGAGGCCG,GGTCTCACACCCTCCAGAGGATGTACGGCTGCGACCTGGGGCCCGACGGGCGCCTCCTCCGCGGGTATGACCAGTCCGCCTACGACGGCAAGGATTACATCGCCCTGAACGAGGACCTGCGCTCCTGGACCGCTGCGGACACGGCGGCTCAGATCACCCAGCGCAAGTGGGAGGCGGCCCGTGAGGCGGAGCAGTGGAGAGCCTACCTGGAGGGCACGTGCGTGGAGTGGCTCCGCAGATACCTGGAGAACGGGAAGGAGACGCTGCAGCGCGCGG
C*12:28,GCTCCCACTCCATGAGGTATTTCTACACCGCCGTGTCCCGGCCCGGCCGCGGAGAGCCCCGCTTCATCGCAGTGGGCTACGTGGACGACACGCAGTTCGTGCGGTTCGACAGCGACGCCGCGAGTCCAAGAGGGGAGCCGCGGGCGCCGTGGGTGGAGCAGGAGGGGCCGGAGTATTGGGACCGGGAGACACAGAAGTACAAGCGCCAGGCACAGGCTGACCGAGTGAGCCTGCGGAACCTGCGCGGCTACTACAACCAGAGCGAGGACG,GGTCTCACACCCTCCAGTGGATGTATGGCTGCGACCTGGGGCCCGACGGGCGCCTCCTCCGCGGGTATGACCAGTCCGCCTACGACGGCAAGGATTACATCGCCCTGAACGAGGACCTGCGCTCCTGGACTGCCGCGGACACGGCGGCTCAGATCACCCAGCGCAAGTGGGAGGCGGCCCGTGAGGCGGAGCAGTGGAGAGCCTACCTGGAGGGCACGTGCGTGGAGTGGCTCCGCAGATACCTGGAGAACGGGAAGGAGACGCTGCAGCGCGCGG
C*12:29,GCTCCCACTCCATGAGGTATTTCTACACCGCCGTGTCCCGGCCCGGCCGCGGAGAGCCCCGCTTCATCGCAGTGGGCTACGTGGACGACACGCAGTTCGTGCGGTTCGACAGCGACGCCGCGAGTCCAAGAGGGGAGCCGCGGGCGCCGTGGGTGGAGCAGGAGGGGCCGGAGTATTGGGACCGGGAGACACAGAAGTACAAGCGCCAGGCACAGGCTGACCGAGTGAGCCTGCGGAACCTGCGCGGCTACTACAACCAGAGCGAGGCCG,GGTCTCACACCCTCCAGTGGATGTATGGCTGCGACCTGGGGCCCGACGGGCGCCTCCTCCGCGGGTATGACCAGTCCGCCTACGACGGCAAGGATTACATCGCCCTGAACGAGGACCTGCGCTCCTGGACTGCCGCGGACACGGCGGCTCAGATCACCCAGCGCAAGTGGGAGGCGGCCCGTGAGGCGGAGCAGTGGAGAGCCTACCTGGAGGGCACGTGCGTGGAGTGGCTCCGCAGATACCGGGAGAACGGGAAGGAGACGCTGCAGCGCGCGG
C*12:30,GCTCCCACTCCATGAGGTATTTCTACACCGCCGTGTCCCGGCCCGGCCGCGGAGAGCCCCGCTTCATCGCAGTGGGCTACGTGGACGACACGCAGTTCGTGCGGTTCGACAGCGACGCCGCGAGTCCAAGAGGGGAGCCGCGGGCGCCGTGGATGGAGCAGGAGGGGCCGGAGTATTGGGACCGGGAGACACAGAAGTACAAGCGCCAGGCACAGGCTGACCGAGTGAGCCTGCGGAACCTGCGCGGCTACTACAACCAGAGCGAGGCCG,GGTCTCACACCCTCCAGAGGATGTACGGCTGCGACCTGGGGCCCGACGGGCGCCTCCTCCGCGGGTATGACCAGTCCGCCTACGACGGCAAGGATTACATCGCCCTGAACGAGGACCTGCGCTCCTGGACCGCTGCGGACACGGCGGCTCAGATCACCCAGCGCAAGTGGGAGGCGGCCCGTGAGGCGGAGCAGTGGAGAGCCTACCTGGAGGGCACGTGCGTGGAGTGGCTCCGCAGATACCTGGAGAACGGGAAGGAGACGCTGCAGCGCGCGG
C*12:31,GCTCCCACTCCATGAGGTATTTCTACACCGCCGTGTCCCGGCCCGGCCGCGGAGAGCCCCGCTTCATCGCAGTGGGCTACGTGGACGACACGCAGTTCGTGCGGTTCGACAGCGACGCCGCGAGTCCAAGAGGGGAGCCGCGGGCGCCGTGGGTGGAGCAGGAGGGGCCGGAGTATTGGGACCGGGAGACACAGAAGTACAAGCGCCAGGCACAGGCTGACCGAGTGAGCCTGCGGAACCTGCGCGGCTACTACAACCAGAGCGAGGCCG,GGTCTCACACCCTCCAGTGGATGTATGGCTGCGACCTGGGGCCGGACGGGCGCCTCCTCCGCGGGTATAACCAGTTCGCCTACGACGGCAAGGATTACATCGCCCTGAACGAGGACCTGCGCTCCTGGACTGCCGCGGACACGGCGGCTCAGATCACCCAGCGCAAGTGGGAGGCGGCCCGTGAGGCGGAGCAGTGGAGAGCCTACCTGGAGGGCACGTGCGTGGAGTGGCTCCGCAGATACCTGGAGAACGGGAAGGAGACGCTGCAGCGCGCGG
C*12:32,GCTCCCACTCCATGAGGTATTTCTACACCGCCGTGTCCCGGCCCGGCCGCGGAGAGCCCCGCTTCATCGCAGTGGGCTACGTGGACGACACGCAGTTCGTGCGGTTCGACAGCGACGCCGCGAGTCCAAGAGGGGAGCCGCGGGCGCCGTGGGTGGAGCAGGAGGGGCCGGAGTATTGGGACCGGGAGACACAGAAGTACAAGCGCCAGGCACAGGCTGACCGAGTGAGCCTGCGGAACCTGCGCGGCTACTACAACCAGAGCGAGGCCG,GGTCTCACACCCTCCAGTGGATGTATGGCTGCGACCTGGGGCCCGACGGGCGCCTCCTCCGCGGGTATGACCAGTCCGCCTACGACGGCAAGGATTACATCGCCCTGAACGAGGACCTGCGCTCCTGGACTGCCGCGGACACGGCGTCTCAGATCACCCAGCGCAAGTGGGAGGCGGCCCGTGAGGCGGAGCAGTGGAGAGCCTACCTGGAGGGCACGTGCGTGGAGTGGCTCCGCAGATACCTGGAGAACGGGAAGGAGACGCTGCAGCGCGCGG
C*12:33,GCTCCCACTCCATGAGGTATTTCTACACCGCCGTGTCCCGGCCCGGCCGCGGAGAGCCCCGCTTCATCGCAGTGGGCTACGTGGACGACACGCAGTTCGTGCAGTTCGACAGCGACGCCGCGAGTCCAAGAGGGGAGCCGCGGGCGCCGTGGGTGGAGCAGGAGGGGCCGGAGTATTGGGACCGGGAGACACAGAAGTACAAGCGCCAGGCACAGACTGACCGAGTGAACCTGCGGAAACTGCGCGGCTACTACAACCAGAGCGAGGCCG,GGTCTCACACCCTCCAGTGGATGTATGGCTGCGACCTGGGGCCCGACGGGCGCCTCCTCCGCGGGTATGACCAGTCCGCCTACGACGGCAAGGATTACATCGCCCTGAACGAGGACCTGCGCTCCTGGACCGCCGCGGACACGGCGGCTCAGATCACCCAGCGCAAGTGGGAGGCGGCCCGTGAGGCGGAGCAGTGGAGAGCCTACCTGGAGGGCACGTGCGTGGAGTGGCTCCGCAGATACCTGGAGAACGGGAAGGAGACGCTGCAGCGCGCGG
C*12:34,GCTCCCACTCCATGAGGTATTTCTACACCGCCGTGTCCCGGCCCGGCCGCGGAGAGCCCCGCTTCATCGCAGTGGGCTACGTGGACGACACGCAGTTCGTGCGGTTCGACAGCGACGCCGCGAGTCCAAGAGGGGAGCCGCGGGCGCCGTGGGTGGAGCAGGAGGGGCCGGAGTATTGGGACCGGGAGACACAGAAGTACAAGCGCCAGGCACAGGCTGACCGAGTGAGCCTGCGGAACCTGCGCGGCTACTACAACCAGAGCGAGGCCG,GGTGTCACACCCTCCAGTGGATGTATGGCTGCGACCTGGGGCCCGACGGGCGCCTCCTCCGCGGGTATGACCAGTCCGCCTACGACGGCAAGGATTACATCGCCCTGAACGAGGACCTGCGCTCCTGGACTGCCGCGGACACGGCGGCTCAGATCACCCAGCGCAAGTGGGAGGCGGCCCGTGAGGCGGAGCAGTGGAGAGCCTACCTGGAGGGCACGTGCGTGGAGTGGCTCCGCAGATACCTGGAGAACGGGAAGGAGACGCTGCAGCGCGCGG
C*12:35,GCTCCCACTCCATGAGGTATTTCTACACCGCCGTGTCCCGGCCCGGCCGCGGAGAGCCCCGCTTCATCGCAGTGGGCTACGTGGACGACACGCAGTTCGTGCGGTTCGACAGCGACGCCGCGAGTCCAAGAGGGGAGCCGCGGGCGCCGTGGGTGGAGCAGGAGGGGCCGGAGTATTGGGACCGGGAGACACAGAAGTACAAGCGCCAGGCACAGGCTGACCGAGTGAGCCTGCGGAACCTGCGCGGCTACTGCAACCAGAGCGAGGCCG,GGTCTCACACCCTCCAGTGGATGTATGGCTGCGACCTGGGGCCCGACGGGCGCCTCCTCCGCGGGTATGACCAGTCCGCCTACGACGGCAAGGATTACATCGCCCTGAACGAGGACCTGCGCTCCTGGACTGCCGCGGACACGGCGGCTCAGATCACCCAGCGCAAGTGGGAGGCGGCCCGTGAGGCGGAGCAGTGGAGAGCCTACCTGGAGGGCACGTGCGTGGAGTGGCTCCGCAGATACCTGGAGAACGGGAAGGAGACGCTGCAGCGCGCGG
C*12:36,GCTCCCACTCCATGAGGTATTTCTACACCGCCGTGTCCCGGCCCGGCCGCGGACAGCCCCGCTTCATCGCAGTGGGCTACGTGGACGACACGCAGTTCGTGCGGTTCGACAGCGACGCCGCGAGTCCAAGAGGGGAGCCGCGGGCGCCGTGGGTGGAGCAGGAGGGGCCGGAGTATTGGGACCGGGAGACACAGAAGTACAAGCGCCAGGCACAGGCTGACCGAGTGAGCCTGCGGAACCTGCGCGGCTACTACAACCAGAGCGAGGCCG,GGTCTCACACCCTCCAGAGGATGTACGGCTGCGACCTGGGGCCCGACGGGCGCCTCCTCCGCGGGTATGACCAGTCCGCCTACGACGGCAAGGATTACATCGCCCTGAACGAGGACCTGCGCTCCTGGACCGCTGCGGACACGGCGGCTCAGATCACCCAGCGCAAGTGGGAGGCGGCCCGTGAGGCGGAGCAGTGGAGAGCCTACCTGGAGGGCACGTGCGTGGAGTGGCTCCGCAGATACCTGGAGAACGGGAAGGAGACGCTGCAGCGCGCGG
C*12:37,GCTCCCACTCCATGAGGTATTTCTACACCGCCGTGTCCCGGCCCGGCCGCGGAGAGCCCCGCTTCATCGCAGTGGGCTACGTGGACGACACGCAGTTCGTGCGGTTCGACAGCGACGCCGCGAGTCCAAGAGGGGAGCCGCGGGCGCCGTGGGTGGAGCAGGAGGGGCCGGAGTATTGGGACCGGGAGACACAGAAGTACAAGCGCCAGGCACAGGCTGACCGAGTGAGCCTGCGGAACCTGCGCGGCTACTACAACCAGAGCGAGGCCG,GGTCTCACACCCTCCAGTGGATGTATGGCTGCGACCTGGGGCCCGACGGGCGCCTCCTCCGCGGGTATGACCAGTCCGCCTACGACGGCAAGGATTACATCGCCCTGAAAGAGGACCTGCGCTCCTGGACTGCCGCGGACACGGCGGCTCAGATCACCCAGCGCAAGTGGGAGGCGGCCCGTGAGGCGGAGCAGTGGAGAGCCTACCTGGAGGGCACGTGCGTGGAGTGGCTCCGCAGATACCTGGAGAACGGGAAGGAGACGCTGCAGCGCGCGG
C*12:38,GCTCCCACTCCATGAGGTATTTCTACACCGCCGTGTCCCGGCCCGGCCGCGGAGAGCCCCGCTTCATCGCAGTGGGCTACGTGGACGACACGCAGTTCGTGCGGTTCGACAGCGACGCCGCGAGTCCAAGAGGGGAGCCGCGGGCGCCGTGGGTGGAGCAGGAGGGGCCGGAGTATTGGGACCGGGAGACACAGAAGTACAAGCGCCAGGCACAGGCTGACCGAGTGAGCCTGCGGAACCTGCGCGGCTACTACAACCAGAGCGAGGCCG,GGTCTCACACCCTCCAGTGGATGTATGGCTGCGACCTGGGGCCCGACGGGCGCCTCCTCCGCGGGTATGACCAGTCCGCCTACGACGGCAAGGATTACATCGCCCTGAACGAGGACCTGCGCTCCTGGACTGCCGCGGACACGGCGGCTCAGATCACCCAGGGCAAGTGGGAGGCGGCCCGTGAGGCGGAGCAGTGGAGAGCCTACCTGGAGGGCACGTGCGTGGAGTGGCTCCGCAGATACCTGGAGAACGGGAAGGAGACGCTGCAGCGCGCGG
C*12:39N,GCTCCCACTCCATGAGGTATTTCTACACCGCCGTGTCCCGGCCCGGCCGCGGAGAGCCCCGCTTCATCGCAGTGGGCTACGTGGACGACACGCAGTTCGTGCGGTTCGACAGCGACGCCGCGAGTCCAAGAGGGGAGCCGCGGGCGCCGTGGGTGGAGCAGGAGGGGCCGGAGTATTGAGACCGGGAGACACAGAAGTACAAGCGCCAGGCACAGGCTGACCGAGTGAGCCTGCGGAACCTGCGCGGCTACTACAACCAGAGCGAGGCCG,GGTCTCACACCCTCCAGTGGATGTATGGCTGCGACCTGGGGCCCGACGGGCGCCTCCTCCGCGGGTATGACCAGTCCGCCTACGACGGCAAGGATTACATCGCCCTGAACGAGGACCTGCGCTCCTGGACTGCCGCGGACACGGCGGCTCAGATCACCCAGCGCAAGTGGGAGGCGGCCCGTGAGGCGGAGCAGTGGAGAGCCTACCTGGAGGGCACGTGCGTGGAGTGGCTCCGCAGATACCTGGAGAACGGGAAGGAGACGCTGCAGCGCGCGG
C*12:40,GCTCCCACTCCATGAGGTATTTCTACACCGCCGTGTCCCGGCCCGGCCGCGGAGAGCCCCGCTTCATCGCAGTGGGCTACGTGGACGACACGCAGTTCGTGCGGTTCGACAGCGACGCCGCGAGTCCAAGAGGGGAGCCGTGGGCGCCGTGGGTGGAGCAGGAGGGGCCGGAGTATTGGGACCGGGAGACACAGAAGTACAAGCGCCAGGCACAGGCTGACCGAGTGAGCCTGCGGAACCTGCGCGGCTACTACAACCAGAGCGAGGCCG,GGTCTCACACCCTCCAGAGGATGTACGGCTGCGACCTGGGGCCCGACGGGCGCCTCCTCCGCGGGTATGACCAGTCCGCCTACGACGGCAAGGATTACATCGCCCTGAACGAGGACCTGCGCTCCTGGACCGCTGCGGACACGGCGGCTCAGATCACCCAGCGCAAGTGGGAGGCGGCCCGTGAGGCGGAGCAGTGGAGAGCCTACCTGGAGGGCACGTGCGTGGAGTGGCTCCGCAGATACCTGGAGAACGGGAAGGAGACGCTGCAGCGCGCGG
C*12:41,GCTCCCACTCCATGAGGTATTTCTACACCGCCGTGTCCCGGCCCGGCCGCGGAGAGCCCCGCTTCATCGCAGTGGGCTACGTGGACGACACGCAGTTCGTGCGGTTCGACAGCGACGCCGCGAGTCCAAGAGGGGAGCCGCGGGCGCCGTGGGTGGAGCAGGAGGGGCCGGAGTATTGGGACCGGGAGACACAGAAGTACAAGCGCCAGGCACAGGCTGACCGAGTGAACCTGCGGAAACTGCGCGGCTACTACAACCAGAGCGAGGCCG,GGTCTCACACCCTCCAGAGGATGTACGGCTGCGACCTGGGGCCCGACGGGCGCCTCCTCCGCGGGTATGACCAGTCCGCCTACGACGGCAAGGATTACATCGCCCTGAACGAGGACCTGCGCTCCTGGACCGCTGCGGACACGGCGGCTCAGATCACCCAGCGCAAGTGGGAGGCGGCCCGTGAGGCGGAGCAGTGGAGAGCCTACCTGGAGGGCACGTGCGTGGAGTGGCTCCGCAGATACCTGGAGAACGGGAAGGAGACGCTGCAGCGCGCGG
C*12:42Q,GCTCCCACTCCATGAGGTATTTCTACACCGCCGTGTCCCGGCCCGGCCGCGGAGAGCCCCGCTTCATCGCAGTGGGCTACGTGGACGACACGCAGTTCGTGCGGTTCGACAGCGACGCCGCGAGTCCAAGAGGGGAGCCGCGGGCGCCGTGGGTGGAGCAGGAGGGGCCGGAGTATTGGGACCGGGAGACACAGAAGTACAAGCGCCAGGCACAGGCTGACCGAGTGAGCCTGCGGAACCTGCGCGGCTACTACAACCAGAGCGAGGCCG,GGTCTCACACCCTCCAGTGGATGTATGGCTGCGACCTGGGGCCCGACGGGCGCCTCCTCCGCGGGTATGACCAGTCCGCCTACGACGGCAAGGATTACATCGCCCTGAACGAGGACCTGCGCTCCTGGACTGCCGCGGACACGGCGGCTCAGATCACCCAGCGCAAGTGGGAGGCGGCCCGTGAGGCGGAGCAGTGGAGAGCCTACCTGGAGGGCACGTGGGTGGAGTGGCTCCGCAGATACCTGGAGAACGGGAAGGAGACGCTGCAGCGCGCGG
C*12:43,GCTCCCACTCCATGAGGTATTTCTACACCGCCGTGTCCCGGCCCGGCCGCGGAGAGCCCCGCTTCATCGCAGTGGGCTACGTGGACGACACGCAGTTCGTGCGGTTCGACAGCGACGCCGCGAGTCCAAGAGGGGAGCCGCGGGCGCCGTGGGTGGAGCAGGAGGGGACGGAGTATTGGGACCGGGAGACACAGAAGTACAAGCGCCAGGCACAGGCTGACCGAGTGAGCCTGCGGAACCTGCGCGGCTACTACAACCAGAGCGAGGCCG,GGTCTCACACCCTCCAGTGGATGTATGGCTGCGACCTGGGGCCCGACGGGCGCCTCCTCCGCGGGTATGACCAGTCCGCCTACGACGGCAAGGATTACATCGCCCTGAACGAGGACCTGCGCTCCTGGACTGCCGCGGACACGGCGGCTCAGATCACCCAGCGCAAGTGGGAGGCGGCCCGTGAGGCGGAGCAGTGGAGAGCCTACCTGGAGGGCACGTGCGTGGAGTGGCTCCGCAGATACCTGGAGAACGGGAAGGAGACGCTGCAGCGCGCGG
C*12:44,GCTCCCACTCCATGAGGTATTTCTACACCGCCGTGTCCCGGCCCGGCCGCGGAGAGCCCCGCTTCATCGCAGTGGGCTACGTGGACGACACGCAGTTCGTGCGGTTCGACAGCGACGCCGCGAGTCCAAGAGGGGAGCCGCGGGCGCCGTGGGTGGAGCAGGAGGGGCCGGAGTATTGGGACCGGGAGACACAGAAGTACAAGCGCCAGGCACAGGCTGACCGAGTGAGCCTGCGGAACCTGCGCGGCTACTACAACCAGAGCGAGGCCG,GGTCTCACATCATCCAGAGGATGTATGGCTGCGACGTGGGGCCCGACGGGCGCCTCCTCCGCGGGTATGACCAGTCCGCCTACGACGGCAAGGATTACATCGCCCTGAACGAGGACCTGCGCTCCTGGACCGCTGCGGACACGGCGGCTCAGATCACCCAGCGCAAGTGGGAGGCGGCCCGTGAGGCGGAGCAGTGGAGAGCCTACCTGGAGGGCACGTGCGTGGAGTGGCTCCGCAGATACCTGGAGAACGGGAAGGAGACGCTGCAGCGCGCGG
C*12:45,GCTCCCACTCCATGAGGTATTTCTACACCGCCGTGTCCCGGCCCGGCCGCGGAGAGCCCCGCTTCATCGCAGTGGGCTACGTGGACGACACGCAGTTCGTGCGGTTCGACAGCGACGCCGCGAGTCCAAGAGGGGAGCCGCGGGCGCCGTGGGTGGAGCAGGAGGGGCCGGAGTATTGGGACCGGGAGACACAGAAGTACAAGCGCCAGGCACAGGCTGACCGAGTGAGCCTGCGGAACCTGCGCGGCTACTACAACCAGAGCGAGGCCG,GGTCTCACACCCTCCAGTGGATGTATGGCTGCGACCTGGGGTCCGACGGGCGCCTCCTCCGCGGGTATGACCAGTCCGCCTACGACGGCAAGGATTACATCGCCCTGAACGAGGACCTGCGCTCCTGGACTGCCGCGGACACGGCGGCTCAGATCACCCAGCGCAAGTGGGAGGCGGCCCGTGAGGCGGAGCAGTGGAGAGCCTACCTGGAGGGCACGTGCGTGGAGTGGCTCCGCAGATACCTGGAGAACGGGAAGGAGACGCTGCAGCGCGCGG
C*12:46N,GCTCCCACTCCATGAGGTATTTCTACACCGCCGTGTCCCGGCCCGGCCGCGGAGAGCCCCGCTTCATCGCAGTGGGCTACGTGGACGACACGCAGTTCGTGCGGTTCGACAGCGACGCCGCGAGTCCAAGAGGGGAGCCGCGGGCGCCGTGGGTGGAGCAGGAGGGGCCGGAGTATTGGGACCGGGAGACACAGAAGTACAAGCGCCAGGCACAGGCTGACCGAGTGAGCCTGCGGAACCTGCGCGGCTACTACAACCAGAGCGAGGCCG,GGTCTCACACCCTCCAGTGGATGTATGGCTGCGACCTGGGGCCCGACGGGCGCCTCCTCCGCGGGTATGACCAGTCCGCCTAGGACGGCAAGGATTACATCGCCCTGAACGAGGACCTGCGCTCCTGGACTGCCGCGGACACGGCGGCTCAGATCACCCAGCGCAAGTGGGAGGCGGCCCGTGAGGCGGAGCAGTGGAGAGCCTACCTGGAGGGCACGTGCGTGGAGTGGCTCCGCAGATACCTGGAGAACGGGAAGGAGACGCTGCAGCGCGCGG
C*12:47,GCTCCCACTCCATGAGGTATTTCTACACCGCCGTGTCCCGGCCCGGCCGCGGAGAGCCCCGCTTCATCGCAGTGGGCTACGTGGACGACACGCAGTTCGTGTGGTTCGACAGCGACGCCGCGAGTCCAAGAGGGGAGCCGCGGGCGCCGTGGGTGGAGCAGGAGGGGCCGGAGTATTGGGACCGGGAGACACAGAAGTACAAGCGCCAGGCACAGGCTGACCGAGTGAGCCTGCGGAACCTGCGCGGCTACTACAACCAGAGCGAGGCCG,GGTCTCACACCCTCCAGTGGATGTATGGCTGCGACCTGGGGCCCGACGGGCGCCTCCTCCGCGGGTATGACCAGTCCGCCTACGACGGCAAGGATTACATCGCCCTGAACGAGGACCTGCGCTCCTGGACTGCCGCGGACACGGCGGCTCAGATCACCCAGCGCAAGTGGGAGGCGGCCCGTGAGGCGGAGCAGTGGAGAGCCTACCTGGAGGGCACGTGCGTGGAGTGGCTCCGCAGATACCTGGAGAACGGGAAGGAGACGCTGCAGCGCGCGG
C*12:48,GCTCCCACTCCATGAGGTATTTCTACACCGCCGTGTCCCGGCCCGGCCGCGGAGAGCCCCGCTTCATCGCAGTGGGCTACGTGGACGACACGCAGTTCGTGCGGTTCGACAGCGACGCCGCGAGTCCAAGAGGGGAGCCGCGGGCGCCGTGGGTGGAGCAGGAGGGGCCGGAGTATTGGGACCGGGAGACACAGAAGTACAAGCGCCAGGCACAGGCTGACCGAGTGAGCCTGCGGAACCTGCGCGGCTACTACAACCAGAGCGAGGCCG,GGTCTCACACCCTCCAGTGGATGTATGGCTGCGACCTGGGGCCCGACGGGCGCCTCCTCCGCGGGTATGACCAGTCCGCCTACGACGGCAAGGATTACATCGCCCTGAACGAGGACCTGCGCTCCTGGACTGCCGCGGACACGGCGGCTCAGATCACCCATCGCAAGTGGGAGGCGGCCCGTGAGGCGGAGCAGTGGAGAGCCTACCTGGAGGGCACGTGCGTGGAGTGGCTCCGCAGATACCTGGAGAACGGGAAGGAGACGCTGCAGCGCGCGG
C*12:49,GCTCCCACTCCATGAGGTATTTCTACACCGCCGTGTCCCGGCCCGGCCGCGGAGAGCCCCGCTTCATCGCAGTGGGCTACGTGGACGACACGCAGTTCGTGCGGTTCGACAGCGACGCCGCGAGTCCAAGAGGGGAGCCGCGGGCGCCGTGGGTGGAGCAGGAGGGGCCGGAGTATTGGGACCGGGAGACACAGAAGTACAAGCGCCAGGCACAGACTGACCGAGTGAGCCTGCGGAACCTGCGCGGCTACTACAACCAGAGCGAGGCCG,GGTCTCACACCCTCCAGAGGATGTACGGCTGCGACCTGGGGCCCGACGGGCGCCTCCTCCGCGGGTATGACCAGTCCGCCTACGACGGCAAGGATTACATCGCCCTGAACGAGGACCTGCGCTCCTGGACCGCTGCGGACACGGCGGCTCAGATCACCCAGCGCAAGTGGGAGGCGGCCCGTGAGGCGGAGCAGTGGAGAGCCTACCTGGAGGGCACGTGCGTGGAGTGGCTCCGCAGATACCTGGAGAACGGGAAGGAGACGCTGCAGCGCGCGG
C*12:50,GCTCCCACTCCATGAGGTATTTCTACACCGCCGTGTCCCGGCCCGGCCGCGGAGAGCCCCGCTTCATCGCAGTGGGCTACGTGGACGACACGCAGTTCGTGCGGTTCGACAGCGACGCCGCGAGTCCAAGAGGGGAGCCGCGGGCGCCGTGGGTGGAGCAGGAGGGGCCGGAGTATTGGGACCGGGAGACACAGAAGTACAAGCGCCAGGCACAGGCTGACCGAGTGAGCCTGCGGAACCTGCGCGGCTACTACAACCAGAGCGAGGCCG,GGTCTCACACCCTCCAGTGGATGTATGGCTGCGACCTGGGGCCCGACGGGCGCCTCCTCCGCGGGTATGACCAGTCCGCCTACGACGGCAAGGATTACATCGCCCTGAACGAGGACCTGAGCTCCTGGACTGCCGCGGACACGGCGGCTCAGATCACCCAGCGCAAGTGGGAGGCGGCCCGTGAGGCGGAGCAGTGGAGAGCCTACCTGGAGGGCACGTGCGTGGAGTGGCTCCGCAGATACCTGGAGAACGGGAAGGAGACGCTGCAGCGCGCGG
C*12:51,GCTCCCACTCCATGAGGTATTTCTACACCGCCGTGTCCCGGCCCGGCCGCGGAGAGCCCCGCTTCATCGCAGTGGGCTACGTGGACGACACGCAGTTCGTGCGGTTCGACAGCGACGCCGCGAGTCCAAGAGGGGAGCCGCGGGCGCCGTGGGTGGAGCAGGAGGGGCCGGAGTATTGGGACCGGGAGACACAGAAGTACAAGCGCCAGGCACAGGCTGACCGAGTGAGCCTGCGGAACCTGCGCGGCTACTACAACCAGAGCGAGGCCG,GGTCTCACACCCTCCAGTGGATGTATGGCTGCGACCTGGGGCCCGACGGGCGCCTCCTCCGCGGGTATGACCAGTCCGCCTACGACGGCAAGGATTACATCGCCCTGAACGAGGACCTGCGCTCCTGGACTGCCGCGGACACGGCGGCTCAGATCACCCAGCCCAAGTGGGAGGCGGCCCGTGAGGCGGAGCAGTGGAGAGCCTACCTGGAGGGCACGTGCGTGGAGTGGCTCCGCAGATACCTGGAGAACGGGAAGGAGACGCTGCAGCGCGCGG
C*12:52,GCTCCCACTCCATGAGGTATTTCTACACCGCCGTGTCCCGGCCCGGCCGCGGAGAGCCCCGCTTCATCGCAGTGGGCTACGTGGACGACACGCAGTTCGTGCGGTTCGACAGCGACGCCGCGAGTCCAAGAGGGGAGCCGCGGGCGCCGTGGGTGGAGCAGGAGGGGCCGGAGTATTGGGACCGGGAGACACAGAAGTACAAGCGCCAGGCACAGGCTGACCGAGTGAGCCTGCGGAACCTGCGCGGCTACTACAACCAGAGCGAGGCCG,GGTCTCACACCCTCCAGTGGATGTATGGCTGCGACCTGGGGCCCGACGGGCGCCTCCTCCGCGGGTATGACCAGTCCGCCTACGACGGCAAGGATTACATCGCCCTGAACGAGGACCTGCGCTCCTGGACTGCCGCGGACACGGCGGCTCAGATCACCCAGCGCAAGTGGGAGGCGGCCCGTGAGGCGGAGCAGTGGAGAGCCTACCTGGAGGGCACGTGCGTGGAGTGGCTCCGCAGATACCTGGAGAACGGGAAGGAGACGCTGCAGCGCTCGG
C*12:53,GCTCCCACTCCATGAGGTATTTCTACACCGCCGTGTCCCGGCCCGGCCGCGGAGAGCCCCGCTTCATCGCAGTGGGCTACGTGGACGACACGCAGTTCGTGCGGTTCGACAGCGACGCCGCGAGTCCAAGAGGGGAGCCGCGGGCGCCGTGGGTGGAGCAGGAGGGGCCGGAGTATTGGGACCGGGAGACACAGAAGTACAAGCGCCAGGCACAGGCTGACCGAGTGAGCCTGCGGAACCTGCGCGGCTACTACAACCAGAGCGAGGCCG,GGTCTCACACCCTCCAGTGGATGTATGGCTGCGACCTGGGGCCCGACGGGCGCCTCCTCCGCGGGTATGACCAGTCCGCCTACGACGGCAAGGATTACATCGCCCTGAACGAGGACCTGCGCTCCTGGACTGCCGCGGACACGGCGGCTCAGATCACCCAGCGCAAGTGGGAGGCGGCCCGTGAGGCGGAGCAGTGGAGAGCCTACCTGGAGGGCACGTGCGTGGAGTGGCTCCACAGATACCTGGAGAACGGGAAGGAGACGCTGCAGCGCGCGG
C*12:54,GCTCCCACTCCATGAGGTATTTCTACACCGCCGTGTCCCGGCCCGGCCGCGGAGAGCCCCGCTTCATCGCAGTGGGCTACGTGGACGACACGCAGTTCGTGCGGTTCGACAGCGACGCCGCGAGTCCAAGAGGGGAGCCGCGGGCGCCGTGGGTGGAGCAGGAGGGGCCGGAGTATTGGGACCGGGAGACACAGAAGTACAAGCGCCAGGCACAGGCTGACCGAGTGAACCTGCGGAACCTGCGCGGCTACTACAACCAGAGCGAGGCCG,GGTCTCACACCCTCCAGTGGATGTATGGCTGCGACCTGGGGCCCGACGGGCGCCTCCTCCGCGGGTATGACCAGTCCGCCTACGACGGCAAGGATTACATCGCCCTGAACGAGGACCTGCGCTCCTGGACTGCCGCGGACACGGCGGCTCAGATCACCCAGCGCAAGTGGGAGGCGGCCCGTGAGGCGGAGCAGTGGAGAGCCTACCTGGAGGGCACGTGCGTGGAGTGGCTCCGCAGATACCTGGAGAACGGGAAGGAGACGCTGCAGCGCGCGG
C*12:55,GCTCCCACTCCATGAGGTATTTCTCCACATCCGTGTCCCGGCCCGGCCGCGGGGAGCCCCGCTTCATCGCAGTGGGCTACGTGGACGACACGCAGTTCGTGCGGTTCGACAGCGACGCCGCGAGTCCAAGAGGGGAGCCGCGGGCGCCGTGGGTGGAGCAGGAGGGGCCGGAGTATTGGGACCGGGAGACACAGAAGTACAAGCGCCAGGCACAGGCTGACCGAGTGAGCCTGCGGAACCTGCGCGGCTACTACAACCAGAGCGAGGCCG,GGTCTCACACCCTCCAGTGGATGTATGGCTGCGACCTGGGGCCCGACGGGCGCCTCCTCCGCGGGTATGACCAGTCCGCCTACGACGGCAAGGATTACATCGCCCTGAACGAGGACCTGCGCTCCTGGACTGCCGCGGACACGGCGGCTCAGATCACCCAGCGCAAGTGGGAGGCGGCCCGTGAGGCGGAGCAGTGGAGAGCCTACCTGGAGGGCACGTGCGTGGAGTGGCTCCGCAGATACCTGGAGAACGGGAAGGAGACGCTGCAGCGCGCGG
C*12:56,GCTCCCACTCCATGAGGTATTTCTACACCGCCGTGTCCCGGCCCGGCCGCGGAGAGCCCCGCTTCATCGCAGTGGGCTACGTGGACGACACGCAGTTCGTGCGGTTCGACAGCGACGCCGCGAGTCCAAGAGGGGAGCCGCGGGCGCCGTGGGTGGAGAAGGAGGGGCCGGAGTATTGGGACCGGGAGACACAGAAGTACAAGCGCCAGGCACAGGCTGACCGAGTGAGCCTGCGGAACCTGCGCGGCTACTACAACCAGAGCGAGGCCG,GGTCTCACACCCTCCAGAGGATGTACGGCTGCGACCTGGGGCCCAACGGGCGCCTCCTCCGCGGGTATGACCAGTCCGCCTACGACGGCAAGGATTACATCGCCCTGAACGAGGACCTGCGCTCCTGGACCGCTGCGGACACGGCGGCTCAGATCACCCAGCGCAAGTGGGAGGCGGCCCGTGAGGCGGAGCAGTGGAGAGCCTACCTGGAGGGCACGTGCGTGGAGTGGCTCCGCAGATACCTGGAGAACGGGAAGGAGACGCTGCAGCGCGCGG
C*12:57,GCTCCCACTCCATGAGGTATTTCTACACCGCCGTGTCCCGGCCCGGCCGCGGAGAGCCCCGCTTCATCGCAGTGGGCTACGTGGACGACACGCAGTTCGTGCGGTTCGACAGCGACGCCGCGAGTCCAAGAGGGGAGCCGCGGGCGCCGTGGGTGGAGCAGGAGCGGCCGGAGTATTGGGACCGGGAGACACAGAAGTACAAGCGCCAGGCACAGGCTGACCGAGTGAGCCTGCGGAACCTGCGCGGCTACTACAACCAGAGCGAGGCCG,GGTCTCACACCCTCCAGTGGATGTATGGCTGCGACCTGGGGCCCGACGGGCGCCTCCTCCGCGGGTATGACCAGTCCGCCTACGACGGCAAGGATTACATCGCCCTGAACGAGGACCTGCGCTCCTGGACTGCCGCGGACACGGCGGCTCAGATCACCCAGCGCAAGTGGGAGGCGGCCCGTGAGGCGGAGCAGTGGAGAGCCTACCTGGAGGGCACGTGCGTGGAGTGGCTCCGCAGATACCTGGAGAACGGGAAGGAGACGCTGCAGCGCGCGG
C*12:58,GCTCCCACTCCATGAGGTATTTCTACACCGCCGTGTCCCGGCCCGGCCGCGGAGAGCCCCGCTTCATCGCAGTGGGCTACGTGGACGACACGCAGTTCGTGCGGTTCGACAGCGACGCCGCGAGTCCAAGAGGGGAGCCGCGGGCGCCGTGGGTGGAGCAGGAGGGGCCGGAGTATTGGGACCGGGAGACACAGAAGTACAAGCGCCAGGCACAGGCTGACCGAGTGAGCCTGCGGAACCTGCGCGGCTACTACAACCAGAGCGAGGCCA,GGTCTCACACCCTCCAGTGGATGTATGGCTGCGACCTGGGGCCCGACGGGCGCCTCCTCCGCGGGTATGACCAGTCCGCCTACGACGGCAAGGATTACATCGCCCTGAACGAGGACCTGCGCTCCTGGACTGCCGCGGACACGGCGGCTCAGATCACCCAGCGCAAGTGGGAGGCGGCCCGTGAGGCGGAGCAGTGGAGAGCCTACCTGGAGGGCACGTGCGTGGAGTGGCTCCGCAGATACCTGGAGAACGGGAAGGAGACGCTGCAGCGCGCGG
C*12:59,GCTCCCACTCCATGAGGTATTTCTACACCGCCGTGTCCGGGCCCGGCCGCGGAGAGCCCCGCTTCATCGCAGTGGGCTACGTGGACGACACGCAGTTCGTGCGGTTCGACAGCGACGCCGCGAGTCCAAGAGGGGAGCCGCGGGCGCCGTGGGTGGAGCAGGAGGGGCCGGAGTATTGGGACCGGGAGACACAGAAGTACAAGCGCCAGGCACAGGCTGACCGAGTGAGCCTGCGGAACCTGCGCGGCTACTACAACCAGAGCGAGGCCG,GGTCTCACACCCTCCAGTGGATGTATGGCTGCGACCTGGGGCCCCACGGGCGCCTCCTCCGCGGGTATGACCAGTCCGCCTACGACGGCAAGGATTACATCGCCCTGAACGAGGACCTGCGCTCCTGGACCGCCGCGGACACGGCGGCTCAGATCACCCAGCGCAAGTGGGAGGCGGCCCGTGAGGCGGAGCAGTGGAGAGCCTACCTGGAGGGCACGTGCGTGGAGTGGCTCCGCAGATACCTGGAGAACGGGAAGGAGACGCTGCAGCGCGCGG
C*12:60,GCTCCCACTCCATGAGGTATTTCTACACCGCCGTGTCCCGGCCCGGCCGCGGAGAGCCCCGCTTCATCGCAGTGGGCTACGTGGACGACACGCAGTTCGTGCGGTTCGACAGCGACGCCGCGAGTCCAAGAGGGGAGCCGCGGGCGCCGTGGGTGGAGCAGGAGGGGCCGGAGTATTGGGACCGGGAGACACAGAAGTACAAGCGCCAGGCACAGGCTGACCGAGTGAACCTGCGGAAACTGCGCGGCTACTACAACCAGAGCGAGGCCG,GGTCTCACACCCTCCAGTGGTTGTATGGCTGCGACCTGGGGCCCGACGGGCGCCTCCTCCGCGGGTATGACCAGTCCGCCTACGACGGCAAGGATTACATCGCCCTGAACGAGGACCTGCGCTCCTGGACTGCCGCGGACACGGCGGCTCAGATCACCCAGCGCAAGTGGGAGGCGGCCCGTGAGGCGGAGCAGTGGAGAGCCTACCTGGAGGGCACGTGCGTGGAGTGGCTCCGCAGATACCTGGAGAACGGGAAGGAGACGCTGCAGCGCGCGG
C*12:61,GCTCCCACTCCATGAGGTATTTCTACACCGCCGTGTCCCGGCCCGGCCGCGGAGAGCCCCGCTTCATCGCAGTGGGCTACGTGGACGACACGCAGTTCGTGCGGTTCGACAGCGACGCCGCGAGTCCAAGAGGGGAGCCGCGGGCGCCGTGGGTGGAGCAGGAGGGGCCGGAGTATTGGGACCGGGAGACACAGAAGTACAAGCGCCAGGCACAGGCTGACCGAGTGAGCCTGCGGAACCTGCGCGGCTACTACAACCAGAGCGAGGCCG,GGTCTCACACCCTCCAGTGGATGTATGGCTGCGACCTGGGGCCCGACGGGCGCCTCCTCCGCGGGTATGACCAGTCCGCCTACGACGGCAAGGATTACATCGCCCTGAACGAGGACCTGCGCTCCTGGACTGCCGCGGACACGGCGGCTCAGATCACCCAGCGCAAGTGGAAGGCGGCCCGTGAGGCGGAGCAGTGGAGAGCCTACCTGGAGGGCACGTGCGTGGAGTGGCTCCGCAGATACCTGGAGAACGGGAAGGAGACGCTGCAGCGCGCGG
C*12:62,GCTCCCACTCCATGAGGTATTTCTACACCGCCGTGTCCCGGCCCGGCCGCGGAGAGCCCCGCTTCATCGCAGTGGGCTACGTGGACGACACGCAGTTCGAGCGGTTCGACAGCGACGCCGCGAGTCCAAGAGGGGAGCCGCGGGCGCCGTGGGTGGAGCAGGAGGGGCCGGAGTATTGGGACCGGGAGACACAGAAGTACAAGCGCCAGGCACAGGCTGACCGAGTGAGCCTGCGGAACCTGCGCGGCTACTACAACCAGAGCGAGGCCG,GGTCTCACACCCTCCAGTGGATGTATGGCTGCGACCTGGGGCCCGACGGGCGCCTCCTCCGCGGGTATGACCAGTCCGCCTACGACGGCAAGGATTACATCGCCCTGAACGAGGACCTGCGCTCCTGGACTGCCGCGGACACGGCGGCTCAGATCACCCAGCGCAAGTGGGAGGCGGCCCGTGAGGCGGAGCAGTGGAGAGCCTACCTGGAGGGCACGTGCGTGGAGTGGCTCCGCAGATACCTGGAGAACGGGAAGGAGACGCTGCAGCGCGCGG
C*12:63,GCTCCCACTCCATGAGGTATTTCTACACCGCCGTGTCCCGGCCCGGCCGCGGAGAGCCCCGCTTCATCGCAGTGGGCTACGTGGACGACACGCAGTTCGTGCGGTTCGACAGCGACGCCGCGAGTCCAAGAGGGGAGCCGCGGGCGCCGTGGGTGGAGCAGGAGGGGCCGGAGTATTGGGACCGGGAGACACAGAAGTACAAGCGCCAGGCACACGCTGACCGAGTGAGCCTGCGGAACCTGCGCGGCTACTACAACCAGAGCGAGGCCG,GGTCTCACACCCTCCAGTGGATGTATGGCTGCGACCTGGGGCCCGACGGGCGCCTCCTCCGCGGGTATGACCAGTCCGCCTACGACGGCAAGGATTACATCGCCCTGAACGAGGACCTGCGCTCCTGGACTGCCGCGGACACGGCGGCTCAGATCACCCAGCGCAAGTGGGAGGCGGCCCGTGAGGCGGAGCAGTGGAGAGCCTACCTGGAGGGCACGTGCGTGGAGTGGCTCCGCAGATACCTGGAGAACGGGAAGGAGACGCTGCAGCGCGCGG
C*12:64,GCTCCCACTCCATGAGGTATTTCTACACCGCCGTGTCCCGGCCCGGCCGCGGAGAGCCCCGCTTCATCGCAGTGGGCTACGTGGACGACACGCAGTTCGTGCGGTTCGACAGCGACGCCGCGAGTCCAAGAGGGGAGCCGCGGGCGCCGTGGGTGGAGAAGGAGGGGCCGGAGTATTGGGACCGGGAGACACAGAAGTACAAGCGCCAGGCACAGGCTGACCGAGTGAGCCTGCGGAACCTGCGCGGCTACTACAACCAGAGCGAGGCCG,GGTCTCACACCCTCCAGAGGATGTACGGCTGCGACCTGGGGCCCGACGGGCGCCTCCTCCGCGGGTATGACCAGTCCGCCTACGACGGCAAGGATTACATCGCCCTGAACGAGGACCTGCGCTCCTGGACCGCTGCGGACACGGCGGCTCAGATCACCCAGCGCAAGTGGGAGGCGGCCCGTGAGGCGGAGCAGTGGAGAGCCTACCTGGAGGGCACGTGCGTGGAGTGGCTCCGCAGATACCTGGAGAACGGGAAGGAGACGCTGCAGCGCGCGG
C*12:65,GCTCCCACTCCATGAGGTATTTCTACACCGCCGTGTCCCGGCCCGGCCGCGGAGAGCCCCGCTTCATCGCAGTGGGCTACGTGGACGACACGCAGTTCGTGCGGTTCGACAGCGACGCCGCGAGTCCAAGAGGGGAGCCGCGGGCGCCGTGGGTGGAGCAGGAGGGGCCGGAGTATTGGGACCGGGAGACACAGAAGTACAAGCGCCAGGCACAGGCTGACCGAGTGAGCCTGCGGAACCTGCGCGGCTACTACAACCAGAGCGAGGCCG,GGTCTCACACCCTCCAGTGGATGTATGGCTGCGACCTGGGGCCCGACGGGCGCCTCCTCCGCGGGTATGACCAGTCCGCCTACGACGGCAAGGATTACATCGCCCTGAACGAGGACCTGCGCTCCTGGACTGCCGCGGACACGGCGGCTCAGATCACCCAGCGCAAGTGGGAGGCGGCCCGTGAGGCGGAGCAGTGGAGAGCCTACCTGGAGGGCACGTGCGTGGAGTGGCTCCGCAGATACCTGGCGAACGGGAAGGAGACGCTGCAGCGCGCGG
C*12:66,GCTCCCACTCCATGAGGTATTTCTACACCGCCGTGTCCCGGCCCGGCCGCGGAGAGCCCCGCTTCATCGCAGTGGGCTACGTGGACGACACGCAGTTCGTGCGGTTCGACAGCGACGCCGCGAGTCCAAGAGGGGAGCCGCGGGCGCCGTGGGTGGAGCAGGAGGGGCCGGAGTATTGGGACCGGGAGACACAGAAGTACAAGCGCCAGGCACAGGCTGACCGAGTGAGCCTGCGGAACCTGCGCGGCTACTACAACCAGAGCGAGGCCG,GGTCTCACACCCTCCAGTGGATGTATGGCTGCGACCTGGGGCCCGACGGGCGCCTCCTCCGCGGGTATGACCAGTCCGCCTACGACGGCAAGGATTACATCGCCCTGAACGAGGACCTGCGCTCCTGGACTGCCGCGGACACGGCGGCTCAGATCACCCAGCGCAAGTGGGAGGCGGCCCGTGAGGCGGAGCAGTGGAGAGCCTACATGGAGGGCACGTGCGTGGAGTGGCTCCGCAGATACCTGGAGAACGGGAAGGAGACGCTGCAGCGCGCGG
C*12:67,GCTCCCACTCCATGAGGTATTTCTACACCGCCGTGTCCCGGCCCGGCCGCGGAGAGCCCCGCTTCATCGCAGTGGGCTACGTGGACCACACGCAGTTCGTGCGGTTCGACAGCGACGCCGCGAGTCCAAGAGGGGAGCCGCGGGCGCCGTGGGTGGAGCAGGAGGGGCCGGAGTATTGGGACCGGGAGACACAGAAGTACAAGCGCCAGGCACAGGCTGACCGAGTGAGCCTGCGGAACCTGCGCGGCTACTACAACCAGAGCGAGGCCG,GGTCTCACACCCTCCAGAGGATGTACGGCTGCGACCTGGGGCCCGACGGGCGCCTCCTCCGCGGGTATGACCAGTCCGCCTACGACGGCAAGGATTACATCGCCCTGAACGAGGACCTGCGCTCCTGGACCGCTGCGGACACGGCGGCTCAGATCACCCAGCGCAAGTGGGAGGCGGCCCGTGAGGCGGAGCAGTGGAGAGCCTACCTGGAGGGCACGTGCGTGGAGTGGCTCCGCAGATACCTGGAGAACGGGAAGGAGACGCTGCAGCGCGCGG
C*12:68,GCTCCCACTCCATGAGGTATTTCTACACCGCCGTGTCCCGGCCCGGCCGCGGAGAGCCCCGCTTCATCGCAGTGGGCTACGTGGACGACACGCAGTTCGTGCGGTTCGACAGCGACGCCGCGAGTCCAAGAGGGGAGCCGCGGGCGCCGTGGGTGGAGCAGGAGGGGCCGGAGTATTGGGACCTGGAGACACAGAAGTACAAGCGCCAGGCACAGGCTGACCGAGTGAGCCTGCGGAACCTGCGCGGCTACTACAACCAGAGCGAGGCCG,GGTCTCACACCCTCCAGAGGATGTACGGCTGCGACCTGGGGCCCGACGGGCGCCTCCTCCGCGGGTATGACCAGTCCGCCTACGACGGCAAGGATTACATCGCCCTGAACGAGGACCTGCGCTCCTGGACCGCTGCGGACACGGCGGCTCAGATCACCCAGCGCAAGTGGGAGGCGGCCCGTGAGGCGGAGCAGTGGAGAGCCTACCTGGAGGGCACGTGCGTGGAGTGGCTCCGCAGATACCTGGAGAACGGGAAGGAGACGCTGCAGCGCGCGG
C*12:69,GCTCCCACTCCATGAGGTATTTCTACACCGCCGTGTCCCGGCCCGGCCGCGGAGAGCCCCGCTTCATCGCAGTGGGCTACGTGGACGACACGCAGTTCGTGCGGTTCGACAGCGACGCCGCGAGTCCAAGAGGGGAGCCGCGGGCGCCGTGGGTGGAGCAGGAGGGGCCGGAGTATTGGGACCGGGAGACACAGAAGTACAAGCGCCAGGCACAGGCTGACCGAGTGAGCCTGCGGAACCTGCACGGCTACTACAACCAGAGCGAGGCCG,GGTCTCACACCCTCCAGAGGATGTACGGCTGCGACCTGGGGCCCGACGGGCGCCTCCTCCGCGGGTATGACCAGTCCGCCTACGACGGCAAGGATTACATCGCCCTGAACGAGGACCTGCGCTCCTGGACCGCTGCGGACACGGCGGCTCAGATCACCCAGCGCAAGTGGGAGGCGGCCCGTGAGGCGGAGCAGTGGAGAGCCTACCTGGAGGGCACGTGCGTGGAGTGGCTCCGCAGATACCTGGAGAACGGGAAGGAGACGCTGCAGCGCGCGG
C*12:70,GCTCCCACTCCATGAGGTATTTCTACACCGCCGTGTCCCGGCCCGGCCGCGGAGAGCCCCGCTTCATCGCAGTGGGCTACGTGGACGACACGCAGTTCGTGCGGTTCGACAGCGACGCCGCGAGTCCAAGAGGGGAGCCGCGGGCGCCGTGGGTGGAGCAGGAGGGGCCGGAGTATTGGGACCGGGAGACACAGAAGTACAAGCGCCAGGCACAGGCTGACCGAGTGAGCCTGCGGAACCTGCGCGGCTACTACAACCAGAGCGAGGCCG,GGTCTCACACCCTCCAGTGGATGTATGGCTGCGAACTGAGGCCCGACGGGCGCCTCCTCCGCGGGTATGACCAGTCCGCCTACGACGGCAAGGATTACATCGCCCTGAACGAGGACCTGCGCTCCTGGACTGCCGCGGACACGGCGGCTCAGATCACCCAGCGCAAGTGGGAGGCGGCCCGTGAGGCGGAGCAGTGGAGAGCCTACCTGGAGGGCACGTGCGTGGAGTGGCTCCGCAGATACCTGGAGAACGGGAAGGAGACGCTGCAGCGCGCGG
C*12:71,GCTCCCACTCCATGAGGTATTTCTACACCGCCGTGTCCCGGCCCGGCCGCGGAGAGCCCCGCGTCATCGCAGTGGGCTACGTGGACGACACGCAGTTCGTGCGGTTCGACAGCGACGCCGCGAGTCCAAGAGGGGAGCCGCGGGCGCCGTGGGTGGAGCAGGAGGGGCCGGAGTATTGGGACCGGGAGACACAGAAGTACAAGCGCCAGGCACAGGCTGACCGAGTGAGCCTGCGGAACCTGCGCGGCTACTACAACCAGAGCGAGGCCG,GGTCTCACACCCTCCAGTGGATGTATGGCTGCGACCTGGGGCCCGACGGGCGCCTCCTCCGCGGGTATGACCAGTCCGCCTACGACGGCAAGGATTACATCGCCCTGAACGAGGACCTGCGCTCCTGGACTGCCGCGGACACGGCGGCTCAGATCACCCAGCGCAAGTGGGAGGCGGCCCGTGAGGCGGAGCAGTGGAGAGCCTACCTGGAGGGCACGTGCGTGGAGTGGCTCCGCAGATACCTGGAGAACGGGAAGGAGACGCTGCAGCGCGCGG
C*12:72,GCTCCCACTCCATGAGGTATTTCTACACCGCCGTGTCCCGGCCCGGCCGCGGAGAGCCCCGCTTCATCGCAGTGGGCTACGTGGACGACACGCAGTTCGTGCGGTTCGACAGCGACGCCGCGAGTCCAAGAGGGGAGCCGCGGGCGCCGTGGGTGGAGCAGGAGGGGCCGGAGTATTGGGACCGGGAGACACAGAAGTACAAGCGCCAGGCACAGGCTGACCGAGTGAGCCTGCGGAAACTGCGCGGCTACTACAACCAGAGCGAGGCCG,GGTCTCACACCCTCCAGAGGATGTACGGCTGCGACCTGGGGCCCGACGGGCGCCTCCTCCGCGGGTATGACCAGTCCGCCTACGACGGCAAGGATTACATCGCCCTGAACGAGGACCTGCGCTCCTGGACCGCTGCGGACACGGCGGCTCAGATCACCCAGCGCAAGTGGGAGGCGGCCCGTGAGGCGGAGCAGTGGAGAGCCTACCTGGAGGGCACGTGCGTGGAGTGGCTCCGCAGATACCTGGAGAACGGGAAGGAGACGCTGCAGCGCGCGG
C*12:73,GCTCCCACTCCATGAGGTATTTCTACACCGCCGTGTCCCGGCCCGGCCGCGGAGAGCCCCGCTTCATCGCAGTGGGCTACGTGGACGACACGCAGTTCGTGCGGTTCGACAGCGACGCCGCGAGTCCAAGAGGGGAGCCGCGGGCGCCGTGGGTGGAGCAGGAGGGGCCGGAGTATTGGGACCGGGAGACACAGAAGTACAAGCGCCAGGCACAGGCTGACCGAGTGAGCCTGCGGAACCTGCGCGGCTACTACAACCAGAGCGAGACCG,GGTCTCACACCCTCCAGAGGATGTACGGCTGCGACCTGGGGCCCGACGGGCGCCTCCTCCGCGGGTATGACCAGTCCGCCTACGACGGCAAGGATTACATCGCCCTGAACGAGGACCTGCGCTCCTGGACCGCTGCGGACACGGCGGCTCAGATCACCCAGCGCAAGTGGGAGGCGGCCCGTGAGGCGGAGCAGTGGAGAGCCTACCTGGAGGGCACGTGCGTGGAGTGGCTCCGCAGATACCTGGAGAACGGGAAGGAGACGCTGCAGCGCGCGG
C*12:74,GCTCCCACTCCATGAGGTATTTCTACACCGCCGTGTCCCGGCCCGGCCGCGGAGAGCCCCGCTTCATCGCAGTGGGCTACGTGGACGACACGCAGTTCGTGCGGTTCGACAGCGACGCCGCGAGTCCAAGAGGGGAGCCGCGGGCGCCGTGGGTGGAGCAGGAGGGGCCGGAGTATTGGGACCGGGAGACACAGAAGTACAAGCGCCAGGCACAGGCTGACCGAGTGAGCCTGCGGAACCTGCGCGGCTACTACAACCAGAGCGAGGCCG,GGTCTCACACCCTCCAGAGGATGTACGGCTGCGACCTGGGGCCCGACGGGCGCCTCCTCCGCGGGTATGACCAGTCCGCCTACGACGGCAAGGATTACATCGCCCTGAACGAGGACCTGCGCTCCTGGACCGCTGCGGACACGGCGGCTCAGATCACCCAGCGCAAGTGGGAGGCGGCCCGTGAGGCGGAGCAGTGGAGAGCCTACCTGGAGGGCACGTGCGTGGAGTGGCTCCGCAGATACCTGGAGAACGGGAAGGAGACGCTGCAGCGCACGG
C*12:75,GCTCCCACTCCATGAGGTATTTCTACACCGCCGTGTCCCGGCCCGGCCGCGGAGAGCCCCGCTTCATCGCAGTGGGCTACGTGGACGACACGCAGTTCGTGCGGTTCGACAGCGACGCCGCGAGTCCAAGAGGGGAGCCGCGGGCGCCGTGGGTGGAGCAGGAGGGGCCGGAGTATTGGGACCGGGAGACACAGAAGTACAAGCGCCAGGCACAGGCTGACCGAGTGAGCCTGCGGAACCTGCGCGGCTACTACAACCAGAGCGAGGCCG,GGTCTCACACCCTCCAGTGGATGTATGGCTGCGACCTGGGGCCCGACGGGCGCCTCCTCCGCGGGTATGACCAGTCCGCCTACGACGGCAAGGATTACATCGCCCTGAACGAGGACCTGCGCTCCTGGACTGCCGCGGACACGGCGGCTCAGATCACCCAGCGCAAGTGGGAGGCGGCCCGTGAGGCGGAGCAGTGGAGAGCCTACCTGGAGGGCACGTGCGTGGAGTGGCTCCGCAGATACCTGGAGAACGGGAAGGAGACGCTGCAGCGCGGGG
C*12:76,GCTCCCACTCCATGAGGTATTTCTACACCGCCGTGTCCCGGCCCGGCCGCGGAGAGCCCCGCTTCATCGCAGTGGGCTACGTGGACGACACGCAGTTCGTGCGGTTCGACAGCGACGCCGCGAGTCCAAGAGGGGAGCCGCGGGCGCCGTGGGTGGAGCAGGAGGGGCCGGAGTATTGGGACCGGGAGACACAGAAGTACAAGCGCCAGGCACAGGCTGACCGAGTGAGCCTGCGGAACCTGCGCGGCTACTACAACCAGAGCGAGGCCG,GGTCTCACACCCTCCAGTGGATGTATGGCTGCGACCTGGGGCCCGACGGGCGCCTCCTCCGCGGGTATGACCAGTCCGCCTACGACGGCAAGGATTACATCGCCCTGAACGAGGACCTGCGCTCCTGGACTGCCGGGGACACGGCGGCTCAGATCACCCAGCGCAAGTGGGAGGCGGCCCGTGAGGCGGAGCAGTGGAGAGCCTACCTGGAGGGCACGTGCGTGGAGTGGCTCCGCAGATACCTGGAGAACGGGAAGGAGACGCTGCAGCGCGCGG
C*12:77,GCTCCCACTCCATGAGGTATTTCTACACCGCCGTGTCCCGGCCCGGCCGCGGAGAGCCCCGCTTCATCGCAGTGGGCTACGTGGACGACACGCAGTTCGTGCGGTTCGACAGCGACGCCGCGAGTCCAAGAGGGGAGCCGCGGGCGCCGTGGGTGGAGCAGGAGGGGCCGGAGTATTGGGACCGGGAGACACAGAAGTACAAGCGCCAGGCACAGGCTGACCGAGTGAGCCTGCGGAACCTGCGCGGCTACTACAACCAGAGCGAGGCCG,GGTCTCACACCCTCCAGTGGATGTATGGCTGCGACCTGGGGCCCGACGGGCGCCTCCTCCGCGGGAATGACCAGTCCGCCTACGACGGCAAGGATTACATCGCCCTGAACGAGGACCTGCGCTCCTGGACTGCCGCGGACACGGCGGCTCAGATCACCCAGCGCAAGTGGGAGGCGGCCCGTGAGGCGGAGCAGTGGAGAGCCTACCTGGAGGGCACGTGCGTGGAGTGGCTCCGCAGATACCTGGAGAACGGGAAGGAGACGCTGCAGCGCGCGG
C*12:78,GCTCCCACTCCATGAGGTATTTCTACACCGCCGTGTCCCGGCCCGGCCGCGGAGAGCCCCGCTTCATCGCAGTGGGCTACGTGGACGACACGCAGTTCGTGCGGTTCGACAGCGACGCCGCGAGTCCAAGAGGGGAGCCGCGGGCGCCGTGGGTGGAGCAGGAGGGGCCGGAGTATTGGGACCGGGAGACACAGAAGTACAAGCGCCAGGCACAGGCTGACCGAGTGAGCCTGCGGAACCTGCGCGGCTACTACAACCAGAGCGAGGCCG,GGTCTCACACCCTCCAGTGGATGTATGGCTGCGACCTGGGGCCCGACGGGCGCCTCCTCCGCGGGTATGACCAGTCCGCCTACGACGGCAAGGATTACATCGCCCTGAACGAGGACCTGCGCTCCTGGACTGCCGCGGACACGGCGGCTCAGATCACCCAGCGCAAGTGGGAGGCGGCCCGTGAGGCGGAGCAGTGGAGAGCCTACCTGGAGGGCACGTGCGTGGAGTGGCTCCGCAGATACCTGGAGAACGGGAAGGAGACGCTGCAGCGCGTGG
C*12:79,GCTCCCACTCCATGAGGTATTTCTACACCGCCGTGTCCCGGCCCGGCCGCGGAGAGCCCCGCTTCATCGCAGTGGGCTACGTGGACGACACGCAGTTCGTGCGGTTCGACAGCGACGCCGCGAGTCCAGGAGGGGAGCCGCGGGCGCCGTGGGTGGAGCAGGAGGGGCCGGAGTATTGGGACCGGGAGACACAGAAGTACAAGCGCCAGGCACAGGCTGACCGAGTGAGCCTGCGGAACCTGCGCGGCTACTACAACCAGAGCGAGGCCG,GGTCTCACACCCTCCAGTGGATGTATGGCTGCGACCTGGGGCCCGACGGGCGCCTCCTCCGCGGGTATGACCAGTCCGCCTACGACGGCAAGGATTACATCGCCCTGAACGAGGACCTGCGCTCCTGGACTGCCGCGGACACGGCGGCTCAGATCACCCAGCGCAAGTGGGAGGCGGCCCGTGAGGCGGAGCAGTGGAGAGCCTACCTGGAGGGCACGTGCGTGGAGTGGCTCCGCAGATACCTGGAGAACGGGAAGGAGACGCTGCAGCGCGCGG
C*12:80N,GCTCCCACTCCATGAGGTATTTCTACACCGCCGTGTCCCGGCCCGGCCGCGGAGAGCCCCGCTTCATCGCAGTGGGCTACGTGGACGACACGCAGTTCGTGCGGTTCGACAGCGACGCCGCGAGTCCAAGAGGGGAGCCGCGGGCGCCGTGGGTGGAGCAGGAGGGGCCGGAGTATTAGGACCGGGAGACACAGAAGTACAAGCGCCAGGCACAGGCTGACCGAGTGAGCCTGCGGAACCTGCGCGGCTACTACAACCAGAGCGAGGCCG,GGTCTCACACCCTCCAGAGGATGTACGGCTGCGACCTGGGGCCCGACGGGCGCCTCCTCCGCGGGTATGACCAGTCCGCCTACGACGGCAAGGATTACATCGCCCTGAACGAGGACCTGCGCTCCTGGACCGCTGCGGACACGGCGGCTCAGATCACCCAGCGCAAGTGGGAGGCGGCCCGTGAGGCGGAGCAGTGGAGAGCCTACCTGGAGGGCACGTGCGTGGAGTGGCTCCGCAGATACCTGGAGAACGGGAAGGAGACGCTGCAGCGCGCGG
C*12:81,GCTCCCACTCCATGAGGTATTTCTACACCGCCGTGTCCCGGCCCGGCCGCGGAGAGCCCCGCTTCATCGCAGTGGGCTACGTGGACGACACGCAGTTCGTGCGGTTCGACAGCGACGCCGCGAGTCCAAGAGGGGAGCCGCGGGCGCCGTGGGTGGAGCAGGAGGGGCCGGAGTATTGGGACCGGGAGACACAGAACTACAAGCGCCAGGCACAGGCTGACCGAGTGAGCCTGCGGAACCTGCGCGGCTACTACAACCAGAGCGAGGCCG,GGTCTCACACCCTCCAGTGGATGTATGGCTGCGACCTGGGGCCCGACGGGCGCCTCCTCCGCGGGTATGACCAGTCCGCCTACGACGGCAAGGATTACATCGCCCTGAACGAGGACCTGCGCTCCTGGACTGCCGCGGACACGGCGGCTCAGATCACCCAGCGCAAGTGGGAGGCGGCCCGTGAGGCGGAGCAGTGGAGAGCCTACCTGGAGGGCACGTGCGTGGAGTGGCTCCGCAGATACCTGGAGAACGGGAAGGAGACGCTGCAGCGCGCGG
C*12:82,GCTCCCACTCCATGAGGTATTTCTACACCTCCGTGTCCCGGCCCGGCCGCGGAGAGCCCCGCTTCATCGCAGTGGGCTACGTGGACGACACGCAGTTCGTGCGGTTCGACAGCGACGCCGCGAGTCCAAGAGGGGAGCCGCGGGCGCCGTGGGTGGAGCAGGAGGGGCCGGAGTATTGGGACCGGGAGACACAGAAGTACAAGCGCCAGGCACAGGCTGACCGAGTGAGCCTGCGGAACCTGCGCGGCTACTACAACCAGAGCGAGGCCG,GGTCTCACACCCTCCAGTGGATGTATGGCTGCGACCTGGGGCCCGACGGGCGCCTCCTCCGCGGGTATGACCAGTCCGCCTACGACGGCAAGGATTACATCGCCCTGAACGAGGACCTGCGCTCCTGGACTGCCGCGGACACGGCGGCTCAGATCACCCAGCGCAAGTGGGAGGCGGCCCGTGAGGCGGAGCAGTGGAGAGCCTACCTGGAGGGCACGTGCGTGGAGTGGCTCCGCAGATACCTGGAGAACGGGAAGGAGACGCTGCAGCGCGCGG
C*12:83,GCTCCCACTCCATGAGGTATTTCTACACCGCCGTGTCCCGGCCCGGCCGCGGAGAGCCCCGCTTCATCGCAGTGGGCTACGTGGACGACACGCAGTTCGTGCGGTTCGACAGCGACGCCGCGAGTCCAAGAGGGGAGCCGCGGGCGCCGTGGGTGGAGCAGGAGGGGCCGGAGTATTGGGACCGGGAGACACAGAAGTACAAGCGCCAGGCACAGGCTGACCGAGTGAGCCTGCGGAACCTGCGCGGCTACTACAACCAGAGCGAGGCCG,GGTCTCACACCCTCCAGAGGATGTACGGCTGCGACCTGGGGCCCGACGGGCGCCTCCTCCGCGGGTATGACCAGTCCGCCTACGACGGCAAGGATTACATCGCCCTGAACGAGGACCTGCGCTCCTGGACCGCTGCGGACACGGCGGCTCAGATCACCCAGCGCAAGTGGGAGGCGGCCCGTGAGGCGGAGCAGCTGAGAGCCTACCTGGAGGGCCTGTGCGTGGAGTGGCTCCGCAGATACCTGGAGAACGGGAAGGAGACGCTGCAGCGCGCGG
C*12:85,GCTCCCACTCCATGAGGTATTTCTACACCGCCGTGTCCCGGCCCGGCCGCGGAGAGCCCCGCTTCATCGCAGTGGGCTACGTGGACGACACGCAGTTCGTGCGGTTCGACAGCGACGCCGCGAGTCCAAGAGGGGAGCCGCGGGCGCCGTGGGTGGAGCAGGAGGGGCCGGAGTATTGGGACCGGGAGACACAGAAGTACAAGCGCCAGGCACAGGCTGACCGAGTGAGCCTGCGGAACCTGCGCGGCTACTACAACCAGAGCGAGGCCG,GGTCTCACACCCTCCAGAGGATGTACGGCTGCGACCTGGGGCCCGACGGGCGCCTCCTCCGCGGGTATGACCAGTCCGCCTACGACGGCAAGGATTACATCGCCCTGAACGAGGACCTGCGCTCCTGGACCGCTGCGGACACGGCGGCTCAGATCACCCAGCGCAAGTGGGAGGCGGCCCGTGAGGCGGAGCAGCGGAGAGCCTACCTGGAGGGCACGTGCGTGGAGTGGCTCCGCAGATACCTGGAGAACGGGAAGGAGACGCTGCAGCGCGCGG
C*12:86,GCTCCCACTCCATGAGGTATTTCTACACCGCCGTGTCCCGGCCCGGCCGCGGAGAGCCCCGCTTCATCGCAGTGGGCTACGTGGACGACACGCAGTTCGTGCGGTTCGACAGCGACGCCGCGAGTCCAAGAGGGGAGCCGCGGGCGCCGTGGGTGGAGCAGGAGGGGCCGGAGTATTGGGACCGGGAGACACAGAAGTACAAGCGCCAGGCACAGGCTGACCGAGTGAGCCTGCGGAACCTGCGCGGCTACTACAACCAGAGCGAGGCCG,GGTCTCACACCCTCCAGAGGATGTACGGCTGCGACCTGGGGCCCGACGGGCGCCTCCTCCGCGGGTATGACCAGTCCGCCTACGACGGCAAGGATTACATCGCCCTGAACGAGGACCTGCGCTCCTGGACCGCTGCGGACACGGCGGCTCAGATCACCCAGCGCAAGTGGGAGGCGGCCCGTGAGGCGGAGCAGTGGAGAGCCTACCTGGAGGGCACGTGCGTGGAGTGGCTCCGCAGATACCGGGAGAACGGGAAGGAGACGCTGCAGCGCGCGG
C*12:87,GCTCCCACTCCATGAGGTATTTCTACACCGCCGTGTCCCGGCCCGGCCGCGGAGAGCCCCGCTTCATCGCAGTGGGCTACGTGGACGACACGCAGTTCGTGCGGTTCGACAGCGACGCCGCGAGTCCAAGAGGGGAGCCGCGGGCGCCGTGGGTGGAGCAGGAGGGGCCGGAGTATTGGGACCGGGAGACACAGAAGTACAAGCGCCAGGCACAGGCTGACCGAGTGAGCCTGCGGAACCTGCGCGGCTACTACAACCAGAGCGAGGCCG,GGTCTCACACCCTCCAGTGGATGTATGGCTGCGACCTGGGGCCCGACGGGCGCCTCCTCCGCGGGTATGACCAGTCCGCCTACGACGGCAAGGATTACATCGCCCTGAACGAGGACCTGCGCTCCTGGACTGCCGCGGACACGGCGGCTCAGATCACCCAGCGCAAGTGGGAGGCGGCCCGTGAGGCGGAGCAGTGGAGAGCCTACCTGGAGGGCACGTGCGTGGAGTGGCTCCGCAGACACCTGGAGAACGGGAAGGAGACGCTGCAGCGCGCGG
C*12:88,GCTCCCACTCCATGAGGTATTTCTACACCGCCGTGTCCCGGCCCGGCCGCGGAGAGCCCCGCTTCATCGCAGTGGGCTACGTGGACGACACGCAGTTCGTGCGGTTCGACAGCGACGCCGCGAGTCCAAGAGGGGAGCCGCGGGCGCCGTGGGTGGAGCAGGAGGGGCCGGAGTATTGGGACCGGGAGACACAGAAGTACAAGCGCCAGGCACAGGCTGACCGAGTGAGCCTGCGGAACCTGCGCGGCTACTACAACCAGAGCGAGGCCG,GGTCTCACACCCTCCAGTGGATGTATGGCTGCGACCTGGGGCCCGACGGGCGCCTCCTCCGCGGGTATGACCAGTCCGCCTACGACGGCAAGGATTACATCGCCCTGAACGAGGACCTGCGCTCCTGGACTGCCGCGGACACGGCGGCTCAGATCACCCAGCGCAAGTGGGAGGCGGCCCGTGAGGCGGAGCAGTGGAGAGCCTACCTGGAGGGCACGTGCGTGGAGTGGCTCTGCAGATACCTGGAGAACGGGAAGGAGACGCTGCAGCGCGCGG
C*12:89,GCTCCCACTCCATGAGGTATTTCTACACCGCCGTGTCCCGGCCCGGCCGCGGAGAGCCCCGCTTCATCGCAGTGGGCTACGTGGACGACACGCAGTTCGTGCGGTTCGACAGCGACGCCGCGAGTCCAAGAGGGGAGCCGCGGGCGCCGTGGGTGGAGCAGGAGGGGCCGGAGTATTGGGACCGGGAGACACAGAAGTACAAGCGCCAGGCACAGGCTGACCGAGTGAGCCTGCGGAACCTGCGCGGCTACTACAACCAGAGCGAGGCCG,GGTCTCACACCCTCCAGTGGATGTATGGCTGCGACCTGGGGCCCGACGGGCGCCTCCTCCGCGGGTATGACCAGTCCGCCTACGACGGCAAGGATTACATCGCCCTGGACGAGGACCTGCGCTCCTGGACTGCCGCGGACACGGCGGCTCAGATCACCCAGCGCAAGTGGGAGGCGGCCCGTGAGGCGGAGCAGTGGAGAGCCTACCTGGAGGGCACGTGCGTGGAGTGGCTCCGCAGATACCTGGAGAACGGGAAGGAGACGCTGCAGCGCGCGG
C*12:90,GCTCCCACTCCATGAGGTATTTCTACACCGCCGTGTCCCGGCCCGGCCGCGGAGAGCCCCGCTTCATCGCAGTGGGCTACGTGGACGACACGCAGTTCGTGCGGTTCGACAGCGACGCCGCGAGTCCAAGAGGGGAGCCGCGGGCGCCGTGGGTGGAGCAGGAGGGGCCGGAGTATTGGGACCGGGAGACACAGAAGTACAAGGGCCAGGCACAGGCTGACCGAGTGAGCCTGCGGAACCTGCGCGGCTACTACAACCAGAGCGAGGCCG,GGTCTCACACCCTCCAGTGGATGTATGGCTGCGACCTGGGGCCCGACGGGCGCCTCCTCCGCGGGTATGACCAGTCCGCCTACGACGGCAAGGATTACATCGCCCTGAACGAGGACCTGCGCTCCTGGACTGCCGCGGACACGGCGGCTCAGATCACCCAGCGCAAGTGGGAGGCGGCCCGTGAGGCGGAGCAGTGGAGAGCCTACCTGGAGGGCACGTGCGTGGAGTGGCTCCGCAGATACCTGGAGAACGGGAAGGAGACGCTGCAGCGCGCGG
C*12:91,GCTCCCACTCCATGAGGTATTTCTACACCGCCGTGTCCCGGCCCGGCCGCGGAGAGCCCCGCTTCATCGCAGTGGGCTACGTGGACGACACGCAGTTCGTGCGGTTGGACAGCGACGCCGCGAGTCCAAGAGGGGAGCCGCGGGCGCCGTGGGTGGAGCAGGAGGGGCCGGAGTATTGGGACCGGGAGACACAGAAGTACAAGCGCCAGGCACAGGCTGACCGAGTGAGCCTGCGGAACCTGCGCGGCTACTACAACCAGAGCGAGGCCG,GGTCTCACACCCTCCAGTGGATGTATGGCTGCGACCTGGGGCCCGACGGGCGCCTCCTCCGCGGGTATGACCAGTCCGCCTACGACGGCAAGGATTACATCGCCCTGAACGAGGACCTGCGCTCCTGGACTGCCGCGGACACGGCGGCTCAGATCACCCAGCGCAAGTGGGAGGCGGCCCGTGAGGCGGAGCAGTGGAGAGCCTACCTGGAGGGCACGTGCGTGGAGTGGCTCCGCAGATACCTGGAGAACGGGAAGGAGACGCTGCAGCGCGCGG
C*14:02:01G,GCTCCCACTCCATGAGGTATTTCTCCACATCCGTGTCCCGGCCCGGCCGCGGGGAGCCCCGCTTCATCGCAGTGGGCTACGTGGACGACACGCAGTTCGTGCGGTTCGACAGCGACGCCGCGAGTCCGAGAGGGGAGCCGCGGGCGCCGTGGGTGGAGCAGGAGGGGCCGGAGTATTGGGACCGGGAGACACAGAAGTACAAGCGCCAGGCACAGACTGACCGAGTGAGCCTGCGGAACCTGCGCGGCTACTACAACCAGAGCGAGGCCG,GGTCTCACACCCTCCAGTGGATGTTTGGCTGCGACCTGGGGCCCGACGGGCGCCTCCTCCGCGGGTATGACCAGTCCGCCTACGACGGCAAGGATTACATCGCCCTGAACGAGGATCTGCGCTCCTGGACCGCCGCGGACACGGCGGCTCAGATCACCCAGCGCAAGTGGGAGGCGGCCCGTGAGGCGGAGCAGCGGAGAGCCTACCTGGAGGGCACGTGCGTGGAGTGGCTCCGCAGATACCTGGAGAACGGGAAGGAGACGCTGCAGCGCGCGG
C*14:02:02,GCTCCCACTCCATGAGGTATTTCTCCACATCCGTGTCCCGGCCCGGCCGCGGGGAGCCCCGCTTCATCGCAGTGGGCTACGTGGACGACACGCAGTTCGTGCGGTTCGACAGCGACGCCGCGAGTCCGAGAGGGGAGCCGCGGGCGCCGTGGGTGGAGCAGGAGGGGCCGGAGTATTGGGACCGGGAGACACAGAAGTACAAGCGCCAGGCACAGACTGACCGAGTGAGCCTGCGGAACCTGCGCGGCTACTACAACCAGAGCGAGGCCG,GGTCTCACACCCTCCAGTGGATGTTTGGCTGCGACCTGGGGCCCGACGGGCGCCTCCTCCGCGGGTATGACCAGTCCGCCTACGACGGCAAGGATTACATCGCCCTGAACGAGGACCTGCGCTCCTGGACCGCCGCGGACACGGCGGCTCAGATCACCCAGCGCAAGTGGGAGGCGGCCCGTGAGGCGGAGCAGCGGAGAGCCTACCTGGAGGGCACGTGCGTGGAGTGGCTCCGCAGATACCTGGAGAACGGGAAGGAGACGCTGCAGCGCGCGG
C*14:02:03,GCTCCCACTCCATGAGGTATTTCTCCACATCCGTGTCCCGGCCCGGCCGCGGGGAGCCCCGCTTCATCGCAGTGGGCTACGTGGACGACACGCAGTTCGTGCGGTTCGACAGCGACGCCGCGAGTCCAAGAGGGGAGCCGCGGGCGCCGTGGGTGGAGCAGGAGGGGCCGGAGTATTGGGACCGGGAGACACAGAAGTACAAGCGCCAGGCACAGACTGACCGAGTGAGCCTGCGGAACCTGCGCGGCTACTACAACCAGAGCGAGGCCG,GGTCTCACACCCTCCAGTGGATGTTTGGCTGCGACCTGGGGCCCGACGGGCGCCTCCTCCGCGGGTATGACCAGTCCGCCTACGACGGCAAGGATTACATCGCCCTGAACGAGGATCTGCGCTCCTGGACCGCCGCGGACACGGCGGCTCAGATCACCCAGCGCAAGTGGGAGGCGGCCCGTGAGGCGGAGCAGCGGAGAGCCTACCTGGAGGGCACGTGCGTGGAGTGGCTCCGCAGATACCTGGAGAACGGGAAGGAGACGCTGCAGCGCGCGG
C*14:02:04,GCTCCCACTCCATGAGGTATTTCTCCACATCCGTGTCCCGGCCCGGCCGCGGGGAGCCCCGCTTCATCGCAGTGGGCTACGTGGACGACACGCAGTTCGTGCGGTTCGACAGCGACGCCGCGAGTCCGAGAGGGGAGCCGCGGGCGCCGTGGGTGGAGCAGGAGGGGCCGGAGTATTGGGACCGGGAGACACAGAAGTACAAGCGCCAGGCACAGACTGACCGAGTGAGCCTGCGGAACCTGCGCGGCTACTACAACCAGAGCGAGGCCG,GGTCTCACACCCTCCAGTGGATGTTTGGCTGCGACCTGGGGCCCGACGGGCGTCTCCTCCGCGGGTATGACCAGTCCGCCTACGACGGCAAGGATTACATCGCCCTGAACGAGGATCTGCGCTCCTGGACCGCCGCGGACACGGCGGCTCAGATCACCCAGCGCAAGTGGGAGGCGGCCCGTGAGGCGGAGCAGCGGAGAGCCTACCTGGAGGGCACGTGCGTGGAGTGGCTCCGCAGATACCTGGAGAACGGGAAGGAGACGCTGCAGCGCGCGG
C*14:02:05,GCTCCCACTCCATGAGGTATTTCTCCACATCCGTGTCCCGGCCCGGCCGCGGGGAGCCCCGCTTCATCGCAGTGGGCTACGTGGACGACACGCAGTTCGTGCGGTTCGACAGCGACGCCGCGAGTCCGAGAGGGGAGCCGCGGGCGCCGTGGGTGGAGCAGGAGGGGCCGGAGTATTGGGACCGGGAGACACAGAAGTACAAGCGCCAGGCACAGACTGACCGAGTGAGCCTGCGGAACCTGCGCGGCTACTACAACCAGAGCGAGGCCG,GGTCTCACACCCTCCAGTGGATGTTTGGCTGCGACCTGGGGCCCGACGGGCGCCTCCTCCGCGGGTATGACCAGTCCGCCTACGACGGCAAGGATTACATCGCCCTGAACGAGGATCTGCGCTCCTGGACCGCCGCGGACACCGCGGCTCAGATCACCCAGCGCAAGTGGGAGGCGGCCCGTGAGGCGGAGCAGCGGAGAGCCTACCTGGAGGGCACGTGCGTGGAGTGGCTCCGCAGATACCTGGAGAACGGGAAGGAGACGCTGCAGCGCGCGG
C*14:02:06,GCTCCCACTCCATGAGGTATTTCTCCACATCCGTGTCCCGGCCCGGCCGCGGGGAGCCCCGCTTCATCGCAGTGGGCTACGTGGACGACACGCAGTTCGTGCGGTTCGACAGCGACGCCGCGAGTCCGAGAGGGGAGCCGCGGGCGCCGTGGGTGGAGCAGGAGGGGCCGGAGTATTGGGACCGGGAGACACAGAAGTACAAGCGCCAGGCACAGACTGACCGAGTGAGCCTGCGGAACCTGCGCGGCTACTACAACCAGAGCGAGGCCG,GGTCGCACACCCTCCAGTGGATGTTTGGCTGCGACCTGGGGCCCGACGGGCGCCTCCTCCGCGGGTATGACCAGTCCGCCTACGACGGCAAGGATTACATCGCCCTGAACGAGGATCTGCGCTCCTGGACCGCCGCGGACACGGCGGCTCAGATCACCCAGCGCAAGTGGGAGGCGGCCCGTGAGGCGGAGCAGCGGAGAGCCTACCTGGAGGGCACGTGCGTGGAGTGGCTCCGCAGATACCTGGAGAACGGGAAGGAGACGCTGCAGCGCGCGG
C*14:02:08,GCTCCCACTCCATGAGGTATTTCTCCACATCCGTGTCCCGGCCCGGCCGCGGGGAGCCCCGCTTCATCGCAGTGGGCTACGTGGACGACACGCAGTTCGTGCGGTTCGACAGCGACGCCGCGAGTCCGAGAGGGGAGCCGCGGGCGCCGTGGGTGGAGCAGGAGGGGCCGGAGTATTGGGACCGGGAGACACAGAAGTACAAGCGCCAGGCACAGACTGACCGAGTGAGCCTGCGGAACCTGCGCGGCTACTACAACCAGAGCGAGGCCG,GGTCTCACACCCTCCAGTGGATGTTTGGCTGCGACCTGGGGCCCGACGGGCGCCTCCTCCGCGGGTATGACCAGTCCGCCTACGACGGCAAGGATTACATCGCCCTGAACGAGGATCTGCGCTCCTGGACTGCCGCGGACACGGCGGCTCAGATCACCCAGCGCAAGTGGGAGGCGGCCCGTGAGGCGGAGCAGCGGAGAGCCTACCTGGAGGGCACGTGCGTGGAGTGGCTCCGCAGATACCTGGAGAACGGGAAGGAGACGCTGCAGCGCGCGG
C*14:02:09,GCTCCCACTCCATGAGGTATTTCTCCACATCCGTGTCCCGGCCCGGCCGCGGGGAGCCCCGCTTCATCGCAGTGGGCTACGTGGACGACACGCAGTTCGTGCGGTTCGACAGCGACGCCGCGAGTCCGAGAGGGGAGCCGCGGGCGCCGTGGGTGGAGCAGGAGGGGCCGGAGTATTGGGACCGGGAGACACAGAAGTACAAGCGCCAGGCACAGACTGACCGAGTGAGCCTGCGGAACCTGCGCGGCTACTACAACCAGAGCGAGGCCG,GGTCTCACACCCTCCAGTGGATGTTTGGCTGCGACCTGGGGCCCGATGGGCGCCTCCTCCGCGGGTATGACCAGTCCGCCTACGACGGCAAGGATTACATCGCCCTGAACGAGGATCTGCGCTCCTGGACCGCCGCGGACACGGCGGCTCAGATCACCCAGCGCAAGTGGGAGGCGGCCCGTGAGGCGGAGCAGCGGAGAGCCTACCTGGAGGGCACGTGCGTGGAGTGGCTCCGCAGATACCTGGAGAACGGGAAGGAGACGCTGCAGCGCGCGG
C*14:02:10,GCTCCCACTCCATGAGGTATTTCTCCACATCCGTGTCCCGGCCCGGCCGCGGGGAGCCCCGCTTCATCGCGGTGGGCTACGTGGACGACACGCAGTTCGTGCGGTTCGACAGCGACGCCGCGAGTCCGAGAGGGGAGCCGCGGGCGCCGTGGGTGGAGCAGGAGGGGCCGGAGTATTGGGACCGGGAGACACAGAAGTACAAGCGCCAGGCACAGACTGACCGAGTGAGCCTGCGGAACCTGCGCGGCTACTACAACCAGAGCGAGGCCG,GGTCTCACACCCTCCAGTGGATGTTTGGCTGCGACCTGGGGCCCGACGGGCGCCTCCTCCGCGGGTATGACCAGTCCGCCTACGACGGCAAGGATTACATCGCCCTGAACGAGGATCTGCGCTCCTGGACCGCCGCGGACACGGCGGCTCAGATCACCCAGCGCAAGTGGGAGGCGGCCCGTGAGGCGGAGCAGCGGAGAGCCTACCTGGAGGGCACGTGCGTGGAGTGGCTCCGCAGATACCTGGAGAACGGGAAGGAGACGCTGCAGCGCGCGG
C*14:02:11,GCTCCCACTCCATGAGGTATTTCTCCACATCCGTGTCCCGGCCCGGCCGCGGGGAGCCCCGCTTCATCGCAGTGGGCTACGTGGACGACACGCAGTTCGTGCGGTTCGACAGCGACGCCGCGAGTCCGAGAGGGGAGCCGCGGGCGCCGTGGGTGGAGCAGGAGGGGCCGGAGTATTGGGACCGGGAGACACAGAAGTACAAGCGCCAGGCACAGACTGACCGAGTGAGCCTGCGGAACCTGCGCGGCTACTACAACCAGAGCGAGGCCG,GGTCTCACACCCTCCAGTGGATGTTTGGCTGCGACCTGGGGCCCGACGGGCGCCTCCTCCGCGGGTATGACCAGTCCGCCTACGACGGCAAGGATTACATCGCCCTGAACGAGGATCTGCGCTCCTGGACCGCCGCGGACACGGCGGCTCAGATCACCCAGCGCAAGTGGGAGGCGGCCCGTGAGGCGGAGCAGCGGAGAGCCTACCTGGAGGGCACGTGCGTGGAGTGGCTCCGCAGATACCTGGAAAACGGGAAGGAGACGCTGCAGCGCGCGG
C*14:03,GCTCCCACTCCATGAGGTATTTCTCCACATCCGTGTCCCGGCCCGGCCGCGGGGAGCCCCACTTCATCGCAGTGGGCTACGTGGACGACACGCAGTTCGTGCGGTTCGACAGCGACGCCGCGAGTCCAAGAGGGGAGCCGCGGGCGCCGTGGGTGGAGCAGGAGGGGCCGGAGTATTGGGACCGGGAGACACAGAAGTACAAGCGCCAGGCACAGACTGACCGAGTGAGCCTGCGGAACCTGCGCGGCTACTACAACCAGAGCGAGGCCG,GGTCTCACACCCTCCAGTGGATGTTTGGCTGCGACCTGGGGCCCGACGGGCGCCTCCTCCGCGGGTATGACCAGTCCGCCTACGACGGCAAGGATTACATCGCCCTGAACGAGGATCTGCGCTCCTGGACCGCCGCGGACACGGCGGCTCAGATCACCCAGCGCAAGTGGGAGGCGGCCCGTGAGGCGGAGCAGCGGAGAGCCTACCTGGAGGGCACGTGCGTGGAGTGGCTCCGCAGATACCTGGAGAACGGGAAGGAGACGCTGCAGCGCGCGG
C*14:04,GCTCCCACTCCATGAGGTATTTCTCCACATCCGTGTCCCGGCCCGGCCGCGGGGAGCCCCGCTTCATCGCAGTGGGCTACGTGGACGACACGCAGTTCGTGCGGTTCGACAGCGACGCCGCGAGTCCGAGAGGGGAGCCGCGGGCGCCGTGGGTGGAGCAGGAGGGGCCGGAGTATTGGGACCGGGAGACACAGAAGTACAAGCGCCAGGCACAGGCTGACCGAGTGAACCTGCGGAACCTGCGCGGCTACTACAACCAGAGCGAGGCCG,GGTCTCACACCCTCCAGTGGATGTTTGGCTGCGACCTGGGGCCCGACGGGCGCCTCCTCCGCGGGTATGACCAGTCCGCCTACGACGGCAAGGATTACATCGCCCTGAACGAGGATCTGCGCTCCTGGACCGCCGCGGACACGGCGGCTCAGATCACCCAGCGCAAGTGGGAGGCGGCCCGTGAGGCGGAGCAGCGGAGAGCCTACCTGGAGGGCACGTGCGTGGAGTGGCTCCGCAGATACCTGGAGAACGGGAAGGAGACGCTGCAGCGCGCGG
C*14:05,GCTCCCACTCCATGAGGTATTTCTCCACATCCGTGTCCCGGCCCGGCCGCGGGGAGCCCCGCTTCATCGCAGTGGGCTACGTGGACGACACGCAGTTCGTGCGGTTCGACAGCGACGCCGCGAGTCCGAGAGGGGAGCCGCGGGCGCCGTGGGTGGAGCAGGAGGGGCCGGAGTATTGGGACCGGGAGACACAGAAGTACAAGCGCCAGGCACAGACTGACCGAGTGAGCCTGCGGAACCTGCGCGGCTACTACAACCAGAGCGAGGCCG,GGTCTCACACCCTCCAGTGGATGTATGGCTGCGACCTGGGGCCCGACGGGCGCCTCCTCCGCGGGTATGACCAGTCCGCCTACGACGGCAAGGATTACATCGCCCTGAACGAGGATCTGCGCTCCTGGACCGCCGCGGACACGGCGGCTCAGATCACCCAGCGCAAGTGGGAGGCGGCCCGTGAGGCGGAGCAGCGGAGAGCCTACCTGGAGGGCACGTGCGTGGAGTGGCTCCGCAGATACCTGGAGAACGGGAAGGAGACGCTGCAGCGCGCGG
C*14:06,GCTCCCACTCCATGAGGTATTTCTCCACATCCGTGTCCCGGCCCGGCCGCGGGGAGCCCCGCTTCATCGCAGTGGGCTACGTGGACGACACGCAGTTCGTGCGGTTCGACAGCGACGCCGCGAGTCCGAGAGGGGAGCCGCGGGCGCCGTGGGTGGAGCAGGAGGGGCCGGAGTATTGGGACCGGGAGACACAGAAGTACAAGCGCCAGGCACAGACTGACCGAGTGAGCCTGCGGAACCTGCGCGGCTACTACAACCAGAGCGAGGCCG,GGTCTCACACCCTCCAGTGGATGTTTGGCTGCGACCTGGGGCCCGACGGGCGCCTCCTCCGCGGGTATGACCAGTCCGCCTACGACGGCAAGGATTACATCGCCCTGAACGAGGATCTGCGCTCCTGGACCGCCGCGGACACGGCGGCTCAGATCACCCAGCGCAAGTGGGAGGCGGCCCGTGAGGCGGAGCAGCTGAGAGCCTACCTGGAGGGCACGTGCGTGGAGTGGCTCCGCAGATACCTGGAGAACGGGAAGGAGACGCTGCAGCGCGCGG
C*14:07N,GCTCCCACTCCATGAGGTATTTCTCCACATCCGTGTCCCGGCCCGGCCGCGGGGAGCCCCGCTTCATCGCAGTGGGCTACGTGGACGACACGCAGTTCGTGCGGTTCGACAGCGACGCCGCGAGTCCGAGAGGGGAGCCGCGGGCGCCGTGGGTGGAGCAGGAGGGGCCGGAGTATTGGGACCGGGAGACACAGAAGTACAAGCGCCAGGCACAGACTGACCGAGTGAGCCTGCGGAACCTGCGCGGCTACTACAACCAGAGCGAGGCCG,GGTCTCACACCCTCCAGTGGATGTTTGGCTGCGACCTGGGGCCCGACGGGCGCCTCCTCCGCGGGTATGACCAGTCCGCCTACGACGGCAAGGATTACATCGCCCTGAACGAGGATCTGCGCTCCTGGACCGCCGCGGACACGGCGGCTCAGATCACCCAGCGCAAGTGGGAGGCGGCCCGTGAGGCGGAGCAGCGGAGAGCCTACCTGGAGGGCACGTGCGTGGAGTGGCTCCGCAGATAACTGGAGAACGGGAAGGAGACGCTGCAGCGCGCGG
C*14:08,GCTCCCACTCCATGAGGTATTTCTCCACATCCGTGTCCCGGCCCGGCCGCGGGGAGCCCCGCTTCATCGCAGTGGGCTACGTGGACGACACGCAGTTCGTGCGGTTCGACAGCGACGCCGCGAGTCCAAGAGGGGAGCCGCGGGCGCCGTGGGTGGAGCAGGAGGGGCCGGAGTATTGGGACCGGGAGACACAGAAGTACAAGCGCCAGGCACAGACTGACCGAGTGAGCCTGCGGAACCTGCGCGGCTACTACAACCAGAGCGAGGCCG,GGTCTCACACCCCCCAGTGGATGTTTGGCTGCGACCTGGGGCCCGACGGGCGCCTCCTCCGCGGGTATGACCAGTCCGCCTACGACGGCAAGGATTACATCGCCCTGAACGAGGATCTGCGCTCCTGGACCGCCGCGGACACGGCGGCTCAGATCACCCAGCGCAAGTGGGAGGCGGCCCGTGAGGCGGAGCAGCGGAGAGCCTACCTGGAGGGCACGTGCGTGGAGTGGCTCCGCAGATACCTGGAGAACGGGAAGGAGACGCTGCAGCGCGCGG
C*14:09,GCTCCCACTCCATGAGGTATTTCTCCACATCCGTGTCCCGGCCCGGCCGCGGGGAGCCCCGCTTCATCGCAGTGGGCTACGTGGACGACACGCAGTTCGTGCGGTTCGACAGCGACGCCGCGAGTCCGAGAGGGGAGCCGCGGGCGCCGTGGGTGGAGCAGGAGGGGCCGGAGTATTGGGACCGGGAGACACAGAAGTACAAGCGCCAGGCACAGACTGACCGAGTGAGCCTGCGGAACCTGCGCGGCTACTACAACCAGAGCGAGGCCG,GGTCTCACACCCTCCAGAGGATGTACGGCTGCGACCTGGGGCCCGACGGGCGCCTCCTCCGCGGGTATGACCAGTCCGCCTACGACGGCAAGGATTACATCGCCCTGAACGAGGATCTGCGCTCCTGGACCGCCGCGGACACGGCGGCTCAGATCACCCAGCGCAAGTGGGAGGCGGCCCGTGAGGCGGAGCAGCGGAGAGCCTACCTGGAGGGCACGTGCGTGGAGTGGCTCCGCAGATACCTGGAGAACGGGAAGGAGACGCTGCAGCGCGCGG
C*14:10,GCTCCCACTCCATGAGGTATTTCTCCACATCCGTGTCCCGGCCCGGCCGCGGGGAGCCCCACTTCATCGCAGTGGGCTACGTGGACGACACGCAGTTCGTGCGGTTCGACAGCGACGCCGCGAGTCCAAGAGGGGAGCCGCGGGCGCCGTGGGTGGAGCAGGAGGGGCCGGAGTATTGGGACCGGGAGACACAGAAGTACAAGCGCCAGGCACAGACTGACCGAGTGAGCCTGCGGAACCTGCGCGGCTACTACAACCAGAGCGAGGCCA,GGTCTCACACCCTCCAGTGGATGTTTGGCTGCGACCTGGGGCCCGACGGGCGCCTCCTCCGCGGGTATGACCAGTCCGCCTACGACGGCAAGGATTACATCGCCCTGAACGAGGATCTGCGCTCCTGGACCGCCGCGGACACGGCGGCTCAGATCACCCAGCGCAAGTGGGAGGCGGCCCGTGAGGCGGAGCAGCGGAGAGCCTACCTGGAGGGCACGTGCGTGGAGTGGCTCCGCAGATACCTGGAGAACGGGAAGGAGACGCTGCAGCGCGCGG
C*14:11,GCTCCCACTCCATGAGGTATTTCTCCACATCCGTGTCCCGGCCCGGCCGCGGGGAGCCCCGCTTCATCGCAGTGGGCTACGTGGACGACACGCAGTTCGTGCGGTTCGACAGCGACGCCGCGAGTCCGAGAGGGGAGCCGCGGGCGCCGTGGGTGGAGCAGGAGGGGCCGGAGTATTGGGACCGGGAGACACAGAAGTACAAGCGCCAGGCACAGACTGACCGAGTGAGCCTGCGGAACCTGCGCGGCTACTACAACCAGAGCGAGGCCG,GGTCTCACACCCTCCAGTGGATGTTTGGCTGCGACCTGGGGCCCGACGGGCGCCTCCTCCGCGGGTATGACCAGTCCGCCTACGACGGCAAGGATTACATCGCCCTGAACGAGGATCTGCGCTCCTGGACCGCCGCGGACACGGCGGCTCAGATCACCCAGCGCAAGTGGGAGGCGGCCCGTGAGGCGGAGCAGCGGAGAGCCTACCTGGAGGGCACGTGCGTGGAGTGGCTCCGCAGATACCTGGAGAACGGGAAGGAGACGCTGCAGCGCGCGA
C*14:12,GCTCCCACTCCATGAGGTATTTCTCCACATCCGTGTCCCGGCCCGGCCGCGGGGAGCCCCGCTTCATCGCAGTGGGCTACGTGGACGACACGCAGTTCGTGCGGTTCGACAGCGACGCCGCGAGTCCGAGAGGGGAGCCGCGGGCGCCGTGGGTGGAGCAGGAGGGGCCGGAGTATTGGGACCGGGAGACACAGAAGTACAAGCGCCAGGCACAGACTGACCGAGTGAACCTGCGGAAACTGCGCGGCTACTACAACCAGAGCGAGGCCG,GGTCTCACACCCTCCAGTGGATGTTTGGCTGCGACCTGGGGCCCGACGGGCGCCTCCTCCGCGGGTATGACCAGTCCGCCTACGACGGCAAGGATTACATCGCCCTGAACGAGGATCTGCGCTCCTGGACCGCCGCGGACACGGCGGCTCAGATCACCCAGCGCAAGTGGGAGGCGGCCCGTGAGGCGGAGCAGCGGAGAGCCTACCTGGAGGGCACGTGCGTGGAGTGGCTCCGCAGATACCTGGAGAACGGGAAGGAGACGCTGCAGCGCGCGG
C*14:13,GCTCCCACTCCATGAGGTATTTCTCCACATCCGTGTCCCGGCCCGGCCGCGGGGAGCCCCGCTTCATCGCAGTGGGCTACGTGGACGACACGCAGTTCGTGCGGTTCGACAGCGACGCCGCGAGTCCGAGAGGGGAGCCGCGGGCGCCGTGGGTGGAGCAGGAGGGGCCGGAGTATTGGGACCGGGAGACACAGAAGTACAAGCGCCAGGCACAGACTGACCGAGTGAGCCTGCGGAACCTGCGCGGCTACTACAACCAGAGCGAGGACG,GGTCTCACACCCTCCAGTGGATGTTTGGCTGCGACCTGGGGCCCGACGGGCGCCTCCTCCGCGGGTATGACCAGTCCGCCTACGACGGCAAGGATTACATCGCCCTGAACGAGGATCTGCGCTCCTGGACCGCCGCGGACACGGCGGCTCAGATCACCCAGCGCAAGTGGGAGGCGGCCCGTGAGGCGGAGCAGCGGAGAGCCTACCTGGAGGGCACGTGCGTGGAGTGGCTCCGCAGATACCTGGAGAACGGGAAGGAGACGCTGCAGCGCGCGG
C*14:14,GCTCCCACTCCATGAGGTATTTCTCCACATCCGTGTCCCGGCCCGGCCGCGGGGAGCCCCGCTTCATCGCAGTGGGCTACGTGGACGACACGCAGTTCGTGCGGTTGGACAGCGACGCCGCGAGTCCGAGAGGGGAGCCGCGGGCGCCGTGGGTGGAGCAGGAGGGGCCGGAGTATTGGGACCGGGAGACACAGAAGTACAAGCGCCAGGCACAGACTGACCGAGTGAGCCTGCGGAACCTGCGCGGCTACTACAACCAGAGCGAGGCCG,GGTCTCACACCCTCCAGTGGATGTTTGGCTGCGACCTGGGGCCCGACGGGCGCCTCCTCCGCGGGTATGACCAGTCCGCCTACGACGGCAAGGATTACATCGCCCTGAACGAGGATCTGCGCTCCTGGACCGCCGCGGACACGGCGGCTCAGATCACCCAGCGCAAGTGGGAGGCGGCCCGTGAGGCGGAGCAGCGGAGAGCCTACCTGGAGGGCACGTGCGTGGAGTGGCTCCGCAGATACCTGGAGAACGGGAAGGAGACGCTGCAGCGCGCGG
C*14:15,GCTCCCACTCCATGAGGTATTTCTCCACATCCGTGTCCCGGCCCGGCCGCGGGGAGCCCCGCTTCATCGCAGTGGGCTACGTGGACGACACGCAGTTCGTGCGGTTCGACAGCGACGCCGCGAGTCCGAGAGGGGAGCCGCGGGCGCCGTGGGTGGAGCAGGAGGGGCCGGAGTATTGGGACCGGGAGACACAGAAGTACAAGCGCCAGGCACAGACTGACCGAGTGAGCCTGCGGAACCTGCGCGGCTACTACAACCAGAGCGAGGCCG,GGTCTCACACCCTCCAGTGGATGTTTGGCTGCGACCTGGGGCCCGACGGGCGCCTCCTCCGCGGGTATGACCAGTCCGCCTACGACGGCAAGGATTACATCGCCCTGAACGAGGATCTGCGCTCCTGGACCGCCGCGGACACGGCGGCTCAGATCACCCAGCGCAAGTGGGAGGCGGCCCGTGCGGCGGAGCAGCTGAGAGCCTACCTGGAGGGCACGTGCGTGGAGTGGCTCCGCAGATACCTGGAGAACGGGAAGGAGACGCTGCAGCGCGCGG
C*14:16,GCTCCCACTCCATGAGGTATTTCTCCACATCCGTGTCCCGGCCCGGCCGCGGGGAGCCCCGCTTCATCGCAGTGGGCTACGTGGACGACACGCAGTTCGTGCGGTTCGACAGCGACGCCGCGAGTCCGAGAGGGGAGCCGCGGGCGCCGTGGGTGGAGCAGGAGGGGCCGGAGTATTGGGACCGGGAGACACAGAAGTACAAGCGCCAGGCACAGACTGACCGAGTGAGCCTGCGGAACCTGCGCGGCTACTACAACCAGAGCGAGGCCG,GGTCTCACACCCTCCAGTGGATGTTTGGCTGCGACCTGGGGCCCGACGGGCGCCTCCTCCGCGGGTATGACCAGTCCGCCTACGACGGCAAGGATTACATCGCCCTGAACGAGGATCTGCGCTCCTGGACCGCCGCGGACACGGCGGCTCAGATCACCCAGCGCAAGTGGGAGGCGGCCCGTGAGGCGGAGCAGTGGAGAGCCTACCTGGAGGGCACGTGCGTGGAGTGGCTCCGCAGATACCTGGAGAACGGGAAGGAGACGCTGCAGCGCGCGG
C*14:17,GCTCCCACTCCATGAGGTATTTCTCCACATCCGTGTCCCGGCCCGGCCGCGGGGAGCCCCGCTTCATCGCAGTGGGCTACGTGGACGACACGCAGTTCGTGCGGTTCGACAGCGACGCCGCGAGTCCGAGAGGGGAGCCGCGGGCGCCGTGGGTGGAGCAGGAGGGGCCGGAGTATTGGGACCGGGAGACACAGAAGTACAAGCGCCAGGCACAGACTGACCGAGTGAGCCTGCGGAACCTGCGCGGCTACTACAACCAGAGCGAGGCCG,GGTCTCACACCCTCCAGTGGATGTTTGGCTGCGACCTGGGGCCCGACGGGCGCCTCCTCCGCGGGTATGACCAGTCCGCCTACGACGGCAAGGATTACATCGCCCTGAACGAGGACCTGCGCTCCTGGACCGCCGCGGACACCGCGGCTCAGATCACCCAGCGCAAGTTGGAGGCGGCCCGTGCGGCGGAGCAGCGGAGAGCCTACCTGGAGGGCACGTGCGTGGAGTGGCTCCGCAGATACCTGGAGAACGGGAAGGAGACGCTGCAGCGCGCGG
C*14:18,GCTCCCACTCCATGAGGTATTTCTCCACATCCGTGTCCCGGCCCGGCCGCGGGGAGCCCCGCTTCATCTCAGTGGGCTACGTGGACGACACGCAGTTCGTGCGGTTCGACAGCGACGCCGCGAGTCCGAGAGGGGAGCCGCGGGCGCCGTGGGTGGAGCAGGAGGGGCCGGAGTATTGGGACCGGGAGACACAGAAGTACAAGCGCCAGGCACAGACTGACCGAGTGAGCCTGCGGAACCTGCGCGGCTACTACAACCAGAGCGAGGCCG,GGTCTCACACCCTCCAGTGGATGTTTGGCTGCGACCTGGGGCCCGACGGGCGCCTCCTCCGCGGGTATGACCAGTCCGCCTACGACGGCAAGGATTACATCGCCCTGAACGAGGATCTGCGCTCCTGGACCGCCGCGGACACGGCGGCTCAGATCACCCAGCGCAAGTGGGAGGCGGCCCGTGAGGCGGAGCAGCGGAGAGCCTACCTGGAGGGCACGTGCGTGGAGTGGCTCCGCAGATACCTGGAGAACGGGAAGGAGACGCTGCAGCGCGCGG
C*14:19,GCTCCCACTCCATGAGGTATTTCTCCACATCCGTGTCCCGGCCCGGCCGCGGGGAGCCCCGCTTCATCGCAGTGGGCTACGTGGACGACACGCAGTTCGTGCGGTTCGACAGCGACGCCGCGAGTCCGAGAGGGGAGCCGCGGGCGCCGTGGGTGGAGCAGGAGGGGCCGGAGTATTGGGACCGGGAGACACAGAAGTACAAGCGCCAGGCACAGACTGACCGAGTGAGCCTGCGGAACCTGCGCGGCTACTACAACCAGAGCGAGGCCG,GGTCTCACACCCTCCAGTGGATGTTTGGCTGCGACCTGGGGCCCGACGGGCACCTCCTCCGCGGGTATGACCAGTCCGCCTACGACGGCAAGGATTACATCGCCCTGAACGAGGATCTGCGCTCCTGGACCGCCGCGGACACGGCGGCTCAGATCACCCAGCGCAAGTGGGAGGCGGCCCGTGAGGCGGAGCAGCGGAGAGCCTACCTGGAGGGCACGTGCGTGGAGTGGCTCCGCAGATACCTGGAGAACGGGAAGGAGACGCTGCAGCGCGCGG
C*14:20,GCTCCCACTCCATGAGGTATTTCTCCACATCCGTGTCCCGGCCCGGCCGCGGGGAGCCCCGCTTCATCGCAGTGGGCTACGTGGACGACACGCAGTTCGTGCGGTTCGACAGCGACGCCGCGAGTCCGAGAGGGGAGCCGCGGGCGCCGTGGGTGGAGCAGGAGGGGCCGGAGTATTGGGACCGGGAGACACAGAAGTACAAGCGCCAGGCACAGACTGACCGAGTGAGCCTGCGGAACCTGCGCGGCTACTACAACCAGAGCGAGGCCG,GGTCTCACACCCTCCAGTGGATGTTTGGCTGCGACCTGGGGCCCGACGGGCGCCTCCTCCGCGGGTATGACCAGTCCGCCTACGACGGCAAGGATTACATCGCCCTGAACGAGGATCTGCGCTCCTGGACCGCCGCGGACACGGCGGCTCAGATCACCCAGCGCAAGTGGGAGGCGGCCCGTGAGGCGGAGCAGCGGAGAGCCTACCTGGAGGGCCTGTGCGTGGAGTGGCTCCGCAGATACCTGGAGAACGGGAAGGAGACGCTGCAGCGCGCGG
C*14:21N,GCTCCCACTCCATGAGGTATTTCTCCACATCCGTGTCCCGGCCCGGCCGCGGGGAGCCCCGCTTCATCGCAGTGGGCTACGTGGACGACACGCAGTTCGTGCGGTTCGACAGCGACGCCGCGAGTCCGAGAGGGGAGCCGCGGGCGCCGTGGGTGGAGCAGGAGGGGCCGGAGTATTGGGACCGGGAGACACAGAAGTACAAGCGCCAGGCACAGACTGACCGAGTGAGCCTGCGGAACCTGCGCGGCTACTACAACCAGAGCGAGGCCG,GGTCTCACACCCTCCAGTGGATGTTTGGCTGCGACCTGGGGCCCGACGGGCGCCTCCTCCGCGGGTATGACCAGTCCGCCTAAGACGGCAAGGATTACATCGCCCTGAACGAGGATCTGCGCTCCTGGACCGCCGCGGACACGGCGGCTCAGATCACCCAGCGCAAGTGGGAGGCGGCCCGTGAGGCGGAGCAGCGGAGAGCCTACCTGGAGGGCACGTGCGTGGAGTGGCTCCGCAGATACCTGGAGAACGGGAAGGAGACGCTGCAGCGCGCGG
C*14:22,GCTCCCACTCCATGAGGTATTTCTCCACATCCGTGTCCCGGCCCGGCCGCGGGGAGCCCCACTTCATCGCAGTGGGCTACGTGGACGACACGCAGTTCGTGCGGTTCGACAGCGACGCCGCGAGTCCAAGAAGGGAGCCGCGGGCGCCGTGGGTGGAGCAGGAGGGGCCGGAGTATTGGGACCGGGAGACACAGAAGTACAAGCGCCAGGCACAGACTGACCGAGTGAGCCTGCGGAACCTGCGCGGCTACTACAACCAGAGCGAGGCCG,GGTCTCACACCCTCCAGTGGATGTTTGGCTGCGACCTGGGGCCCGACGGGCGCCTCCTCCGCGGGTATGACCAGTCCGCCTACGACGGCAAGGATTACATCGCCCTGAACGAGGATCTGCGCTCCTGGACCGCCGCGGACACGGCGGCTCAGATCACCCAGCGCAAGTGGGAGGCGGCCCGTGAGGCGGAGCAGCGGAGAGCCTACCTGGAGGGCACGTGCGTGGAGTGGCTCCGCAGATACCTGGAGAACGGGAAGGAGACGCTGCAGCGCGCGG
C*14:24:01,GCTCCCACTCCATGAGGTATTTCTCCACATCCGTGTCCCGGCCCGGCCGCGGGGAGCCCCGCTTCATCGCAGTGGGCTACGTGGACGACACGCAGTTCGTGCGGTTCGACAGCGACGCCGCGAGTCCGAGAGGGGAGCCGCGGGCGCCGTGGGTGGAGCAGGAGGGGCCGGAGTATTGGGACCGGGAGACACAGAAGTACAAGCGCCAGGCACAGACTGACCGAGTGAGCCTGCGGAACCTGCGCGGCTACTACAACCAGAGCGAGGCCG,GGTCTCACACCCTCCAGTGGATGTTTGGCTGCGACCTGGGGCCCGACGGGCGCCTCCTCCGCCGGTATGACCAGTCCGCCTACGACGGCAAGGATTACATCGCCCTGAACGAGGATCTGCGCTCCTGGACCGCCGCGGACACGGCGGCTCAGATCACCCAGCGCAAGTGGGAGGCGGCCCGTGAGGCGGAGCAGCGGAGAGCCTACCTGGAGGGCACGTGCGTGGAGTGGCTCCGCAGATACCTGGAGAACGGGAAGGAGACGCTGCAGCGCGCGG
C*14:24:02,GCTCCCACTCCATGAGGTATTTCTCCACATCCGTGTCCCGGCCCGGCCGCGGGGAGCCCCGCTTCATCGCAGTGGGCTACGTGGACGACACGCAGTTCGTGCGGTTCGACAGCGACGCCGCGAGTCCGAGAGGGGAGCCGCGGGCGCCGTGGGTGGAGCAGGAGGGGCCGGAGTATTGGGACCGGGAGACACAGAAGTACAAGCGCCAGGCACAGACTGACCGAGTGAGCCTGCGGAACCTGCGCGGCTACTACAACCAGAGCGAGGCCG,GGTCTCACACCCTCCAGTGGATGTTTGGCTGCGACCTGGGGCCCGACGGGCGCCTCCTCCGCAGGTATGACCAGTCCGCCTACGACGGCAAGGATTACATCGCCCTGAACGAGGATCTGCGCTCCTGGACCGCCGCGGACACGGCGGCTCAGATCACCCAGCGCAAGTGGGAGGCGGCCCGTGAGGCGGAGCAGCGGAGAGCCTACCTGGAGGGCACGTGCGTGGAGTGGCTCCGCAGATACCTGGAGAACGGGAAGGAGACGCTGCAGCGCGCGG
C*14:25,GCTCCCACTCCATGAGGTATTTCTCCACATCCGTGTCCCGGCCCGGCCGCGGGGAGCCCCGCTTCATCGCAGTGGGCTACGTGGACGACACGCAGTTCGTGCGGTTCGACAGCGACGCCGCGAGTCCGAGAGGGGAGCCGCGGGCGCCGTGGGTGGAGCAGGAGGGGCCGGAGTATTGGGACCGGGAGACACAGAAGTACAAGCGCCAGGCACAGACTGACCGAGTGAGCCTGCGGAACCTGCGCGGCTACTACAACCAGAGCGAGGCCG,GGTCTCACACCCTCCAGTGGATGTTTGGCTGCGACCTGGGGCCCGACGGGCGCCTCCTCCGCGGGTATGACCAGTCCGCCTACGACGGCAAGGATTACATCGCCCTGAACGAGGATCTGCGCTCCTGGACCGCCGCGGACACGGCGGCTCAGATCACCCAGCGCAAGTGGGAGGCGGCCCGTGAGGCGGAGCAGCGGAGAGCCTACCTGGAGGGCGAGTGCGTGGAGTGGCTCCGCAGATACCTGGAGAACGGGAAGGAGACGCTGCAGCGCGCGG
C*14:26,GCTCCCACTCCATGAGGTATTTCTCCACATCCGTGTCCCGGCCCGGCCGCGGGGAGCCCCGCTTCATCGCAGTGGGCTACGTGGACGACACGCAGTTCGTGCGGTTCGACAGCGACGCCGCGAGTCCGAGAGGGGAGCCGCGGGCGCCGTGGGTGGAGCAGGAGGGGCCGGAGTATTGGGACCGGGAGACACAGAAGTACAAGCGCCAGGCACAGACTGACCGAGTGAGCCTGCGGAACCTGCGCGGCTACTACAACCAGAGCGAGGCCG,GGTCTCACACCCTCCAGTGGATGTTTGGCTGCGACCTGGGGCCCGACGGGCGCCTCCTCCGCGGGTATGACCAGTTCGCCTACGACGGCAAGGATTACATCGCCCTGAACGAGGATCTGCGCTCCTGGACCGCCGCGGACACGGCGGCTCAGATCACCCAGCGCAAGTGGGAGGCGGCCCGTGAGGCGGAGCAGCGGAGAGCCTACCTGGAGGGCACGTGCGTGGAGTGGCTCCGCAGATACCTGGAGAACGGGAAGGAGACGCTGCAGCGCGCGG
C*14:27,GCTCCCACTCCATGAGGTATTTCTCCACATCCGTGTCCCGGCCCGGCCGCGGGGAGCCCCGCTTCATCGCAGTGGGCTACGTGGACGACACGCAGTTCGTGCGGTTCGACAGCGACGCCGCGAGTCCGAGAAGGGAGCCGCGGGCGCCGTGGGTGGAGCAGGAGGGGCCGGAGTATTGGGACCGGGAGACACAGAAGTACAAGCGCCAGGCACAGACTGACCGAGTGAGCCTGCGGAACCTGCGCGGCTACTACAACCAGAGCGAGGCCG,GGTCTCACACCCTCCAGTGGATGTTTGGCTGCGACCTGGGGCCCGACGGGCGCCTCCTCCGCGGGTATGACCAGTCCGCCTACGACGGCAAGGATTACATCGCCCTGAACGAGGATCTGCGCTCCTGGACCGCCGCGGACACGGCGGCTCAGATCACCCAGCGCAAGTGGGAGGCGGCCCGTGAGGCGGAGCAGCGGAGAGCCTACCTGGAGGGCACGTGCGTGGAGTGGCTCCGCAGATACCTGGAGAACGGGAAGGAGACGCTGCAGCGCGCGG
C*14:28,GCTCCCACTCCATGAGGTATTTCTCCACATCCGTGTCCCGGCCCGGCCGCGGGGAGCCCCGCTTCATCGCAGTGGGCTACGTGGACGACACGCAGTTCGTGCGGTTCGACAGCGACGCCGCGAGTCCGAGAGGGGAGCCGCGGGCGCCGTGGGTGGAGCAGGAGGGGCCGGAGTATTGGGACCGGGAGACACAGAAGTACAAGCGCCAGGCACAGACTGACCGAGTGAGCCTGCGGAACCTGCGCGGCTACTACAACCAGAGCGAGGCCG,GGTCTCACACCCTCCAGCGGATGTTTGGCTGCGACCTGGGGCCCGACGGGCGCCTCCTCCGCGGGTATGACCAGTCCGCCTACGACGGCAAGGATTACATCGCCCTGAACGAGGATCTGCGCTCCTGGACCGCCGCGGACACGGCGGCTCAGATCACCCAGCGCAAGTGGGAGGCGGCCCGTGAGGCGGAGCAGCGGAGAGCCTACCTGGAGGGCACGTGCGTGGAGTGGCTCCGCAGATACCTGGAGAACGGGAAGGAGACGCTGCAGCGCGCGG
C*14:29,GCTCCCACTCCATGAGGTATTTCTCCACATCCGTGTCCCGGCCCGGCCGCGGGGAGCCCCGCTTCATCGCAGTGGGCTACGTGGACGACACGCAGTTCGTGCGGTTCGACAGCGACGCCGCGAGTCCGAGAGGGGAGCCGCGGGCGCCGTGGGTGGAGCAGGAGGGGCCGGAGTATTGGGACCGGGAGACACAGAAGTACAAGCGCCAGGCACAGACTGACCGAGTGAGCCTGCGGAACCTGCGCGGCTACTACAACCAGAGCGAGGCCG,GGTCTCACACCCTCCAGTGGATGTTTGGCTGCGACCTGGGGCCCGACGGGCGCCTCCTCCGCGGGTATGACCAGTCCGCCTACGACGGCAAGGATTACATCGCCCTGAACGAGGATCTGCGCTCCTGGACCGCCGCGGACACGGCGGCTCAGATCACCCAGCGCAAGCGGGAGGCGGCCCGTGAGGCGGAGCAGCGGAGAGCCTACCTGGAGGGCACGTGCGTGGAGTGGCTCCGCAGATACCTGGAGAACGGGAAGGAGACGCTGCAGCGCGCGG
C*14:30,GCTCCCACTCCATGAGGTATTTCTCCACATCCGTGTCCCGGCCCGGCCGCGGGGAGCCCCGCTTCATCGCAGTGGGCTACGTGGACGACACGCAGTTCGTGCGGTTCGACAGCGACGCCGCGAGTCCGAGAGGGGAGCCGCGGGCGCCGTGGGTGGAGCAGGAGGGGCCGGAGTATTGGGACCGGGAGACACAGAAGTACAAGCGCCAGGCACAGACTGACCGAGTGAGCCTGCGGAACCTGCGCGGCTACTACAACCAGAGCGAGGCCG,GGTCTCACACCCTCCAGTGGATGTTTGGCTGCGACCTGGGGCCCGACGGGCGCCTCCTCCGCGGGTATGACCAGTCCGCCTACGACGGCAAGGATTACATCGCCCTGAACGAGGATCTGCGCTCCTGGACCGCCGCGGACACGGCGGCTCAGATCACCCAGCGCAAGTGGGAGGCGGCCCGTGAGGCGGAGCAGCGGAGAGCCTACCTGGAGGGCACGTGCGTGGAGTGGCTCCGCAGATACCTGGAGAACGGGAAGGAGACGCTGCAGCCTGCGG
C*14:32,GCTCCCACTCCATGAGGTATTTCTCCACATCCGTGTCCCGGCCCGGCCGCGGGGAGCCCCGCTTCATCGCAGTGGGCTACGTGGACGACACGCAGTTCGTGCGGTTCGACAGCGACGCCGCGAGTCCGAGAGGGGAGCCGCGGGCGCCGTGGGTGGAGCAGGAGGGGCCGGAGTATTGGGACCGGGAGACACAGAAGTACAAGCGCCAGGCACAGACTGACCGAGTGAGCCTGCGGAACCTGCGCGGCTACTACAACCAGAGCGAGGCCG,GGTCTCACACCCTCCAGTGGATGTTTGGCTGCGACCTGGGGCCCGACGGGCGCCTCCTCCGCGGGTATGACCAGTCCGCCTACGACGGCAAGGATTACATCGCCCTGAACCAGGATCTGCGCTCCTGGACCGCCGCGGACACGGCGGCTCAGATCACCCAGCGCAAGTGGGAGGCGGCCCGTGAGGCGGAGCAGCGGAGAGCCTACCTGGAGGGCACGTGCGTGGAGTGGCTCCGCAGATACCTGGAGAACGGGAAGGAGACGCTGCAGCGCGCGG
C*14:33,GCTCCCACTCCATGAGGTATTTCTCCATATCCGTGTCCCGGCCCGGCCGCGGGGAGCCCCGCTTCATCGCAGTGGGCTACGTGGACGACACGCAGTTCGTGCGGTTCGACAGCGACGCCGCGAGTCCGAGAGGGGAGCCGCGGGCGCCGTGGGTGGAGCAGGAGGGGCCGGAGTATTGGGACCGGGAGACACAGAAGTACAAGCGCCAGGCACAGACTGACCGAGTGAGCCTGCGGAACCTGCGCGGCTACTACAACCAGAGCGAGGCCG,GGTCTCACACCCTCCAGTGGATGTTTGGCTGCGACCTGGGGCCCGACGGGCGCCTCCTCCGCGGGTATGACCAGTCCGCCTACGACGGCAAGGATTACATCGCCCTGAACGAGGATCTGCGCTCCTGGACCGCCGCGGACACGGCGGCTCAGATCACCCAGCGCAAGTGGGAGGCGGCCCGTGAGGCGGAGCAGCGGAGAGCCTACCTGGAGGGCACGTGCGTGGAGTGGCTCCGCAGATACCTGGAGAACGGGAAGGAGACGCTGCAGCGCGCGG
C*14:34,GCTCCCACTCCATGAGGTGTTTCTCCACATCCGTGTCCCGGCCCGGCCGCGGGGAGCCCCGCTTCATCGCAGTGGGCTACGTGGACGACACGCAGTTCGTGCGGTTCGACAGCGACGCCGCGAGTCCGAGAGGGGAGCCGCGGGCGCCGTGGGTGGAGCAGGAGGGGCCGGAGTATTGGGACCGGGAGACACAGAAGTACAAGCGCCAGGCACAGACTGACCGAGTGAGCCTGCGGAACCTGCGCGGCTACTACAACCAGAGCGAGGCCG,GGTCTCACACCCTCCAGTGGATGTTTGGCTGCGACCTGGGGCCCGACGGGCGCCTCCTCCGCGGGTATGACCAGTCCGCCTACGACGGCAAGGATTACATCGCCCTGAACGAGGATCTGCGCTCCTGGACCGCCGCGGACACGGCGGCTCAGATCACCCAGCGCAAGTGGGAGGCGGCCCGTGAGGCGGAGCAGCGGAGAGCCTACCTGGAGGGCACGTGCGTGGAGTGGCTCCGCAGATACCTGGAGAACGGGAAGGAGACGCTGCAGCGCGCGG
C*14:35N,GCTCCCACTCCATGAGGTATTTCTCCACATCCGTGTCCCGGCCCGGCCGCGGGGAGCCCCACTTCATCGCAGTGGGCTACGTGGACGACACGCAGTTCGTGCGGTTCGACAGCGACGCCGCGAGTCCAAGAGGGGAGCCGCGGGCGCCGTGGGTGGAGCAGGAGGGGCCGGAGTATTGGGACCGGGAGACACAGAAGTACAAGCGCCAGGCACAGACTGACCGAGTGAGCCTGCGGAACCTGCGCGGCTACTACAACCAGAGCGAGGCCG,GGTCTCACACCCTCCAGTGAATGTTTGGCTGCGACCTGGGGCCCGACGGGCGCCTCCTCCGCGGGTATGACCAGTCCGCCTACGACGGCAAGGATTACATCGCCCTGAACGAGGATCTGCGCTCCTGGACCGCCGCGGACACGGCGGCTCAGATCACCCAGCGCAAGTGGGAGGCGGCCCGTGAGGCGGAGCAGCGGAGAGCCTACCTGGAGGGCACGTGCGTGGAGTGGCTCCGCAGATACCTGGAGAACGGGAAGGAGACGCTGCAGCGCGCGG
C*14:36,GCTCCCACTCCATGAGGTATTTCTCCACATCCGTGTCCCGGCCCGGCCGCGGGGAGCCCCGCTTCATCGCAGTGGGCTACGTGGACGACACGCAGTTCGTGCGGTTCGACAGCGACGCCGCGAGTCCGAGAGGGGAGCCGCGGGCGCCGTGGGTGGAGCAGGAGGGGCCGGAGTATTGGGACCGGGAGACACAGAAGTACAAGCGCCAGGCACAGACTGACCGAGTGAGCCTGCGGAACCTGCGCGGCTACTACAACCAGAGCGAGGCCG,GGTCTCACACCCTCCAGTGGATGTTTGGCTGCTACCTGGGGCCCGACGGGCGCCTCCTCCGCGGGTATGACCAGTCCGCCTACGACGGCAAGGATTACATCGCCCTGAACGAGGATCTGCGCTCCTGGACCGCCGCGGACACGGCGGCTCAGATCACCCAGCGCAAGTGGGAGGCGGCCCGTGAGGCGGAGCAGCGGAGAGCCTACCTGGAGGGCACGTGCGTGGAGTGGCTCCGCAGATACCTGGAGAACGGGAAGGAGACGCTGCAGCGCGCGG
C*14:37,GCTCCCACTCCATGAGGTATTTCTCCACATCCGTGTCCCGGCCCGGCCGCGGGGAGCCCCGCTTCATCGCAGTGGGCTACGTGGACGACACGCAGTTCGTGCGGTTCGACAGCGACGCCGCGAGTCCGAGAGGGGAGCCGCGGGCGCCGTGGGTGGAGCAGGAGGGGCCGGAGTATTGGGACCGGAAGACACAGAAGTACAAGCGCCAGGCACAGACTGACCGAGTGAGCCTGCGGAACCTGCGCGGCTACTACAACCAGAGCGAGGCCG,GGTCTCACACCCTCCAGTGGATGTTTGGCTGCGACCTGGGGCCCGACGGGCGCCTCCTCCGCGGGTATGACCAGTCCGCCTACGACGGCAAGGATTACATCGCCCTGAACGAGGATCTGCGCTCCTGGACCGCCGCGGACACGGCGGCTCAGATCACCCAGCGCAAGTGGGAGGCGGCCCGTGAGGCGGAGCAGCGGAGAGCCTACCTGGAGGGCACGTGCGTGGAGTGGCTCCGCAGATACCTGGAGAACGGGAAGGAGACGCTGCAGCGCGCGG
C*14:38,GCTCCCACTCCATGAGGTATTTCTCCACATCCGTGTCCCGGCCCGGCCGCGGGGAGCCCCACTTCATCGCAGTGGGCTACGTGGACGACACGCAGTTCGTGCGGTTCGACAGCGACGCCGCGAGTCCAAGAGGGGAGCCGCGGGCGCCGTGGGTGGAGCAGGAGGGGCCGGAGTATTGGGACCGGGAGACACAGAAGTACAAGCGCCAGGCACAGACTGACCGAGTGAGCCTGCGGAACCTGCGCGGCTACTACAACCAGAGCGAGGCCG,GGTCTCACACCCTCCAGTGGATGTTTGGCTGCGACCTGGGGCCCGACGGGCGCCTCCTCCGCGGGTATGACCAGTCCGCCTACGACGGCAAGGATTACATCGCCCTGAACGAGGATCTGCGCTCCTGGACCGCCGCGGACACGGCGGCTCAGATCACCCAGCGCAAGTGGGAGGCGGCCCGTGAGGCGGAGCAGCGGAGAGCCTACCTGGAGGGCATGTGCGTGGAGTGGCTCCGCAGATACCTGGAGAACGGGAAGGAGACGCTGCAGCGCGCGG
C*14:39,GCTCCCACTCCATGAGGTATTTCTCCACATCCGTGTCCCGGCCCGGCCGCGGGGAGCCCCGCTTCATCGCAGTGGGCTACGTGGACGACACGCAGTTCGTGCGGTTCGACAGCGACGCCGCGAGTCCGAGAGGGGAGCCGCGGGCGCCGTGGGTGGAGCAGGAGGGGCCGGAGTATTGGGACCAGGAGACACAGAAGTACAAGCGCCAGGCACAGACTGACCGAGTGAGCCTGCGGAACCTGCGCGGCTACTACAACCAGAGCGAGGCCG,GGTCTCACACCCTCCAGTGGATGTTTGGCTGCGACCTGGGGCCCGACGGGCGCCTCCTCCGCGGGTATGACCAGTCCGCCTACGACGGCAAGGATTACATCGCCCTGAACGAGGATCTGCGCTCCTGGACCGCCGCGGACACGGCGGCTCAGATCACCCAGCGCAAGTGGGAGGCGGCCCGTGAGGCGGAGCAGCGGAGAGCCTACCTGGAGGGCACGTGCGTGGAGTGGCTCCGCAGATACCTGGAGAACGGGAAGGAGACGCTGCAGCGCGCGG
C*14:40,GCTCCCACTCCATGAGGTATTTCTCCACATCCGTGTCCCGGCCCGGCCGCGGGGAGCCCCGCTTCATCGCAGTGGGCTACGTGGACGACACGCAGTTCGTGCGGTTCGACAGCGACGCCGCGAGTCCGAGAGGGGAGCCGCGGGCGCCGTGGGTGGAGCAGGAGGGGCCGGAGTATTGGGACCGGGAGACACAGAAGTACAAGCGCCAGGCACAGACTGACCGAGTGAGCCTGCGGAACCTGCGCGGCTACTACAACCAGAGCGAGGCCG,GGTCTCACACCCTCCAGTGGATGTTTGGCTGCGACCTGGGGCCCGACGGGCGCCTCCTCCGCGGGTATGACCAGTCCGCCTACGACGGCAAGGATTACATCGCCCTGAACGAGGATCTGCGCTCCTGGACCGCCGCGGACACGGCGGCTCAGATCACCCAGCGCATGTGGGAGGCGGCCCGTGAGGCGGAGCAGCGGAGAGCCTACCTGGAGGGCACGTGCGTGGAGTGGCTCCGCAGATACCTGGAGAACGGGAAGGAGACGCTGCAGCGCGCGG
C*14:41,GCTCCCACTCCATGAGGTGTTTCTCCACATCCGTGTCCCGGCCCGGCCGCGGGGAGCCCCACTTCATCGCAGTGGGCTACGTGGACGACACGCAGTTCGTGCGGTTCGACAGCGACGCCGCGAGTCCAAGAGGGGAGCCGCGGGCGCCGTGGGTGGAGCAGGAGGGGCCGGAGTATTGGGACCGGGAGACACAGAAGTACAAGCGCCAGGCACAGACTGACCGAGTGAGCCTGCGGAACCTGCGCGGCTACTACAACCAGAGCGAGGCCG,GGTCTCACACCCTCCAGTGGATGTTTGGCTGCGACCTGGGGCCCGACGGGCGCCTCCTCCGCGGGTATGACCAGTCCGCCTACGACGGCAAGGATTACATCGCCCTGAACGAGGATCTGCGCTCCTGGACCGCCGCGGACACGGCGGCTCAGATCACCCAGCGCAAGTGGGAGGCGGCCCGTGAGGCGGAGCAGCGGAGAGCCTACCTGGAGGGCACGTGCGTGGAGTGGCTCCGCAGATACCTGGAGAACGGGAAGGAGACGCTGCAGCGCGCGG
C*14:42,GCTCCCACTCCATGAGGTATTTCTCCACATCCGTGTCCCGGCCCGGCCGCGGGGAGCCCCGCTTCATCGCAGTGGGCTACGTGGACGACACGCAGTTCGTGCGGTTCGACAGCGACGCCGCGAGTCCGAGAGGGGAGCCGCGGGCGCCGTGGGTGGAGCAGGAGGGGCCGGAGTATTGGGACCGGGAGACACAGAAGTACAAGCGCCAGGCACAGACTGACCGAGTGAGCCTGCGGAACCTGCACGGCTACTACAACCAGAGCGAGGCCG,GGTCTCACACCCTCCAGTGGATGTTTGGCTGCGACCTGGGGCCCGACGGGCGCCTCCTCCGCGGGTATGACCAGTCCGCCTACGACGGCAAGGATTACATCGCCCTGAACGAGGATCTGCGCTCCTGGACCGCCGCGGACACGGCGGCTCAGATCACCCAGCGCAAGTGGGAGGCGGCCCGTGAGGCGGAGCAGCGGAGAGCCTACCTGGAGGGCACGTGCGTGGAGTGGCTCCGCAGATACCTGGAGAACGGGAAGGAGACGCTGCAGCGCGCGG
C*14:43,GCTCCCACTCCATGAGGTATTTCTCCACATCCGTGTCCCGGCCCGGCCGCGGGGAGCCCCGCTTCATCGCAGTGGGCTACGTGGACGACACGCAGTTCGTGCGGTTCGACAGCGACGCCGCGAGTCCGAGAGGGGAGCCGCGGGCGCCGTGGGTGGAGCAGGAGGGGCCGGAGTATTGGGACCGGGAGACACAGAAGTACAAGCGCCAGGCACAGACTGACCGAGTGAGCCTGCGGAACCTGCGCGGCTACTACAACCAGAGCGAGGCCG,GGTCTCACACCCTCCAGTGGATGTTTGGCTGCGACCTGGGGCCCGACGGGCGCCTCCTCCGCGGGTATGACCAGTCCGCCTACGACGGCAAGGATTACATCGCCCTGAACGAGGATCTGCGCTCCTGGACCGCCGCGGACACGGCGGCTCAGATCCCCCAGCGCAAGTGGGAGGCGGCCCGTGAGGCGGAGCAGCGGAGAGCCTACCTGGAGGGCACGTGCGTGGAGTGGCTCCGCAGATACCTGGAGAACGGGAAGGAGACGCTGCAGCGCGCGG
C*14:44,GCTCCCACTCCATGAGGTATTTCTCCACATCCGTGTCCCGGCCCGGCCGCGGGGAGCCCCGCTTCATCGCAGTGGGCTACGTGGACGACACGCAGTTCGTGCGGTTCGACAGCGACGCCGCGAGTCCGAGAGGGGAGCCGCGGGCGCCGTGGGTGGAGCAGGAGGGGCCGGAGTATTGGGACCGGGAGACACAGAAGTACAAGCGCCAGGCACAGACTGACCGAGTGAGCCTGCGGAACCTGCGCGGCTACTACAACCAGAGCGAGGCCG,GGTCTCACACCCTCCAGTGGATGTTTGGCTGCGACCTGGGGCCCGACGGGCGCCTCCTCCGCGGGTATGACCAGTCCGCCTACGACGGCAAGGATTACATCGCCCTGAACGAGGATCTGCGCTCCTGGACCGCCGCGGACACGGCGGCTCAGATCACCCAGCGCAAGTGGGAGGCGGCCCGTGAGGCGGAGCAGCGGAGAGCCTACCTGGAGGGCACGTGCGTGGAGTGGCTCCGCAGATACCTGGAGAACCGGAAGGAGACGCTGCAGCGCGCGG
C*14:45,GCTCCCACTCCATGAGGTATTTCTCCACATCCGTGTCCCGGCCCGGCCGCGGGGAGCCCCGCTTCATCGCAGTGGGCTACGTGGACGACACGCAGTTCGTGCGGTTCGACAGCGACGCCGCGAGTCCGAGAGGGGAGCCGCGGGCGCCGTGGGTGGAGCAGGAGGGGCCGGAGTATTGGGACCGGGAGACACAGAAGTACAAGCGCCAGGCACAGACTGACCGAGTGAGCCTGCGGAACCTGCGCGGCTACTACAACCAGAGCGAGGCCG,GGTCTCACACCCTCCAGTGGATGTGTGGCTGCGACCTGGGGCCCGACGGGCGCCTCCTCCGCGGGTATGACCAGTCCGCCTACGACGGCAAGGATTACATCGCCCTGAACGAGGATCTGCGCTCCTGGACCGCCGCGGACACGGCGGCTCAGATCACCCAGCGCAAGTGGGAGGCGGCCCGTGAGGCGGAGCAGCGGAGAGCCTACCTGGAGGGCACGTGCGTGGAGTGGCTCCGCAGATACCTGGAGAACGGGAAGGAGACGCTGCAGCGCGCGG
C*14:46,GCTCCCACTCCATGAGGTATTTCTCCACATCCGTGTCCCGGCCCGGCCGCGGGGAGCCCCGCTTCATCGCAGTGGGCTACGTGGACGACACGCAGTTCGTGCGGTTCGACAGCGACGCCGCGAGTCCGAGAGGGGAGCCGCGGGCGCCGTGGGTGGAGCAGGAGGGGCCGGAGTATTGGGACCGGGAGACACAGAAGTACAAGCGCCAGGCACAGACTGACCGAGTGAGCCTGCGGAACCTGCGCGGCTACTACAACCAGAGCGAGGCCC,GGTCTCACACCCTCCAGTGGATGTTTGGCTGCGACCTGGGGCCCGACGGGCGCCTCCTCCGCGGGTATGACCAGTCCGCCTACGACGGCAAGGATTACATCGCCCTGAACGAGGATCTGCGCTCCTGGACCGCCGCGGACACGGCGGCTCAGATCACCCAGCGCAAGTGGGAGGCGGCCCGTGAGGCGGAGCAGCGGAGAGCCTACCTGGAGGGCACGTGCGTGGAGTGGCTCCGCAGATACCTGGAGAACGGGAAGGAGACGCTGCAGCGCGCGG
C*15:02:01G,GCTCCCACTCCATGAGGTATTTCTACACCGCTGTGTCCCGGCCCGGCCGCGGAGAGCCCCACTTCATCGCAGTGGGCTACGTGGACGACACGCAGTTCGTGCGGTTCGACAGCGACGCCGCGAGTCCAAGAGGGGAGCCGCGGGCGCCGTGGGTGGAGCAGGAGGGGCCGGAGTATTGGGACCGGGAGACACAGAACTACAAGCGCCAGGCACAGACTGACCGAGTGAACCTGCGGAAACTGCGCGGCTACTACAACCAGAGCGAGGCCG,GGTCTCACATCATCCAGAGGATGTATGGCTGCGACCTGGGGCCCGACGGGCGCCTCCTCCGCGGGCATGACCAGTTAGCCTACGACGGCAAGGATTACATCGCCCTGAACGAGGACCTGCGCTCCTGGACCGCCGCGGACACGGCGGCTCAGATCACCCAGCGCAAGTGGGAGGCGGCCCGTGAGGCGGAGCAGCTGAGAGCCTACCTGGAGGGCACGTGCGTGGAGTGGCTCCGCAGATACCTGGAGAACGGGAAGGAGACGCTGCAGCGCGCGG
C*15:02:02,GCTCCCATTCCATGAGGTATTTCTACACCGCTGTGTCCCGGCCCGGCCGCGGAGAGCCCCACTTCATCGCAGTGGGCTACGTGGACGACACGCAGTTCGTGCGGTTCGACAGCGACGCCGCGAGTCCAAGAGGGGAGCCGCGGGCGCCGTGGGTGGAGCAGGAGGGGCCGGAGTATTGGGACCGGGAGACACAGAACTACAAGCGCCAGGCACAGACTGACCGAGTGAACCTGCGGAAACTGCGCGGCTACTACAACCAGAGCGAGGCCG,GGTCTCACATCATCCAGAGGATGTATGGCTGCGACCTGGGGCCCGACGGGCGCCTCCTCCGCGGGCATGACCAGTTAGCCTACGACGGCAAGGATTACATCGCCCTGAACGAGGACCTGCGCTCCTGGACCGCCGCGGACACGGCGGCTCAGATCACCCAGCGCAAGTGGGAGGCGGCCCGTGAGGCGGAGCAGCTGAGAGCCTACCTGGAGGGCACGTGCGTGGAGTGGCTCCGCAGATACCTGGAGAACGGGAAGGAGACGCTGCAGCGCGCGG
C*15:02:03,GCTCCCACTCCATGAGGTATTTCTACACCGCTGTGTCCCGGCCCGGCCGCGGAGAGCCCCACTTCATTGCAGTGGGCTACGTGGACGACACGCAGTTCGTGCGGTTCGACAGCGACGCCGCGAGTCCAAGAGGGGAGCCGCGGGCGCCGTGGGTGGAGCAGGAGGGGCCGGAGTATTGGGACCGGGAGACACAGAACTACAAGCGCCAGGCACAGACTGACCGAGTGAACCTGCGGAAACTGCGCGGCTACTACAACCAGAGCGAGGCCG,GGTCTCACATCATCCAGAGGATGTATGGCTGCGACCTGGGGCCCGACGGGCGCCTCCTCCGCGGGCATGACCAGTTAGCCTACGACGGCAAGGATTACATCGCCCTGAACGAGGACCTGCGCTCCTGGACCGCCGCGGACACGGCGGCTCAGATCACCCAGCGCAAGTGGGAGGCGGCCCGTGAGGCGGAGCAGCTGAGAGCCTACCTGGAGGGCACGTGCGTGGAGTGGCTCCGCAGATACCTGGAGAACGGGAAGGAGACGCTGCAGCGCGCGG
C*15:02:04,GCTCCCACTCCATGAGGTATTTCTACACCGCTGTGTCCCGGCCCGGCCGCGGAGAGCCCCACTTCATCGCAGTGGGCTACGTGGACGACACGCAGTTCGTGCGGTTCGACAGCGACGCCGCGAGTCCAAGAGGGGAGCCGCGCGCGCCGTGGGTGGAGCAGGAGGGGCCGGAGTATTGGGACCGGGAGACACAGAACTACAAGCGCCAGGCACAGACTGACCGAGTGAACCTGCGGAAACTGCGCGGCTACTACAACCAGAGCGAGGCCG,GGTCTCACATCATCCAGAGGATGTATGGCTGCGACCTGGGGCCCGACGGGCGCCTCCTCCGCGGGCATGACCAGTTAGCCTACGACGGCAAGGATTACATCGCCCTGAACGAGGACCTGCGCTCCTGGACCGCCGCGGACACGGCGGCTCAGATCACCCAGCGCAAGTGGGAGGCGGCCCGTGAGGCGGAGCAGCTGAGAGCCTACCTGGAGGGCACGTGCGTGGAGTGGCTCCGCAGATACCTGGAGAACGGGAAGGAGACGCTGCAGCGCGCGG
C*15:02:05,GCTCCCACTCCATGAGGTATTTCTACACCGCTGTGTCCCGGCCCGGCCGCGGAGAGCCCCACTTCATCGCAGTGGGCTACGTGGACGACACGCAGTTCGTGCGGTTCGACAGCGACGCCGCGAGTCCAAGAGGGGAGCCGCGGGCGCCGTGGGTGGAGCAGGAGGGGCCGGAGTATTGGGACCGGGAGACACAGAACTACAAGCGCCAGGCACAGACTGACCGAGTGAACCTGCGGAAACTGCGCGGCTACTACAACCAGAGCGAGGCCG,GGTCTCACATCATCCAGAGGATGTATGGCTGCGACCTGGGGCCCGACGGGCGCCTCCTCCGCGGGCATGACCAGTTAGCCTACGACGGCAAGGATTACATCGCCCTGAACGAGGACCTGCGCTCCTGGACCGCCGCGGACACCGCGGCTCAGATCACCCAGCGCAAGTGGGAGGCGGCCCGTGAGGCGGAGCAGCTGAGAGCCTACCTGGAGGGCACGTGCGTGGAGTGGCTCCGCAGATACCTGGAGAACGGGAAGGAGACGCTGCAGCGCGCGG
C*15:02:06,GCTCCCACTCCATGAGGTATTTCTACACCGCTGTGTCCCGGCCCGGCCGCGGAGAGCCCCACTTCATCGCAGTGGGCTACGTGGACGACACGCAGTTCGTGAGGTTCGACAGCGACGCCGCGAGTCCAAGAGGGGAGCCGCGGGCGCCGTGGGTGGAGCAGGAGGGGCCGGAGTATTGGGACCGGGAGACACAGAACTACAAGCGCCAGGCACAGACTGACCGAGTGAACCTGCGGAAACTGCGCGGCTACTACAACCAGAGCGAGGCCG,GGTCTCACATCATCCAGAGGATGTATGGCTGCGACCTGGGGCCCGACGGGCGCCTCCTCCGCGGGCATGACCAGTTAGCCTACGACGGCAAGGATTACATCGCCCTGAACGAGGACCTGCGCTCCTGGACCGCCGCGGACACGGCGGCTCAGATCACCCAGCGCAAGTGGGAGGCGGCCCGTGAGGCGGAGCAGCTGAGAGCCTACCTGGAGGGCACGTGCGTGGAGTGGCTCCGCAGATACCTGGAGAACGGGAAGGAGACGCTGCAGCGCGCGG
C*15:02:08,GCTCCCACTCCATGAGGTATTTCTACACCGCTGTGTCCCGGCCCGGCCGCGGAGAGCCCCACTTCATCGCAGTGGGCTACGTGGACGACACGCAGTTCGTGCGGTTCGACAGCGACGCCGCGAGTCCAAGAGGGGAGCCGCGGGCGCCGTGGGTGGAGCAGGAGGGGCCGGAGTATTGGGACCGGGAGACACAGAACTACAAGCGCCAGGCACAGACTGACCGAGTGAACCTGCGGAAACTGCGCGGCTACTACAACCAGAGCGAGGCCG,GGTCTCACATCATCCAGAGGATGTATGGCTGCGACCTGGGTCCCGACGGGCGCCTCCTCCGCGGGCATGACCAGTTAGCCTACGACGGCAAGGATTACATCGCCCTGAACGAGGACCTGCGCTCCTGGACCGCCGCGGACACGGCGGCTCAGATCACCCAGCGCAAGTGGGAGGCGGCCCGTGAGGCGGAGCAGCTGAGAGCCTACCTGGAGGGCACGTGCGTGGAGTGGCTCCGCAGATACCTGGAGAACGGGAAGGAGACGCTGCAGCGCGCGG
C*15:02:09,GCTCCCACTCCATGAGGTATTTCTACACCGCTGTGTCCCGGCCCGGCCGCGGAGAGCCCCACTTCATCGCAGTGGGCTACGTGGACGACACGCAGTTCGTGCGGTTCGACAGCGACGCCGCGAGTCCAAGAGGGGAGCCGCGGGCGCCGTGGGTGGAGCAGGAGGGGCCGGAGTATTGGGACCGGGAGACACAGAACTACAAGCGCCAGGCACAGACTGACCGAGTGAACCTGCGGAAACTGCGCGGCTACTACAACCAGAGCGAGGCCG,GGTCTCACATCATCCAGAGGATGTATGGCTGCGACCTGGGGCCCGACGGGCGCCTCCTCCGCGGGCATGATCAGTTAGCCTACGACGGCAAGGATTACATCGCCCTGAACGAGGACCTGCGCTCCTGGACCGCCGCGGACACGGCGGCTCAGATCACCCAGCGCAAGTGGGAGGCGGCCCGTGAGGCGGAGCAGCTGAGAGCCTACCTGGAGGGCACGTGCGTGGAGTGGCTCCGCAGATACCTGGAGAACGGGAAGGAGACGCTGCAGCGCGCGG
C*15:02:10,GCTCCCACTCCATGAGGTATTTCTACACCGCTGTGTCCCGGCCCGGCCGCGGAGAGCCCCACTTCATCGCAGTGGGCTACGTGGACGACACGCAGTTCGTGCGGTTCGACAGCGACGCCGCGAGTCCGAGAGGGGAGCCGCGGGCGCCGTGGGTGGAGCAGGAGGGGCCGGAGTATTGGGACCGGGAGACACAGAACTACAAGCGCCAGGCACAGACTGACCGAGTGAACCTGCGGAAACTGCGCGGCTACTACAACCAGAGCGAGGCCG,GGTCTCACATCATCCAGAGGATGTATGGCTGCGACCTGGGGCCCGACGGGCGCCTCCTCCGCGGGCATGACCAGTTAGCCTACGACGGCAAGGATTACATCGCCCTGAACGAGGACCTGCGCTCCTGGACCGCCGCGGACACGGCGGCTCAGATCACCCAGCGCAAGTGGGAGGCGGCCCGTGAGGCGGAGCAGCTGAGAGCCTACCTGGAGGGCACGTGCGTGGAGTGGCTCCGCAGATACCTGGAGAACGGGAAGGAGACGCTGCAGCGCGCGG
C*15:02:11,GCTCCCACTCCATGAGGTATTTCTACACCGCTGTGTCCCGGCCCGGCCGCGGAGAGCCCCACTTCATCGCAGTGGGCTACGTGGACGACACGCAGTTCGTGCGGTTCGACAGCGACGCCGCGAGTCCAAGAGGGGAGCCGCGGGCGCCGTGGGTGGAGCAGGAGGGGCCGGAGTATTGGGACCGGGAGACACAGAACTACAAGCGCCAGGCACAGACTGACCGAGTGAACCTGCGGAAACTGCGCGGCTACTACAACCAGAGCGAGGCCG,GGTCTCACATCATCCAGAGGATGTATGGCTGCGACCTGGGGCCCGACGGGCGCCTCCTCCGCGGGCATGACCAGTTAGCCTACGACGGCAAGGATTACATCGCCCTGAACGAGGACCTGCGCTCCTGGACCGCCGCGGACACGGCGGCTCAGATCACCCAGCGCAAGTGGGAGGCGGCCCGTGAGGCGGAGCAGCTGAGAGCCTACCTGGAGGGCACGTGCGTGGAGTGGCTCCGCAGATACCTAGAGAACGGGAAGGAGACGCTGCAGCGCGCGG
C*15:02:12,GCTCCCACTCCATGAGGTATTTCTACACCGCTGTGTCCCGGCCCGGCCGCGGAGAGCCCCACTTCATCGCAGTGGGCTACGTGGACGACACGCAGTTCGTGCGGTTCGACAGCGACGCCGCGAGTCCAAGAGGGGAGCCGCGGGCGCCGTGGGTGGAGCAGGAGGGGCCGGAGTATTGGGACCGGGAGACACAGAACTACAAGCGCCAGGCACAGACTGACCGAGTGAACCTGCGGAAACTGCGCGGCTACTACAACCAGAGCGAGGCCG,GGTCTCACATCATCCAGAGGATGTATGGCTGCGACCTGGGGCCCGACGGGCGCCTCCTCCGCGGGCATGACCAGTTAGCCTACGACGGCAAGGATTACATCGCCCTGAACGAGGACCTGCGCTCCTGGACCGCCGCGGACACGGCGGCTCAGATCACGCAGCGCAAGTGGGAGGCGGCCCGTGAGGCGGAGCAGCTGAGAGCCTACCTGGAGGGCACGTGCGTGGAGTGGCTCCGCAGATACCTGGAGAACGGGAAGGAGACGCTGCAGCGCGCGG
C*15:02:13,GCTCCCACTCCATGAGGTATTTCTACACCGCTGTGTCCCGGCCCGGCCGCGGAGAGCCCCACTTCATCGCAGTGGGCTACGTGGACGACACGCAGTTCGTGCGGTTCGACAGCGACGCCGCGAGTCCAAGAGGGGAGCCGCGGGCGCCGTGGGTGGAGCAGGAGGGGCCGGAGTATTGGGACCGGGAGACACAGAACTACAAGCGCCAGGCACAGACTGACCGAGTGAACCTGCGGAAACTGCGCGGCTACTACAACCAGAGCGAGGCCG,GGTCTCACATCATCCAGAGGATGTATGGCTGCGACCTGGGGCCCGACGGGCGCCTCCTCCGCGGGCATGACCAGTTAGCCTACGACGGCAAGGATTACATCGCCCTGAACGAGGACCTGCGCTCCTGGACCGCGGCGGACACCGCGGCTCAGATCACCCAGCGCAAGTGGGAGGCGGCCCGTGAGGCGGAGCAGCTGAGAGCCTACCTGGAGGGCACGTGCGTGGAGTGGCTCCGCAGATACCTGGAGAACGGGAAGGAGACGCTGCAGCGCGCGG
C*15:02:14,GCTCCCACTCCATGAGGTATTTCTACACCGCTGTGTCCCGGCCCGGCCGCGGAGAGCCCCACTTCATCGCAGTGGGCTACGTGGACGACACGCAGTTCGTGCGGTTCGACAGCGACGCCGCGAGTCCAAGAGGGGAGCCGCGGGCGCCGTGGGTGGAGCAGGAGGGGCCGGAGTATTGGGACCGGGAGACACAGAACTACAAGCGCCAGGCACAGACTGACCGAGTGAACCTGCGGAAACTGCGCGGCTACTACAACCAGAGCGAGGCCG,GGTCTCACATCATCCAGAGGATGTATGGCTGCGACCTGGGGCCCGACGGGCGCCTCCTCCGCGGGCATGACCAGTTAGCCTACGACGGCAAGGATTACATCGCCCTGAACGAGGACCTGCGCTCCTGGACTGCCGCGGACACGGCGGCTCAGATCACCCAGCGCAAGTGGGAGGCGGCCCGTGAGGCGGAGCAGCTGAGAGCCTACCTGGAGGGCACGTGCGTGGAGTGGCTCCGCAGATACCTGGAGAACGGGAAGGAGACGCTGCAGCGCGCGG
C*15:02:15,GCTCCCACTCCATGAGGTATTTCTACACCGCTGTGTCCCGGCCCGGCCGCGGGGAGCCCCACTTCATCGCAGTGGGCTACGTGGACGACACGCAGTTCGTGCGGTTCGACAGCGACGCCGCGAGTCCAAGAGGGGAGCCGCGGGCGCCGTGGGTGGAGCAGGAGGGGCCGGAGTATTGGGACCGGGAGACACAGAACTACAAGCGCCAGGCACAGACTGACCGAGTGAACCTGCGGAAACTGCGCGGCTACTACAACCAGAGCGAGGCCG,GGTCTCACATCATCCAGAGGATGTATGGCTGCGACCTGGGGCCCGACGGGCGCCTCCTCCGCGGGCATGACCAGTTAGCCTACGACGGCAAGGATTACATCGCCCTGAACGAGGACCTGCGCTCCTGGACCGCCGCGGACACGGCGGCTCAGATCACCCAGCGCAAGTGGGAGGCGGCCCGTGAGGCGGAGCAGCTGAGAGCCTACCTGGAGGGCACGTGCGTGGAGTGGCTCCGCAGATACCTGGAGAACGGGAAGGAGACGCTGCAGCGCGCGG
C*15:03,GCTCCCACTCCATGAGGTATTTCTACACCGCTGTGTCCCGGCCCGGCCGCGGAGAGCCCCACTTCATCGCAGTGGGCTACGTGGACGACACGCAGTTCGTGCGGTTCGACAGCGACGCCGCGAGTCCAAGAGGGGAGCCGCGGGCGCCGTGGGTGGAGCAGGAGGGGCCGGAGTATTGGGACCGGGAGACACAGAACTACAAGCGCCAGGCACAGGCTGACCGAGTGAACCTGCGGAAACTGCGCGGCTACTACAACCAGAGCGAGGCCG,GGTCTCACATCATCCAGAGGATGTATGGCTGCGACCTGGGGCCCGACGGGCGCCTCCTCCGCGGGCATGACCAGTTAGCCTACGACGGCAAGGATTACATCGCCCTGAACGAGGACCTGCGCTCCTGGACCGCCGCGGACACGGCGGCTCAGATCACCCAGCGCAAGTGGGAGGCGGCCCGTGAGGCGGAGCAGCTGAGAGCCTACCTGGAGGGCACGTGCGTGGAGTGGCTCCGCAGATACCTGGAGAACGGGAAGGAGACGCTGCAGCGCGCGG
C*15:04,GCTCCCACTCCATGAGGTATTTCTACACCGCTGTGTCCCGGCCCGGCCGCGGAGAGCCCCACTTCATCGCAGTGGGCTACGTGGACGACACGCAGTTCGTGCGGTTCGACAGCGACGCCGCGAGTCCAAGAGGGGAGCCGCGGGCGCCGTGGGTGGAGCAGGAGGGGCCGGAGTATTGGGACCGGGAGACACAGAACTACAAGCGCCAGGCACAGACTGACCGAGTGAACCTGCGGAAACTGCGCGGCTACTACAACCAGAGCGAGGCCG,GGTCTCACATCATCCAGAGGATGTATGGCTGCGACCTGGGGCCCGACGGGCGCCTCCTCCGCGGGTATGACCAGTCCGCCTACGACGGCAAGGATTACATCGCCCTGAACGAGGACCTGCGCTCCTGGACCGCCGCGGACACGGCGGCTCAGATCACCCAGCGCAAGTGGGAGGCGGCCCGTGAGGCGGAGCAGCTGAGAGCCTACCTGGAGGGCACGTGCGTGGAGTGGCTCCGCAGATACCTGGAGAACGGGAAGGAGACGCTGCAGCGCGCGG
C*15:05:01G,GCTCCCACTCCATGAGGTATTTCTACACCGCTGTGTCCCGGCCCGGCCGCGGAGAGCCCCACTTCATCGCAGTGGGCTACGTGGACGACACGCAGTTCGTGCGGTTCGACAGCGACGCCGCGAGTCCAAGAGGGGAGCCGCGGGCGCCGTGGGTGGAGCAGGAGGGGCCGGAGTATTGGGACCGGGAGACACAGAACTACAAGCGCCAGGCACAGACTGACCGAGTGAACCTGCGGAAACTGCGCGGCTACTACAACCAGAGCGAGGCCG,GGTCTCACATCATCCAGAGGATGTATGGCTGCGACCTGGGGCCCGACGGGCGCCTCCTCCGCGGGCATGACCAGTTCGCCTACGACGGCAAGGATTACATCGCCCTGAACGAGGACCTGCGCTCCTGGACCGCCGCGGACACGGCGGCTCAGATCACCCAGCGCAAGTGGGAGGCGGCCCGTGAGGCGGAGCAGCTGAGAGCCTACCTGGAGGGCACGTGCGTGGAGTGGCTCCGCAGATACCTGGAGAACGGGAAGGAGACGCTGCAGCGCGCGG
C*15:05:04,GCTCCCACTCCATGAGGTATTTCTACACCGCTGTGTCCCGGCCCGGCCGCGGAGAGCCCCACTTCATCGCAGTGGGCTACGTGGACGACACGCAGTTTGTGCGGTTCGACAGCGACGCCGCGAGTCCAAGAGGGGAGCCGCGGGCGCCGTGGGTGGAGCAGGAGGGGCCGGAGTATTGGGACCGGGAGACACAGAACTACAAGCGCCAGGCACAGACTGACCGAGTGAACCTGCGGAAACTGCGCGGCTACTACAACCAGAGCGAGGCCG,GGTCTCACATCATCCAGAGGATGTATGGCTGCGACCTGGGGCCCGACGGGCGCCTCCTCCGCGGGCATGACCAGTTCGCCTACGACGGCAAGGATTACATCGCCCTGAACGAGGACCTGCGCTCCTGGACCGCCGCGGACACGGCGGCTCAGATCACCCAGCGCAAGTGGGAGGCGGCCCGTGAGGCGGAGCAGCTGAGAGCCTACCTGGAGGGCACGTGCGTGGAGTGGCTCCGCAGATACCTGGAGAACGGGAAGGAGACGCTGCAGCGCGCGG
C*15:05:05,GCTCCCACTCCATGAGGTATTTCTACACCGCTGTGTCCCGGCCCGGCCGCGGAGAGCCCCACTTCATCGCAGTGGGCTACGTGGACGACACGCAGTTCGTGCGGTTCGACAGCGACGCCGCGAGTCCAAGAGGGGAGCCGCGGGCGCCGTGGGTGGAGCAGGAGGGGCCGGAGTATTGGGACCGGGAGACACAGAACTACAAGCGCCAGGCACAGACTGACCGAGTGAACCTGCGGAAACTGCGCGGCTACTACAACCAGAGCGAGGCCG,GGTCTCACATCATCCAGAGGATGTATGGCTGCGACCTGGGGCCCGACGGGCGCCTCCTCCGCGGGCATGACCAGTTCGCCTACGACGGCAAGGATTACATCGCCCTGAACGAGGACCTGCGCTCCTGGACCGCCGCGGACACGGCGGCTCAGATCACCCAGCGCAAGTGGGAGGCGGCCCGTGAGGCAGAGCAGCTGAGAGCCTACCTGGAGGGCACGTGCGTGGAGTGGCTCCGCAGATACCTGGAGAACGGGAAGGAGACGCTGCAGCGCGCGG
C*15:05:06,GCTCCCACTCCATGAGGTATTTCTACACCGCTGTGTCCCGGCCCGGCCGCGGAGAGCCCCACTTCATCGCAGTGGGCTACGTGGACGACACGCAGTTCGTGCGGTTCGACAGCGACGCCGCGAGTCCAAGAGGGGAGCCGCGGGCGCCGTGGGTGGAGCAGGAGGGGCCGGAGTATTGGGACCGGGAGACACAGAACTACAAGCGCCAGGCACAGACTGACCGAGTGAACCTGCGGAAACTGCGCGGCTACTACAACCAGAGCGAGGCCG,GGTCTCACATCATCCAGAGGATGTATGGCTGCGACCTGGGGCCCGACGGGCGCCTCCTCCGCGGGCATGACCAGTTCGCCTACGACGGCAAGGATTACATCGCCCTGAACGAGGACCTGCGCTCCTGGACCGCCGCGGACACGGCAGCTCAGATCACCCAGCGCAAGTGGGAGGCGGCCCGTGAGGCGGAGCAGCTGAGAGCCTACCTGGAGGGCACGTGCGTGGAGTGGCTCCGCAGATACCTGGAGAACGGGAAGGAGACGCTGCAGCGCGCGG
C*15:05:07,GCTCCCACTCCATGAGGTATTTCTACACCGCTGTGTCCCGGCCCGGCCGCGGAGAGCCCCACTTCATCGCAGTGGGCTACGTGGACGACACGCAGTTCGTGCGGTTCGACAGCGACGCCGCGAGTCCAAGAGGGGAGCCGCGGGCGCCGTGGGTGGAGCAGGAGGGGCCGGAGTATTGGGACCGGGAGACACAGAACTACAAGCGCCAGGCACAGACTGACCGAGTGAACCTGCGGAAACTGCGCGGCTACTACAACCAGAGCGAGGCCG,GGTCTCACATCATCCAGAGGATGTATGGCTGCGACCTGGGGCCCGACGGGCGCCTCCTCCGCGGGCATGACCAGTTCGCCTACGACGGCAAGGATTACATCGCCCTGAACGAGGACCTGCGCTCCTGGACCGCCGCGGACACGGCGGCTCAGATCACCCAGCGCAAGTGGGAGGCGGCCCGTGAGGCGGAGCAGCTGAGAGCCTACCTGGAGGGCACGTGCGTGGAGTGGCTCCGCAGGTACCTGGAGAACGGGAAGGAGACGCTGCAGCGCGCGG
C*15:06:01,GCTCCCACTCCATGAGGTATTTCTACACCGCTGTGTCCCGGCCCGGCCGCGGAGAGCCCCACTTCATCGCAGTGGGCTACGTGGACGACACGCAGTTCGTGCGGTTCGACAGCGACGCCGCGAGTCCAAGAGGGGAGCCGCGGGCGCCGTGGGTGGAGCAGGAGGGGCCGGAGTATTGGGACCGGGAGACACAGAACTACAAGCGCCAGGCACAGACTGACCGAGTGAACCTGCGGAAACTGCGCGGCTACTACAACCAGAGCGAGGCCG,GGTCTCACATCATCCAGAGGATGTATGGCTGCGACCTGGGGCCCGACGGGCGCCTCCTCCGCGGGCATGACCAGTACGCCTACGACGGCAAGGATTACATCGCCCTGAACGAGGACCTGCGCTCCTGGACCGCCGCGGACACGGCGGCTCAGATCACCCAGCGCAAGTGGGAGGCGGCCCGTGAGGCGGAGCAGCTGAGAGCCTACCTGGAGGGCACGTGCGTGGAGTGGCTCCGCAGATACCTGGAGAACGGGAAGGAGACGCTGCAGCGCGCGG
C*15:06:02,GCTCCCACTCCATGAGGTATTTCTACACCGCTGTGTCCCGGCCCGGCCGCGGAGAGCCCCACTTCATCGCAGTGGGCTACGTGGACGACACGCAGTTCGTGCGGTTCGACAGCGACGCTGCGAGTCCAAGAGGGGAGCCGCGGGCGCCGTGGGTGGAGCAGGAGGGGCCGGAGTATTGGGACCGGGAGACACAGAACTACAAGCGCCAGGCACAGACTGACCGAGTGAACCTGCGGAAACTGCGCGGCTACTACAACCAGAGCGAGGCCG,GGTCTCACATCATCCAGAGGATGTATGGCTGCGACCTGGGGCCCGACGGGCGCCTCCTCCGCGGGCATGACCAGTACGCCTACGACGGCAAGGATTACATCGCCCTGAACGAGGACCTGCGCTCCTGGACCGCCGCGGACACGGCGGCTCAGATCACCCAGCGCAAGTGGGAGGCGGCCCGTGAGGCGGAGCAGCTGAGAGCCTACCTGGAGGGCACGTGCGTGGAGTGGCTCCGCAGATACCTGGAGAACGGGAAGGAGACGCTGCAGCGCGCGG
C*15:06:03,GCTCCCACTCCATGAGGTATTTCTACACCGCTGTGTCCCGGCCCGGCCGCGGAGAGCCCCACTTCATCGCAGTGGGCTACGTGGACGACACGCAGTTCGTGCGGTTCGACAGCGACGCCGCGAGTCCAAGAGGGGAGCCGCGGGCGCCGTGGGTGGAGCAGGAGGGGCCGGAGTATTGGGACCGGGAGACACAGAACTACAAGCGCCAGGCACAGACTGACCGAGTGAACCTGCGGAAACTGCGCGGCTACTACAACCAGAGCGAGGCCG,GGTCTCACATCATCCAGAGGATGTATGGCTGCGACCTGGGGCCCGACGGGCGCCTCCTCCGCGGGCATGACCAGTACGCCTACGACGGCAAGGATTACATCGCCCTGAACGAGGACCTGCGCTCCTGGACCGCCGCGGACACCGCGGCTCAGATCACCCAGCGCAAGTGGGAGGCGGCCCGTGAGGCGGAGCAGCTGAGAGCCTACCTGGAGGGCACGTGCGTGGAGTGGCTCCGCAGATACCTGGAGAACGGGAAGGAGACGCTGCAGCGCGCGG
C*15:07,GCTCCCACTCCATGAGGTATTTCTACACCGCTGTGTCCCGGCCCGGCCGCGGAGAGCCCCACTTCATCGCAGTGGGCTACGTGGACGACACGCAGTTCGTGCGGTTCGACAGCGACGCCGCGAGTCCAAGAGGGGAGCCGCGGGCGCCGTGGGTGGAGCAGGAGGGGCCGGAGTATTGGGACCGGGAGACACAGAACTACAAGCGCCAGGCACAGACTGACCGAGTGAGCCTGCGGAACCTGCGCGGCTACTACAACCAGAGCGAGGCCG,GGTCTCACATCATCCAGAGGATGTATGGCTGCGACCTGGGGCCCGACGGGCGCCTCCTCCGCGGGCATGACCAGTTAGCCTACGACGGCAAGGATTACATCGCCCTGAACGAGGACCTGCGCTCCTGGACCGCCGCGGACACGGCGGCTCAGATCACCCAGCGCAAGTGGGAGGCGGCCCGTGAGGCGGAGCAGCTGAGAGCCTACCTGGAGGGCACGTGCGTGGAGTGGCTCCGCAGATACCTGGAGAACGGGAAGGAGACGCTGCAGCGCGCGG
C*15:08,GCTCCCACTCCATGAGGTATTTCTACACCGCTGTGTCCCGGCCCGGCCGCGGAGAGCCCCACTTCATCGCAGTGGGCTACGTGGACGACACGCAGTTCGTGCGGTTCGACAGCGACGCCGCGAGTCCAAGAGGGGAGCCGCGGGCGCCGTGGGTGGAGCAGGAGGGGCCGGAGTATTGGGACCGGGAGACACAGAACTACAAGCGCCAGGCACAGACTGACCGAGTGAACCTGCGGAAACTGCGCGGCTACTACAACCAGAGCGAGGCCG,GGTCTCACATCATCCAGAGGATGTATGGCTGCGACCTGGGGCCCGACGGGCGCCTCCTCCGCGGGCATGACCAGTTAGCCTACGACGGCAAGGATTACATCGCCCTGAACGAGGACCTGCGCTCCTGGACCGCCGCGGACACGGCGGCTCAGATCACCCAGCGCAAGTGGGAGGCGGCCCGTGAGGCGGAGCAGCGGAGAGCCTACCTGGAGGGCACGTGCGTGGAGTGGCTCCGCAGATACCTGGAGAACGGGAAGGAGACGCTGCAGCGCGCGG
C*15:09,GCTCCCACTCCATGAGGTATTTCTACACCGCTGTGTCCCGGCCCGGCCGCGGAGAGCCCCACTTCATCGCAGTGGGCTACGTGGACGACACGCAGTTCGTGCGGTTCGACAGCGACGCCGCGAGTCCAAGAGGGGAGCCGCGGGCGCCGTGGGTGGAGCAGGAGGGGCCGGAGTATTGGGACCGGGAGACACAGAACTACAAGCGCCAGGCACAGACTGACCGAGTGAACCTGCGGAAACTGCGCGGCTACTACAACCAGAGCGAGGCCG,GGTCTCACATCATCCAGAGGATGTATGGCTGCGACCTGGGGCCCGACGGGCGCCTCCTCCGCGGGCATGACCAGTCCGCCTACGACGGCAAGGATTACATCGCCCTGAACGAGGACCTGCGCTCCTGGACCGCCGCGGACACGGCGGCTCAGATCACCCAGCGCAAGTGGGAGGCGGCCCGTGAGGCGGAGCAGCTGAGAGCCTACCTGGAGGGCACGTGCGTGGAGTGGCTCCGCAGATACCTGGAGAACGGGAAGGAGACGCTGCAGCGCGCGG
C*15:10:01,GCTCCCACTCCATGAGGTATTTCTACACCGCCGTGTCCCGGCCCGGCCGCGGAGAGCCCCGCTTCATCGCAGTGGGCTACGTGGACGACACGCAGTTCGTGCGGTTCGACAGCGACGCCGCGAGTCCAAGAGGGGAGCCGCGGGCGCCGTGGGTGGAGCAGGAGGGGCCGGAGTATTGGGACCGGGAGACACAGAACTACAAGCGCCAGGCACAGACTGACCGAGTGAACCTGCGGAAACTGCGCGGCTACTACAACCAGAGCGAGGCCG,GGTCTCACATCATCCAGAGGATGTATGGCTGCGACCTGGGGCCCGACGGGCGCCTCCTCCGCGGGCATGACCAGTTAGCCTACGACGGCAAGGATTACATCGCCCTGAACGAGGACCTGCGCTCCTGGACCGCCGCGGACACGGCGGCTCAGATCACCCAGCGCAAGTGGGAGGCGGCCCGTGAGGCGGAGCAGCTGAGAGCCTACCTGGAGGGCACGTGCGTGGAGTGGCTCCGCAGATACCTGGAGAACGGGAAGGAGACGCTGCAGCGCGCGG
C*15:10:02,GCTCCCACTCCATGAGGTATTTCTACACCGCTGTGTCCCGGCCCGGCCGCGGAGAGCCCCGCTTCATCGCAGTGGGCTACGTGGACGACACGCAGTTCGTGCGGTTCGACAGCGACGCCGCGAGTCCAAGAGGGGAGCCGCGGGCGCCGTGGGTGGAGCAGGAGGGGCCGGAGTATTGGGACCGGGAGACACAGAACTACAAGCGCCAGGCACAGACTGACCGAGTGAACCTGCGGAAACTGCGCGGCTACTACAACCAGAGCGAGGCCG,GGTCTCACATCATCCAGAGGATGTATGGCTGCGACCTGGGGCCCGACGGGCGCCTCCTCCGCGGGCATGACCAGTTAGCCTACGACGGCAAGGATTACATCGCCCTGAACGAGGACCTGCGCTCCTGGACCGCCGCGGACACGGCGGCTCAGATCACCCAGCGCAAGTGGGAGGCGGCCCGTGAGGCGGAGCAGCTGAGAGCCTACCTGGAGGGCACGTGCGTGGAGTGGCTCCGCAGATACCTGGAGAACGGGAAGGAGACGCTGCAGCGCGCGG
C*15:11,GCTCCCACTCCATGAGGTATTTCTACACCGCTGTGTCCCGGCCCAGCCGCGGAGAGCCCCACTTCATCGCAGTGGGCTACGTGGACGACACGCAGTTCGTGCGGTTCGACAGCGACGCCGCGAGTCCAAGAGGGGAGCCGCGGGCGCCGTGGGTGGAGCAGGAGGGGCCGGAGTATTGGGACCGGGAGACACAGAAGTACAAGCGCCAGGCACAGACTGACCGAGTGAACCTGCGGAAACTGCGCGGCTACTACAACCAGAGCGAGGCCG,GGTCTCACATCATCCAGAGGATGTATGGCTGCGACCTGGGGCCCGACGGGCGCCTCCTCCGCGGGCATGACCAGTTAGCCTACGACGGCAAGGATTACATCGCCCTGAACGAGGACCTGCGCTCCTGGACCGCCGCGGACACGGCGGCTCAGATCACCCAGCGCAAGTGGGAGGCGGCCCGTGAGGCGGAGCAGCTGAGAGCCTACCTGGAGGGCACGTGCGTGGAGTGGCTCCGCAGATACCTGGAGAACGGGAAGGAGACGCTGCAGCGCGCGG
C*15:12,GCTCCCACTCCATGAGGTATTTCTACACCGCTGTGTCCCGGCCCGGCCGCGGAGAGCCCCACTTCATCGCAGTGGGCTACGTGGACGACACGCAGTTCGTGCGGTTCGACAGCGACGCCGCGAGTCCAAGAGGGGAGCCGCGGGCGCCGTGGGTGGAGCAGGAGGGGCCGGAGTATTGGGACCGGGAGACACAGAACTACAAGCGCCAGGCACAGACTGACCGAGTGAACCTGCGGAAACTGCGCGGCTACTACAACCAGAGCGAGGCCA,GGTCTCACATCATCCAGAGGATGTATGGCTGCGACCTGGGGCCCGACGGGCGCCTCCTCCGCGGGCATGACCAGTTAGCCTACGACGGCAAGGATTACATCGCCCTGAACGAGGACCTGCGCTCCTGGACCGCCGCGGACACGGCGGCTCAGATCACCCAGCGCAAGTGGGAGGCGGCCCGTGAGGCGGAGCAGCTGAGAGCCTACCTGGAGGGCACGTGCGTGGAGTGGCTCCGCAGATACCTGGAGAACGGGAAGGAGACGCTGCAGCGCGCGG
C*15:15,GCTCCCACTCCATGAGGTATTTCTACACCGCTGTGTCCCGGCCCGGCCGCGGAGAGCCCCACTTCATCGCAGTGGGCTACGTGGACGACACGCAGTTCGTGCGGTTCGACAGCGACGCCGCGAGTCCAAGAGGGGAGCCGCGGGCGCCGTGGGTGGAGCAGGAGGGGCCGGAGTATTGGGACCGGGAGACACAGAACTACAAGCGCCAGGCACAGACTGACCGAGTGAACCTGCGGAAACTGCGCGGCTACTACAACCAGAGCGAGGCCG,GGTCTCACATCATCCAGAGGATGTATGGCTGCGACCTGGGGCCCGACGGGCGCCTCCTCCGCGGGCATGACCAGTTAGCCTACGACGGCAAGGATTACATCGCCCTGAACGAGGACCTGCGCTCCTGGACCGCCGCGGACACGGCGGCTCAGATCACCCAGCGCAAGTGGGAGGCGGCCCGTGAGGCGGAGCAGCTGAGAGCCTACCTGGAGGGCCTGTGCGTGGAGTGGCTCCGCAGATACCTGGAGAACGGGAAGGAGACGCTGCAGCGCGCGG
C*15:16,GCTCCCACTCCATGAGGTATTTCTACACCGCTGTGTCCCGGCCCGGCCGCGGAGAGCCCCACTTCATCGCAGTGGGCTACGTGGACGACACGCAGTTCGTGCGGTTCGACAGCGACGCCGCGAGTCCAAGAGGGGAGCCGCGGGCGCCGTGGGTGGAGCAGGAGGGGCCGGAGTATTGGGACCGGGAGACACAGAAGTACAAGCGCCAGGCACAGGCTGACCGAGTGAACCTGCGGAAACTGCGCGGCTACTACAACCAGAGCGAGGCCG,GGTCTCACATCATCCAGAGGATGTATGGCTGCGACCTGGGGCCCGACGGGCGCCTCCTCCGCGGGCATGACCAGTTAGCCTACGACGGCAAGGATTACATCGCCCTGAACGAGGACCTGCGCTCCTGGACCGCCGCGGACACGGCGGCTCAGATCACCCAGCGCAAGTGGGAGGCGGCCCGTGAGGCGGAGCAGCTGAGAGCCTACCTGGAGGGCACGTGCGTGGAGTGGCTCCGCAGATACCTGGAGAACGGGAAGGAGACGCTGCAGCGCGCGG
C*15:17,GCTCCCACTCCATGAGGTATTTCTACACCGCTGTGTCCCGGCCCGGCCGCGGAGAGCCCCACTTCATCGCAGTGGGCTACGTGGACGACACGCAGTTCGTGCGGTTCGACAGCGACGCCGCGAGTCCAAGAGGGGAGCCGCGGGCGCCGTGGGTGGAGCAGGAGGGGCCGGAGTATTGGGACCGGGAGACACAGAAGTACAAGCGCCAGGCACAGACTGACCGAGTGAACCTGCGGAAACTGCGCGGCTACTACAACCAGAGCGAGGCCG,GGTCTCACATCATCCAGAGGATGTATGGCTGCGACCTGGGGCCCGACGGGCGCCTCCTCCGCGGGCATGACCAGTTAGCCTACGACGGCAAGGATTACATCGCCCTGAACGAGGACCTGCGCTCCTGGACCGCCGCGGACACGGCGGCTCAGATCACCCAGCGCAAGTGGGAGGCGGCCCGTGAGGCGGAGCAGCTGAGAGCCTACCTGGAGGGCACGTGCGTGGAGTGGCTCCGCAGATACCTGGAGAACGGGAAGGAGACGCTGCAGCGCGCGG
C*15:18,GCTCCCACTCCATGAGGTATTTCTACACCGCTGTGTCCCGGCCCGGCCGCGGAGAGCCCCACTTCATCGCAGTGGGCTACGTGGACGACACGCAGTTCGTGCGGTTCGACAGCGACGCCGCGAGTCCAAGAGGGGAGCCGCGGGCGCCGTGGGTGGAGCAGGAGGGGCCGGAGTATTGGGACCGGGAGACACAGAACTACAAGCGCCAGGCACAGACTGACCGAGTGAACCTGCGGAAACTGCGCGGCTACTACAACCAGAGCGAGGCCG,GGTCTCACATCATCCAGAGGATGTATGGCTGCGACCTGGGGCCCGACGGGCGCCTCCTCCGCGGGCATGACCAGTTAGCCTACGACCGCAAGGATTACATCGCCCTGAACGAGGACCTGCGCTCCTGGACCGCCGCGGACACGGCGGCTCAGATCACCCAGCGCAAGTGGGAGGCGGCCCGTGAGGCGGAGCAGCTGAGAGCCTACCTGGAGGGCACGTGCGTGGAGTGGCTCCGCAGATACCTGGAGAACGGGAAGGAGACGCTGCAGCGCGCGG
C*15:19,GCTCCCACTCCATGAGGTATTTCTACACCGCTGTGTCCCGGCCCGGCCGCGAAGAGCCCCACTTCATCGCAGTGGGCTACGTGGACGACACGCAGTTCGTGCGGTTCGACAGCGACGCCGCGAGTCCAAGAGGGGAGCCGCGGGCGCCGTGGGTGGAGCAGGAGGGGCCGGAGTATTGGGACCGGGAGACACAGAACTACAAGCGCCAGGCACAGACTGACCGAGTGAACCTGCGGAAACTGCGCGGCTACTACAACCAGAGCGAGGCCG,GGTCTCACATCATCCAGAGGATGTATGGCTGCGACCTGGGGCCCGACGGGCGCCTCCTCCGCGGGCATGACCAGTCCGCCTACGACGGCAAGGATTACATCGCCCTGAACGAGGACCTGCGCTCCTGGACCGCCGCGGACACGGCGGCTCAGATCACCCAGCGCAAGTGGGAGGCGGCCCGTGAGGCGGAGCAGCTGAGAGCCTACCTGGAGGGCACGTGCGTGGAGTGGCTCCGCAGATACCTGGAGAACGGGAAGGAGACGCTGCAGCGCGCGG
C*15:21,GCTCCCACTCCATGAGGTATTTCTACACCGCTGTGTCCCGGCCCGGCCGCGGAGAGCCCCACTTCATCGCAGTGGGCTACGTGGACGACACGCAGTTCGTGCGGTTCGACAGCGACGCCGCGAGTCCAAGAGGGGAGCCGCGGGCGCCGTGGGTGGAGCAGGAGGGGCCGGAGTATTGGGACCGGGAGACACAGAACTACAAGCGCCAGGCACAGACTGACCGAGTGAGCCTGCGGAAACTGCGCGGCTACTACAACCAGAGCGAGGCCG,GGTCTCACATCATCCAGAGGATGTATGGCTGCGACCTGGGGCCCGACGGGCGCCTCCTCCGCGGGCATGACCAGTTAGCCTACGACGGCAAGGATTACATCGCCCTGAACGAGGACCTGCGCTCCTGGACCGCCGCGGACACGGCGGCTCAGATCACCCAGCGCAAGTGGGAGGCGGCCCGTGAGGCGGAGCAGCTGAGAGCCTACCTGGAGGGCACGTGCGTGGAGTGGCTCCGCAGATACCTGGAGAACGGGAAGGAGACGCTGCAGCGCGCGG
C*15:22,GCTCCCACTCCATGAGGTATTTCTACACCGCTGTGTCCCGGCCCGGCCGCGGAGAGCCCCACTTCATCGCAGTGGGCTACGTGGACGACACGCAGTTCGTGCGGTTCGACAGCGACGCCGCGAGTCCAAGAGGGGAGCCGCGGGCGCCGTGGGTGGAGCAGGAGGGGCCGGAGTATTGGGACCGGGAGACACAGAACTACAAGCGCCAGGCACAGACTGACCGAGTGAACCTGCGGAAACTGCGCGGCTACTACAACCAGAGCGAGGCCG,GGTCTCACACCCTCCAGAGGATGTATGGCTGCGACCTGGGGCCCGACGGGCGCCTCCTCCGCGGGCATGACCAGTTCGCCTACGACGGCAAGGATTACATCGCCCTGAACGAGGACCTGCGCTCCTGGACCGCCGCGGACACGGCGGCTCAGATCACCCAGCGCAAGTGGGAGGCGGCCCGTGAGGCGGAGCAGCTGAGAGCCTACCTGGAGGGCACGTGCGTGGAGTGGCTCCGCAGATACCTGGAGAACGGGAAGGAGACGCTGCAGCGCGCGG
C*15:23,GCTCCCACTCCATGAGGTATTTCGACACCGCCGTGTCCCGGCCCGGCCGCGGAGAGCCCCACTTCATCGCAGTGGGCTACGTGGACGACACGCAGTTCGTGCGGTTCGACAGCGACGCCGCGAGTCCAAGAGGGGAGCCGCGGGCGCCGTGGGTGGAGCAGGAGGGGCCGGAGTATTGGGACCGGGAGACACAGAACTACAAGCGCCAGGCACAGACTGACCGAGTGAACCTGCGGAAACTGCGCGGCTACTACAACCAGAGCGAGGCCG,GGTCTCACATCATCCAGAGGATGTATGGCTGCGACCTGGGGCCCGACGGGCGCCTCCTCCGCGGGCATGACCAGTTCGCCTACGACGGCAAGGATTACATCGCCCTGAACGAGGACCTGCGCTCCTGGACCGCCGCGGACACGGCGGCTCAGATCACCCAGCGCAAGTGGGAGGCGGCCCGTGAGGCGGAGCAGCTGAGAGCCTACCTGGAGGGCACGTGCGTGGAGTGGCTCCGCAGATACCTGGAGAACGGGAAGGAGACGCTGCAGCGCGCGG
C*15:24,GCTCCCACTCCATGAGGTATTTCTACACCGCTGTGTCCCGGCCCGGCCGCGGAGAGCCCCACTTCATCGCAGTGGGCTACGTGGACGACACGCAGTTCGTGCGGTTCGACAGCGACGCCGCGAGTCCAAGAGGGGAGCCGCGGGCGCCGTGGGTGGAGCAGGAGGGGCCGGAGTATTGGGACCGGGAGACACAGAACTACAAGCGCCAGGCACAGACTGACCGAGTGAACCTGCGGAAACTGCGCGGCTACTACAACCAGAGCGAGGCCG,GGTCTCACATCATCCAGAGGATGTATGGCTGCGACCTGGGGCCCGACGGGCGCCTCCTCCGCGGGCATAACCAGTACGCCTACGACGGCAAGGATTACATCGCCCTGAACGAGGACCTGCGCTCCTGGACCGCCGCGGACACGGCGGCTCAGATCACCCAGCGCAAGTGGGAGGCGGCCCGTGAGGCGGAGCAGCTGAGAGCCTACCTGGAGGGCACGTGCGTGGAGTGGCTCCGCAGATACCTGGAGAACGGGAAGGAGACGCTGCAGCGCGCGG
C*15:25,GCTCCCACTCCATGAGGTATTTCTACACCGCTGTGTCCCGGCCCGGCCGCGGAGAGCCCCACTTCATCGCAGTGGGCTACGTGGACGACACGCAGTTCGTGCGGTTCGACAGCGACGCCGCGAGTCCAAGAGGGGAGCCGCGGGCGCCGTGGGTGGAGCAGGAGGGGCCGGAGTATTGGGACCGGGAGACACAGAAGTACAAGCGCCAGGCACAGGCTGACCGAGTGAGCCTGCGGAACCTGCGCGGCTACTACAACCAGAGCGAGGACG,GGTCTCACATCATCCAGAGGATGTATGGCTGCGACCTGGGGCCCGACGGGCGCCTCCTCCGCGGGTATAACCAGTTCGCCTACGACGGCAAGGATTACATCGCCCTGAACGAGGACCTGCGCTCCTGGACCGCCGCGGACACGGCGGCTCAGATCACCCAGCGCAAGTGGGAGGCGGCCCGTGAGGCGGAGCAGGACAGAGCCTACCTGGAGGGCACGTGCGTGGAGTCGCTCCGCAGATACCTGGAGAACGGGAAGGAGACGCTGCAGCGCGCGG
C*15:26,GCTCCCACTCCATGAGGTATTTCTACACCGCTGTGTCCCGGCCCGGCCGCGGAGAGCCCCACTTCATCGCAGTGGGCTACGTGGACGACACGCAGTTCGTGCGGTTCGACAGCGACGCCGCGAGTCCAAGAGGGGAGCCGCGGGCGCCGTGGGTGGAGCAGGAGGGGCCGGAGTATTGGGACCGGGAGACACAGAACTACAAGCGCCAGGCACAGACTGACCGAGTGAACCTGCGGAAACTGCGCGGCTACTACAACCAGAGCGAGGCCG,GGTCTCACATCATCCAGAGGATGTATGGCTGCGACGTGGGGCCCGACGGGCGCCTCCTCCGCGGGCATGACCAGTTAGCCTACGACGGCAAGGATTACATCGCCCTGAACGAGGACCTGCGCTCCTGGACCGCCGCGGACACGGCGGCTCAGATCACCCAGCGCAAGTGGGAGGCGGCCCGTGAGGCGGAGCAGCTGAGAGCCTACCTGGAGGGCACGTGCGTGGAGTGGCTCCGCAGATACCTGGAGAACGGGAAGGAGACGCTGCAGCGCGCGG
C*15:27,GCTCCCACTCCATGAGGTATTTCTACACCGCTGTGTCCCGGCCCGGCCGCGGAGAGCCCCACTTCATCGCAGTGGGCTACGTGGACGACACGCAGTTCGTGCGGTTCGACAGCGACGCCGCGAGTCCAAGAGGGGAGCCGCGGGCGCCGTGGGTGGAGCAGGAGGGGCCGGAGTATTGGGACCGGAACACACAGAAGTACAAGCGCCAGGCACAGACTGACCGAGTGAACCTGCGGAAACTGCGCGGCTACTACAACCAGAGCGAGGCCG,GGTCTCACATCATCCAGAGGATGTATGGCTGCGACCTGGGGCCCGACGGGCGCCTCCTCCGCGGGCATGACCAGTCCGCCTACGACGGCAAGGATTACATCGCCCTGAACGAGGACCTGCGCTCCTGGACCGCCGCGGACACGGCGGCTCAGATCACCCAGCGCAAGTGGGAGGCGGCCCGTGAGGCGGAGCAGCTGAGAGCCTACCTGGAGGGCACGTGCGTGGAGTGGCTCCGCAGATACCTGGAGAACGGGAAGGAGACGCTGCAGCGCGCGG
C*15:28,GCTCCCACTCCATGAGGTATTTCTACACCGCTGTGTCCCGGCCCGGCCGCGGAGAGCCCCACTTCATCGCAGTGGGCTACGTGGACGACATGCAGTTCGTGCGGTTCGACAGCGACGCCGCGAGTCCAAGAGGGGAGCCGCGGGCGCCGTGGGTGGAGCAGGAGGGGCCGGAGTATTGGGACCGGGAGACACAGAACTACAAGCGCCAGGCACAGACTGACCGAGTGAACCTGCGGAAACTGCGCGGCTACTACAACCAGAGCGAGGCCG,GGTCTCACATCATCCAGAGGATGTATGGCTGCGACCTGGGGCCCGACGGGCGCCTCCTCCGCGGGCATGACCAGTTAGCCTACGACGGCAAGGATTACATCGCCCTGAACGAGGACCTGCGCTCCTGGACCGCCGCGGACACGGCGGCTCAGATCACCCAGCGCAAGTGGGAGGCGGCCCGTGAGGCGGAGCAGCTGAGAGCCTACCTGGAGGGCACGTGCGTGGAGTGGCTCCGCAGATACCTGGAGAACGGGAAGGAGACGCTGCAGCGCGCGG
C*15:30,GCTCCCACTCCATGAGGTATTTCTACACCGCTGTGTCCCGGCCCGGCCGCGGAGAGCCCCACTTCATCGCAGTGGGCTACGTGGACGACACGCAGTTCGTGCGGTTCGACAGCGACGCCGCGAGTCCAAGAGGGGAGCCGCGGGCGCCGTGGGTGGAGCAGGAGGGGCCGGAGTATTGGGACCGGGAGACACAGAACTACAAGCGCCAGGCACAGACTGACCGAGTGAACCTGCGGAAACTGCGCGGCTACTACAACCAGAGCGAGGCCG,GGTCTCACATCATCCAGAGGATGTATGGCTGCGACCTGGGGCCCGACGGGCGCCTCCTCCACGGGTATGACCAGTCCGCCTACGACGGCAAGGATTACATCGCCCTGAACGAGGACCTGCGCTCCTGGACCGCCGCGGACACGGCGGCTCAGATCACCCAGCGCAAGTGGGAGGCGGCCCGTGAGGCGGAGCAGCTGAGAGCCTACCTGGAGGGCACGTGCGTGGAGTGGCTCCGCAGATACCTGGAGAACGGGAAGGAGACGCTGCAGCGCGCGG
C*15:31,GCTCCCACTCCATGAGGTATTTCTACACCGCTGTGTCCCGGCCCGGCCGCGGAGAGCCCCACTTCATCGCAGTGGGCTACGTGGACGACACGCAGTTCGTGCGGTTCGACAGCGACGCCGCGAGTCCAAGAGGGGAGCCGCGGGCGCCGTGGGTGGAGCAGGAGGGGCCGGAGTATTGGGACCGGGAGACACAGAACTACAAGCGCCAGGCACAGACTGACCGAGTGAACCTGCGGAAACTGCGCGGCTACTACAACCAGAGCGAGGCCG,GGTCTCACATCATCCAGAGGATGTATGGCTGCGACCTGGGGCCCGACGGGCGCCTCCTCCGCGGGCATGACCAGTTAGCCTACGACGGCAAGGATTACATCGCCCTGAACGAGGACCTGCGCTCCTGGACCGCCGCGGACACGGCGGCTCAGATCACCCAGCGCAAGTGGGAGGCGGCCCGTGCGGCGGAGCAGCTGAGAGCCTACCTGGAGGGCACGTGCGTGGAGTGGCTCCGCAGATACCTGGAGAACGGGAAGGAGACGCTGCAGCGCGCGG
C*15:32Q,GCTCCCACTCCATGAGGTATTTCTACACCGCTGTGTCCCGGCCCGGCCGCGGAGAGCCCCACTTCATCGCAGTGGGCTACGTGGACGACACGCAGTTCGTGCGGTTCGACAGCGACGCCGCGAGTCCAAGAGGGGAGCCGCGGGCGCCGTGGGTGGAGCAGGAGGGGCCGGAGTATTGGGACCGGGAGACACAGAACTACAAGCGCCAGGCACAGACTGACCGAGTGAACCTGCGGAAACTGCGCGGCTACTACAACCAGAGCGAGGCCG,GGTCTCACATCATCCAGAGGATGTATGGCTGCGACCTGGGGCCCGACGGGCGCCTCCTCCGCGGGCATGACCAGTTAGCCTACGACGGCAAGGATTACATCGCCCTGAACGAGGACCTGCGCTCCTGGACCGCCGCGGACACGGCGGCTCAGATCACCCAGCGCAAGTGGGAGGCGGCCCGTGAGGCGGAGCAGCTGAGAGCCTACCTGGAGGGCACGGGCGTGGAGTGGCTCCGCAGATACCTGGAGAACGGGAAGGAGACGCTGCAGCGCGCGG
C*15:33,GCTCCCACTCCATGAGGTATTTCTACACCGCTGTGTCCCGGCCCGGCCGCGGAGAGCCCCACTTCATCGCAGTGGGCTACGTGGACGACACGCAGTTCGTGCGGTTCGACAGCGACGCCGCGAGTCCAAGAGGGGAGCCGCGGGCGCCGTGGGTGGAGCAGGAGGGGCCGGAGTATTGGGACCGGGAGACACAGAACTACAAGCGCCAGGCACAGACTGACCGAGTGAACCTGCGGAAACTGCGCGGCTACTACAACCAGAGCGAGGCCG,GGTCTCACATCATCCAGAGGATGTATGGCTGCGACCTGGGGCCCGACGGGCGCCTCCTCCGCGGGCATGACCAGTTAGCCTACGACGGCAAGGATTACATCGCCCTGAACGTGGACCTGCGCTCCTGGACCGCCGCGGACACGGCGGCTCAGATCACCCAGCGCAAGTGGGAGGCGGCCCGTGAGGCGGAGCAGCTGAGAGCCTACCTGGAGGGCACGTGCGTGGAGTGGCTCCGCAGATACCTGGAGAACGGGAAGGAGACGCTGCAGCGCGCGG
C*15:34,GCTCCCACTCCATGAGGTATTTCTACACCGCTGTGTCCCGGCCCGGCCGCGGAGAGCCCCACTTCATCGCAGTGGGCTACGTGGACGACACGCAGTTCGTGCGGTTCGACAGCGACGCCGCGAGTCCAAGAGGGGAGCCGCGGGCGCCGTGGGTGGAGCAGGAGGGGCCGGAGTATTGGGACCGGGAGACACAGAACTACAAGCGCCAGGCACAGACTGACCGAGTGAACCTGCGGAAACTGCGCGGCTACTACAACCAGAGCGAGGCCG,GGTCTCACATCATCCAGAGGATGTATGGCTGCGACCTGGGGCCCGACGGGCGCCTCCTCCGCGGGCATGACCAGTTAGCCTACAACGGCAAGGATTACATCGCCCTGAACGAGGACCTGCGCTCCTGGACCGCCGCGGACACGGCGGCTCAGATCACCCAGCGCAAGTGGGAGGCGGCCCGTGAGGCGGAGCAGCTGAGAGCCTACCTGGAGGGCACGTGCGTGGAGTGGCTCCGCAGATACCTGGAGAACGGGAAGGAGACGCTGCAGCGCGCGG
C*15:35,GCTCCCACTCCATGAGGTATTTCTACACCGCTGTGTCCCGGCCCGGCCGCGGAGAGCCCCACTTCATCGCAGTGGGCTACGTGGACGACACGCAGTTCGTGCGGTTCGACAGCGACGCCGCGAGTCCAAGAGGGGAGCCGCGGGCGCCGTGGGTGGAGCAGGAGGGGCCGGAGTATTGGGACCGGGAGACACAGAACTACAAGCGCCAGGCACAGACTGACCGAGTGAACCTGCGGAAACTGCGCGGCCACTACAACCAGAGCGAGGCCG,GGTCTCACATCATCCAGAGGATGTATGGCTGCGACCTGGGGCCCGACGGGCGCCTCCTCCGCGGGCATGACCAGTTAGCCTACGACGGCAAGGATTACATCGCCCTGAACGAGGACCTGCGCTCCTGGACCGCCGCGGACACGGCGGCTCAGATCACCCAGCGCAAGTGGGAGGCGGCCCGTGAGGCGGAGCAGCTGAGAGCCTACCTGGAGGGCACGTGCGTGGAGTGGCTCCGCAGATACCTGGAGAACGGGAAGGAGACGCTGCAGCGCGCGG
C*15:36,GCTCCCACTCCATGAGGTATTTCTCCACATCCGTGTCCTGGCCCGGCCGCGGAGAGCCCCACTTCATCGCAGTGGGCTACGTGGACGACACGCAGTTCGTGCGGTTCGACAGCGACGCCGCGAGTCCAAGAGGGGAGCCGCGGGCGCCGTGGGTGGAGCAGGAGGGGCCGGAGTATTGGGACCGGGAGACACAGAACTACAAGCGCCAGGCACAGACTGACCGAGTGAACCTGCGGAAACTGCGCGGCTACTACAACCAGAGCGAGGCCG,GGTCTCACATCATCCAGAGGATGTATGGCTGCGACCTGGGGCCCGACGGGCGCCTCCTCCGCGGGCATGACCAGTTCGCCTACGACGGCAAGGATTACATCGCCCTGAACGAGGACCTGCGCTCCTGGACCGCCGCGGACACGGCGGCTCAGATCACCCAGCGCAAGTGGGAGGCGGCCCGTGAGGCGGAGCAGCTGAGAGCCTACCTGGAGGGCACGTGCGTGGAGTGGCTCCGCAGATACCTGGAGAACGGGAAGGAGACGCTGCAGCGCGCGG
C*15:37,GCTCCCACTCCATGAGGTATTTCTACACCGCTGTGTCCCGGCCCGGCCGCGGAGAGCCCCACTTCATCGCAGTGGGCTACGTGGACGACACGCAGTTCGTGCGGTTCGACAGCGACGCCGCGAGTCCAAGAGGGGAGCCGCGGGCGCCGTGGGTGGAGCAGGAGGGGCCGGAGTATTGGGACCGGGAGACACAGAACTACAAGCGCCAGGCACAGACTGACCGAGTGAACCTGCGGAAACTGCGCGGCTACTACAACCAGAGCGAGGCCG,GGTCTCACACCCTCCAGTGGATGTGTGGCTGCGACCTGGGGCCCGACGGGCGCCTCCTCCGCGGGCATGACCAGTTAGCCTACGACGGCAAGGATTACATCGCCCTGAACGAGGACCTGCGCTCCTGGACCGCCGCGGACACGGCGGCTCAGATCACCCAGCGCAAGTGGGAGGCGGCCCGTGAGGCGGAGCAGCTGAGAGCCTACCTGGAGGGCACGTGCGTGGAGTGGCTCCGCAGATACCTGGAGAACGGGAAGGAGACGCTGCAGCGCGCGG
C*15:38,GCTCCCACTCCATGAGGTATTTCTACACCGCTGTGTCCCGGCCCGGCCGCGGAGTGCCCCACTTCATCGCAGTGGGCTACGTGGACGACACGCAGTTCGTGCGGTTCGACAGCGACGCCGCGAGTCCAAGAGGGGAGCCGCGGGCGCCGTGGGTGGAGCAGGAGGGGCCGGAGTATTGGGACCGGGAGACACAGAACTACAAGCGCCAGGCACAGACTGACCGAGTGAACCTGCGGAAACTGCGCGGCTACTACAACCAGAGCGAGGCCG,GGTCTCACATCATCCAGAGGATGTATGGCTGCGACCTGGGGCCCGACGGGCGCCTCCTCCGCGGGCATGACCAGTTAGCCTACGACGGCAAGGATTACATCGCCCTGAACGAGGACCTGCGCTCCTGGACCGCCGCGGACACGGCGGCTCAGATCACCCAGCGCAAGTGGGAGGCGGCCCGTGAGGCGGAGCAGCTGAGAGCCTACCTGGAGGGCACGTGCGTGGAGTGGCTCCGCAGATACCTGGAGAACGGGAAGGAGACGCTGCAGCGCGCGG
C*15:39,GCTCCCACTCCATGAGGTATTTCTACACCGCTGTGTCCCGGCCCGGCCGCGGAGAGCCCCACTTCATCGCAGTGGGCTACGTGGACGACACGCAGTTCGTGCGGTTCGACAGCGACGCCGCGAGTCCAAGAGGGGAGCCGCGGGCGCCGTGGGTGGAGCAGGAGGGGCCGGAGTATTGGGACCGGGAGACACAGAACTACAAGCGCCAGGCACAGACTGACCGAGTGAACCTGCGGAAACTGCGCGGCTACTACAACCAGAGCGAGGCCG,GGTCTCACATCATCCAGAGGATGTATGGCTGCGACCTGGGGCCCGACGGGCGCCTCCTCCGCGGGCATGACCAGTTAGCCTACGACGGCAAGGATTACATCGCCCTGAACGAGGACCTGCGCTCCTGGACCGCCGCGGACACGGCGGCTCAGATCACCCAGCGCAAGTGGGAGGCGGCCCGTGAGGCGGAGCAGCTGAGAGCCTACCTGGAGGGCACGTGCGTGGAGTGGCTCCGCAGACACCTGGAGAACGGGAAGGAGACGCTGCAGCGCGCGG
C*15:40,GCTCCCACTCCATGAGGTATTTCTACACCGCTGTGTCCCGGCCCGGCCGCGGAGAGCCCCACTTCATCGCAGTGGGCTACGTGGACGACACGCAGTTCGTGCGGTTCGACAGCGACGCCGCGAGTCCAAGAGGGGAGCCGCGGGCGCCGTGGGTGGAGCAGGAGGGGCCGGAGTATTGGGACCGGGAGACACAGAACTACAAGCGCCAGGCACAGACTGACCGAGTGAACCTGCGGAAACTGCGCGGCTACTACAACCAGAGCGAGGCCG,GGTCTCACATCATCCAGAGGATGTATGGCTGCGACCTGGGGCCCGACGGGCGCCTCCTCCGCGGGTATGACCAGTACGCCTACGACGGCAAGGATTACATCGCCCTGAACGAGGACCTGCGCTCCTGGACCGCCGCGGACACGGCGGCTCAGATCACCCAGCGCAAGTGGGAGGCGGCCCGTGAGGCGGAGCAGCTGAGAGCCTACCTGGAGGGCACGTGCGTGGAGTGGCTCCGCAGATACCTGGAGAACGGGAAGGAGACGCTGCAGCGCGCGG
C*15:41,GCTCCCACTCCATGAGGTATTTCTACACCGCTGTGTCCCGGCCCGGCCGCGGAGAGCCCCACTTCATCGCAGTGGGCTACGTGGACGACACGCAGTTCGTGCGGTTCGACAGCGACGCCGCGAGTCCAAGAGGGGAGCCGCGGGCGCCGTGGGTGGAGCAGGAGGGGCCGGAGTATTGGGACCGGGAGACACAGAACTACAAGCGCCAGGCACAGACTGACCGAGTGAACCTGCGGAAACTGCGCGGCTACTACAACCAGAGCGAGGCCG,GGTCTCACATCAACCAGAGGATGTATGGCTGCGACCTGGGGCCCGACGGGCGCCTCCTCCGCGGGCATGACCAGTTAGCCTACGACGGCAAGGATTACATCGCCCTGAACGAGGACCTGCGCTCCTGGACCGCCGCGGACACGGCGGCTCAGATCACCCAGCGCAAGTGGGAGGCGGCCCGTGAGGCGGAGCAGCTGAGAGCCTACCTGGAGGGCACGTGCGTGGAGTGGCTCCGCAGATACCTGGAGAACGGGAAGGAGACGCTGCAGCGCGCGG
C*15:42,GCTCCCACTCCATGAGGTATTTCTACACCGCTGTGTCCCGGCCCGGCCGCGGAGAGCCCCACTTCATCGCAGTGGGCTACGTGGACGACACGCAGTTCGTGCGGTTCGACAGCGACGCCGCGAGTCCAAGAGGGGAGCCGCGGGCGCCGTGGGTGGAGCAGGAGGGGCCGGAGTATTGGGACCGGGAGACACAGAACTACAAGCGCCAGGCACAGACTGACCGAGTGAACCTGCGGAAACTGCGCGGCTACTACAACCAGAGCGAGGCCG,GGTCTCACATCATCCAGAGGATGTATGGCTGCGACCTGGGGCCCGACGGGCGCCTCCTCCGCGGGCATGACCAGTTAGCCTACGACGGCAAGGATTACATCGCCCTGAACGAGGACCTGCGCTCCTGGACCGCCGCGGACACGGCGGCTCAGATCACCCAGCGCAAGTGGGAGGCGGCCCGTGAGGCGGAGCAGCTGAGAGCCTACCTGGAGGGCGAGTGCGTGGAGTGGCTCCGCAGATACCTGGAGAACGGGAAGGAGACGCTGCAGCGCGCGG
C*15:43,GCTCCCACTCCATGAGGTATTTCTACACCGCTGTGTCCCGGCCCGGCCGCGGGGAGCCCCACTTCATCGCAGTGGGCTACGTGGACGACACGCAGTTCGTGCGGTTCGACAGCGACGCCGCGAGTCCGAGAGGGGAGCCGCGGGCGCCGTGGGTGGAGCAGGAGGGGCCGGAGTATTGGGACCGGGAGACACAGAAGTACAAGCGCCAGGCACAGACTGACCGAGTGAGCCTGCGGAACCTGCGCGGCTACTACAACCAGAGCGAGGCCG,GGTCTCACATCATCCAGAGGATGTATGGCTGCGACCTGGGGCCCGACGGGCGCCTCCTCCGCGGGCATGACCAGTTAGCCTACGACGGCAAGGATTACATCGCCCTGAACGAGGACCTGCGCTCCTGGACCGCCGCGGACACGGCGGCTCAGATCACCCAGCGCAAGTGGGAGGCGGCCCGTGAGGCGGAGCAGCTGAGAGCCTACCTGGAGGGCACGTGCGTGGAGTGGCTCCGCAGATACCTGGAGAACGGGAAGGAGACGCTGCAGCGCGCGG
C*15:44,GCTCCCACTCCATGAGGTATTTCTACACCGCTGTGTCCCGGCCCGGCCGCGGAGAGCCCCACTTCATCGCAGTGGGCTACGTGGACGACACGCAGTTCGTGCGGTTCGACAGGGACGCCGCGAGTCCAAGAGGGGAGCCGCGGGCGCCGTGGGTGGAGCAGGAGGGGCCGGAGTATTGGGACCGGGAGACACAGAACTACAAGCGCCAGGCACAGACTGACCGAGTGAACCTGCGGAAACTGCGCGGCTACTACAACCAGAGCGAGGCCG,GGTCTCACATCATCCAGAGGATGTATGGCTGCGACCTGGGGCCCGACGGGCGCCTCCTCCGCGGGCATGACCAGTTAGCCTACGACGGCAAGGATTACATCGCCCTGAACGAGGACCTGCGCTCCTGGACCGCCGCGGACACGGCGGCTCAGATCACCCAGCGCAAGTGGGAGGCGGCCCGTGAGGCGGAGCAGCTGAGAGCCTACCTGGAGGGCACGTGCGTGGAGTGGCTCCGCAGATACCTGGAGAACGGGAAGGAGACGCTGCAGCGCGCGG
C*15:45,GCTCCCACTCCATGAGGTATTTCTACACCGCTGTGTCCCGGCCCGGCCGCGGAGAGCCCCACTTCATCGCAGTGGGCTACGTGGACGACACGCAGTTCGTGCGGTTCGACAGCGACGCCGCGAGTCCAAGAGGGGAGCCGCGGGCGCCGTGGGTGGAGCAGGAGGGGCCGGAGTATTGGGACCGGGAGACACAGAACTACAAGCGCCAGGCACAGACTGACCGAGAGAACCTGCGGAAACTGCGCGGCTACTACAACCAGAGCGAGGCCG,GGTCTCACATCATCCAGAGGATGTATGGCTGCGACCTGGGGCCCGACGGGCGCCTCCTCCGCGGGCATGACCAGTTAGCCTACGACGGCAAGGATTACATCGCCCTGAACGAGGACCTGCGCTCCTGGACCGCCGCGGACACGGCGGCTCAGATCACCCAGCGCAAGTGGGAGGCGGCCCGTGAGGCGGAGCAGCTGAGAGCCTACCTGGAGGGCACGTGCGTGGAGTGGCTCCGCAGATACCTGGAGAACGGGAAGGAGACGCTGCAGCGCGCGG
C*15:46,GCTCCCACTCCATGAGGTATTTCTACACCGCTGTGTCCCGGCCCGGCCGCGGAGAGCCCCACTTCATCGCAGTGGGCTACGTGGACGACACGCAGTTCGTGCGGTTCGACAGCGACGCCGCGAGTCCAAGAGGGGAGCCGCGGGCGCCGTGGGTGGAGCAGGAGGGGCCGGAGTATTGGGACCGGGAGACACAGAACTACAAGCGCCAGGCACAGACTGACCGAGTGAACCTGCGGAAACTGCGCGGCTACTACAACCAGAGCGAGGCCG,GGTCTCACATCATCCAGAGGATGTCTGGCTGCGACCTGGGGCCCGACGGGCGCCTCCTCCGCGGGCATGACCAGTTCGCCTACGACGGCAAGGATTACATCGCCCTGAACGAGGACCTGCGCTCCTGGACCGCCGCGGACACGGCGGCTCAGATCACCCAGCGCAAGTGGGAGGCGGCCCGTGAGGCGGAGCAGCTGAGAGCCTACCTGGAGGGCACGTGCGTGGAGTGGCTCCGCAGATACCTGGAGAACGGGAAGGAGACGCTGCAGCGCGCGG
C*15:48,GCTCCCACTCCATGAGGTATTTCTACACCGCTGTGTCCCGGCCCGGCCGCGGAGAGCCCCACTTCATCGCAGTGGGCTACGTGGACGACACGCAGTTCGTGCGGTTCGACAGCGACGCCGCGAGTCCAAGAGGGGAGCCGCGGGCGCCGTGGGTGGAGCAGGAGGGGCCGGAGTATTGGGACCGGGAGACACTGAACTACAAGCGCCAGGCACAGACTGACCGAGTGAACCTGCGGAAACTGCGCGGCTACTACAACCAGAGCGAGGCCG,GGTCTCACATCATCCAGAGGATGTATGGCTGCGACCTGGGGCCCGACGGGCGCCTCCTCCGCGGGCATGACCAGTTAGCCTACGACGGCAAGGATTACATCGCCCTGAACGAGGACCTGCGCTCCTGGACCGCCGCGGACACGGCGGCTCAGATCACCCAGCGCAAGTGGGAGGCGGCCCGTGAGGCGGAGCAGCTGAGAGCCTACCTGGAGGGCACGTGCGTGGAGTGGCTCCGCAGATACCTGGAGAACGGGAAGGAGACGCTGCAGCGCGCGG
C*15:49,GCTCCCACTCCATGAGGTATTTCTACACCGCTGTGTCCCGGCCCGGCCGCGGAGAGCCCCACTTCATCGCAGTGGGCTACGTGGACGACACGCAGTTCGTGCGGTTCGACAGCGACGCCGCGAGTCCAAGAGGGGAGCCGCGGGCGCCGTGGGTGGAGCAGGAGGGGCCGGAGTATTGGGACCGGGAGACACAGAACTACAAGCGCCAGGCACAGACTGACCGAGTGAACCTGCGGAAACTGCGCGGCTACTACAACCAGAGCGAGGCCG,GGTCTCACATCATCCAGAGGATGTATGGCTGCGACCTGGGGCCCGACGGGCGCCTCCTCCGCGGGCGTGACCAGTTAGCCTACGACGGCAAGGATTACATCGCCCTGAACGAGGACCTGCGCTCCTGGACCGCCGCGGACACGGCGGCTCAGATCACCCAGCGCAAGTGGGAGGCGGCCCGTGAGGCGGAGCAGCTGAGAGCCTACCTGGAGGGCACGTGCGTGGAGTGGCTCCGCAGATACCTGGAGAACGGGAAGGAGACGCTGCAGCGCGCGG
C*15:50,GCTCCCACTCCATGAGGTATTTCTACACCGCTGTGTCCCGGCCCGGCCACGGAGAGCCCCACTTCATCGCAGTGGGCTACGTGGACGACACGCAGTTCGTGCGGTTCGACAGCGACGCCGCGAGTCCAAGAGGGGAGCCGCGGGCGCCGTGGGTGGAGCAGGAGGGGCCGGAGTATTGGGACCGGGAGACACAGAACTACAAGCGCCAGGCACAGACTGACCGAGTGAACCTGCGGAAACTGCGCGGCTACTACAACCAGAGCGAGGCCG,GGTCTCACATCATCCAGAGGATGTATGGCTGCGACCTGGGGCCCGACGGGCGCCTCCTCCGCGGGCATGACCAGTTAGCCTACGACGGCAAGGATTACATCGCCCTGAACGAGGACCTGCGCTCCTGGACCGCCGCGGACACGGCGGCTCAGATCACCCAGCGCAAGTGGGAGGCGGCCCGTGAGGCGGAGCAGCTGAGAGCCTACCTGGAGGGCACGTGCGTGGAGTGGCTCCGCAGATACCTGGAGAACGGGAAGGAGACGCTGCAGCGCGCGG
C*15:51,GCTCCCACTCCATGAGGTATTTCTACACCGCTGTGTCCCGGCCCGGCCGCGGAGAGCCCCACTTCATCGCAGTGGGCTACGTGGACGACACGCAGTTCGTGCGGTTCGACAGCGACGCCGCGAGTCCAAGAGGGGAGCCGCGGGCGCCGTGGGTGGAGCAGGAGGGGCCGGAGTATTGGGACCGGGAGACACAGAACTACAAGCGCCAGGCACAGACTGACCGAGTGAACCTGCGGAAACTGCGCGGCTACTACAACCAGAGCGAGGCCG,GGTCTCACATCATCCAGAGGATGTATGGCTGCGACCTGGGGCCCGACGGGCGCCTCCTCCGCGGGCATGACCAGTTAGCCTACGACGGCAAGGATTACATCGCCCTGAACGAGGACCTGCGCTCCTGGACCGCCGCGGACACGGCGGCTCAGATCACCCAGCGCAAGTGGGAGGCGGCCCGTGAGGCGGAGCAGCTGAGAACCTACCTGGAGGGCACGTGCGTGGAGTGGCTCCGCAGATACCTGGAGAACGGGAAGGAGACGCTGCAGCGCGCGG
C*15:52,GCTCCCACTCCATGAGGTATTTCTACACCGCTGTGTCCCGGCCCGGCCGCGGAGAGCCCCACTTCATCGCAGTGGGCTACGTGGACGACACGCAGTTCGTGCGGTTCGACAGCGACGCCGCGAGTCCAAGAGGGGAGCCGCGGGCGCCGTGGGTGGAGCAGGAGGGGCCGGAGTATTGGGACCGGGAGACACAGAACTACAAGCGCCAGGCACAGACTGACCGAGTGAACCTGCGGAAACTGCGCGGCTACTACAACCAGAGCGAGGCCG,GGTCTCACATCATCCAGAGGATGTATGGCTGCGACCTGGGGCCCGACGGGCGCCTCCTCCGCGGGCATGACCAGTTAGCCTACGACGGCAAGGATTACATCGCCCTGAACGAGGACCTGCGCTCCTGGACCGCCGCGGACACGGCGGCTCAGATCACCCAGCGCAAGTGGGAGGCGGCCCGTGAGGCGGAGCAGCTGAGAGCCTACCTGGAGGGCACGTGCGTGGAGTGGCTCCGCAGATACCTGGAGAACCGGAAGGAGACGCTGCAGCGCGCGG
C*15:53,GCTCCCACTCCATGAGGTATTTCTACACCGCTGTGTCCCGGCCCGGCCGCGGAGAGCCCCACTTCATCGCAGTGGGCTACGTGGACGACACGCAGTTCGTGCGGTTCGACAGCGACGCCGCGAGTCCAAGAGGGGAGCCGCGGGCGCCGTGGGTGGAGCAGGAGGGGCCGGAGTATTGGGACCGGGAGACACAGAACTACAAGCGCCAGGCACAGACTGACCGAGTGAACCTGCGGAAACTGCGCGGCTACTACAACCAGAGCGAGGCCG,GGTCTCACATCATCCAGAGGATGTATGGCTGCGACCTGGGGCCCGACGGGCACCTCCTCCGCGGGCATGACCAGTTAGCCTACGACGGCAAGGATTACATCGCCCTGAACGAGGACCTGCGCTCCTGGACCGCCGCGGACACGGCGGCTCAGATCACCCAGCGCAAGTGGGAGGCGGCCCGTGAGGCGGAGCAGCTGAGAGCCTACCTGGAGGGCACGTGCGTGGAGTGGCTCCGCAGATACCTGGAGAACGGGAAGGAGACGCTGCAGCGCGCGG
C*15:54,GCTCCCACTCCATGAGGTATTTCTACACCGCTGTGTCCCGGCCCGGCCGCGGAGAGCCCCACTTCATCGCAGTGGGCTACGTGGACGACACGCAGTTCGTGCGGTTCGACAGCGACGCCGCGAGTCCAAGAGGGGAGCCGCGGGCGCCGTGGGTGGAGCAGGAGGGGCCGGAGTATTGGGACCGGGAGACACAGAACTACAAGCGCCAGGCACAGACTGACCGAGTGAACCTGCGGAAACTGCGCGGCTACTACAACCAGAGCGAGGCCG,GGTCTCACATCATCCAGAGGATGTATGGCTGCGACCTGGGGCCCTACGGGCGCCTCCTCCGCGGGCATGACCAGTTCGCCTACGACGGCAAGGATTACATCGCCCTGAACGAGGACCTGCGCTCCTGGACCGCCGCGGACACGGCGGCTCAGATCACCCAGCGCAAGTGGGAGGCGGCCCGTGAGGCGGAGCAGCTGAGAGCCTACCTGGAGGGCACGTGCGTGGAGTGGCTCCGCAGATACCTGGAGAACGGGAAGGAGACGCTGCAGCGCGCGG
C*15:55,GCTCCCACTCCATGAGGTATTTCTACACCGCTGTGTCCCGGCCCGGCCGCGGAGAGCCCCACTTCATCGCAGTGGGCTACGTGGACGACACGCAGTTCGTGCGGTTCGACAGCGACGCCGCGAGTCCAAGAGGGGAGCCGCGGGCGCCGTGGGTGGAGCAGGAGGGGCCGGAGTATTGGGACCGGGAGACACAGAACTACAAGCGCCAGGCACAGACTGACCGAGTGAACCTGCGGAAACTGCGCGGCTACTACAACCAGAGCGAGGCCG,GGTCTCACACCCTCCAGTGGATGTATGGCTGCGACCTGGGGCCCGACGGGCGCCTCCTCCGCGGGCATGACCAGTACGCCTACGACGGCAAGGATTACATCGCCCTGAACGAGGACCTGCGCTCCTGGACCGCCGCGGACACGGCGGCTCAGATCACCCAGCGCAAGTGGGAGGCGGCCCGTGAGGCGGAGCAGCTGAGAGCCTACCTGGAGGGCACGTGCGTGGAGTGGCTCCGCAGATACCTGGAGAACGGGAAGGAGACGCTGCAGCGCGCGG
C*15:56,GCTCCCACTCCATGAGGTATTTCTACACCGCTGTGTCCCGGCCCGGCCGCGGAGAGCCCCACTTCATCGCAGTGGGCTACGTGGACGACACGCAGTTCGTGCGGTTCGACAGCGACGCCGCGAGTCCAAGAGGGGAGCCGCGGGCGCCGTGGGTGGAGCAGGAGGGGCCGGAGTATTGGGACCGGGAGACACAGAACTACAAGCGCCAGGCACAGACTGACCGAGTGAACCTGCGGAAACTGCGCGGCTACTACAACCAGAGCGAGGCCG,GGTCTCACATCATCCAGAGGATGTATGGCTGCGACCTGGGGCCCGACGGGCGCCTCCTCCGCGGGCATGACCAGTTAGCCTACGACGGCAAGGATTACATCGCCCTGAACGAGGACCTGCGCTCCTGGACCGCCGCGGACACGGCGGCTCAGATCACCCAGCGCAAGTGGGAGGCGGCCCGTGAGGCGGAGCAGCTGAGAGCCTACCTGGAGGGCACGTGCGTGGAGTGGCCCCGCAGATACCTGGAGAACGGGAAGGAGACGCTGCAGCGCGCGG
C*15:57,GCTCCCACTCCATGAGGTATTTCTACACCGCTGTGTCCCGGCCCGGCCGCGGAGAGCCCCACTTCATCGCAGTGGGCTACGTGGACGACACGCAGTTCGTGCGGTTCGACAGCGACGCCGCGAGTCCAAGAGGGGAGCCGCGGGCGCCGTGGGTGGAGCAGGAGGGGCCGGAGTATTGGGACCGGGAGACACAGAACTACAAGCGCCAGGCACAGACTGACCGAGTGAACCTGCGGAAACTGCGCGGCTACTACAACCAGAGCGAGGCCG,GGTCTCACATCATCCAGAGGATGTATGGCTGCGACCTGGGGCCCGACGGGCGCCTCCTCCGCGGGCATGACCAGTTAGCCTACGACGGCAAGGATTACATCGCCCTGAACGAGGACCTGCGCTCCTGGACCGCCGCGGACACGGCGGCTCAGATCACCCAGCGCAAGTGGGAGGCGGCCCGTGTGGCGGAGCAGCTGAGAGCCTACCTGGAGGGCACGTGCGTGGAGTGGCTCCGCAGATACCTGGAGAACGGGAAGGAGACGCTGCAGCGCGCGG
C*15:58,GCTCCCACTCCATGAGGTATTTCTACACCGCTGTGTCCCGGCCCGGCCGCGGAGAGCCCCACTTCATCGCAGTGGGCTACGTGGACGACACGCAGTTCGTGCGGTTCGACAGCGACGCCGCGAGTCCAAGAGGGGAGCCGCGGGCGCCGTGGGTGGAGCAGGAGGGGCCGGAGTATTGGGACCGGGAGACACAGAACTACAAGCGCCAGGCACAGACTGACCGAGTGAACCTGCGGAAACTGCGCGGCTACTACAACCAGAGCGAGGCCG,GGTCTCACACCCTCCAGTGGATGTATGGCTGCGACCTGGGGCCCGACGGGCGCCTCCTCCGCGGGCATGACCAGTTAGCCTACGACGGCAAGGATTACATCGCCCTGAACGAGGACCTGCGCTCCTGGACCGCCGCGGACACGGCGGCTCAGATCACCCAGCGCAAGTGGGAGGCGGCCCGTGAGGCGGAGCAGCTGAGAGCCTACCTGGAGGGCACGTGCGTGGAGTGGCTCCGCAGATACCTGGAGAACGGGAAGGAGACGCTGCAGCGCGCGG
C*15:59,GCTCCCACTCCATGAGGTATTTCTACACCGCTGTGTCCCGGCCCGGCCGCGGAGAGCCCCACTTCATCGCAGTGGGCTACGTGGACGACACGCAGTTCGTGCGGTTCGACAGCGACGCCGCGAGTCCAAGAGGGGAGCCGCGGGCGCCGTGGGTGGAGCAGGAGGGGCCGGAGTATTGGGACCGGGAGACACAGAACTACAAGCGCCAGGCACAGACTGACCGAGTGAACCTGCGGAAACTGCGCGGCTACTACAACCAGAGCGAGGCCG,GGTCTCACATCATCCAGAGGATGTATGGCTGCGACCTGGGGCCCGACGGGCGCCTCCTCCGCGGGCATGACCAGTTCGCCTACGACGGCAGGGATTACATCGCCCTGAACGAGGACCTGCGCTCCTGGACCGCCGCGGACACGGCGGCTCAGATCACCCAGCGCAAGTGGGAGGCGGCCCGTGAGGCGGAGCAGCTGAGAGCCTACCTGGAGGGCACGTGCGTGGAGTGGCTCCGCAGATACCTGGAGAACGGGAAGGAGACGCTGCAGCGCGCGG
C*15:60,GCTCCCACTCCATGAGGTATTTCTACACCGCTGTGTCCCGGCCCGGCCGCGGAGAGCCCCACTTCATCGCAGTGGGCTACGTGGACGACACGCAGTTCGTGCGGTTCGACAGCGACGCCGCGAGTCCAAGAGGGGAGCCGCGGGCGCCGTGGGTGGAGCAGGAGGGGCCGGAGTATTGGGACCGGGAGACACAGAACTACAAGCGCCAGGCACAGACTGACCGAGTGAACCTGCGGCAACTGCGCGGCTACTACAACCAGAGCGAGGCCG,GGTCTCACATCATCCAGAGGATGTATGGCTGCGACCTGGGGCCCGACGGGCGCCTCCTCCGCGGGCATGACCAGTTAGCCTACGACGGCAAGGATTACATCGCCCTGAACGAGGACCTGCGCTCCTGGACCGCCGCGGACACGGCGGCTCAGATCACCCAGCGCAAGTGGGAGGCGGCCCGTGAGGCGGAGCAGCTGAGAGCCTACCTGGAGGGCACGTGCGTGGAGTGGCTCCGCAGATACCTGGAGAACGGGAAGGAGACGCTGCAGCGCGCGG
C*15:61,GCTCCCACTCCATGAGGTATTTCTACGCCGCTGTGTCCCGGCCCGGCCGCGGAGAGCCCCACTTCATCGCAGTGGGCTACGTGGACGACACGCAGTTCGTGCGGTTCGACAGCGACGCCGCGAGTCCAAGAGGGGAGCCGCGGGCGCCGTGGGTGGAGCAGGAGGGGCCGGAGTATTGGGACCGGGAGACACAGAACTACAAGCGCCAGGCACAGACTGACCGAGTGAACCTGCGGAAACTGCGCGGCTACTACAACCAGAGCGAGGCCG,GGTCTCACATCATCCAGAGGATGTATGGCTGCGACCTGGGGCCCGACGGGCGCCTCCTCCGCGGGCATGACCAGTCCGCCTACGACGGCAAGGATTACATCGCCCTGAACGAGGACCTGCGCTCCTGGACCGCCGCGGACACGGCGGCTCAGATCACCCAGCGCAAGTGGGAGGCGGCCCGTGAGGCGGAGCAGCTGAGAGCCTACCTGGAGGGCACGTGCGTGGAGTGGCTCCGCAGATACCTGGAGAACGGGAAGGAGACGCTGCAGCGCGCGG
C*15:62,GCTCCCACTCCATGAGGTATTTCTACACCGCTGTGTCCCGGCCCGGCCGCGGAGAGCCCCACTTCATCGCAGTGGGCTACGTGGACGACACGCAGTTCGTGCGGTTCGACAGCGACGCCGCGAGTCCAAGAGGGGAGCCGCGGGCGCCGTGGGTGGAGCAGGAGGGGCCGGAGTATTGGGACCGGGAGACACAGAACTACAAGCGCCAGGCACAGACTGACCGAGTGAACCTGCGGAAACTGCGCGGCTACTACAACCAGAGCGAGGACG,GGTCTCACATCATCCAGAGGATGTATGGCTGCGACCTGGGGCCCGACGGGCGCCTCCTCCGCGGGCATGACCAGTTAGCCTACGACGGCAAGGATTACATCGCCCTGAACGAGGACCTGCGCTCCTGGACCGCCGCGGACACGGCGGCTCAGATCACCCAGCGCAAGTGGGAGGCGGCCCGTGAGGCGGAGCAGCTGAGAGCCTACCTGGAGGGCACGTGCGTGGAGTGGCTCCGCAGATACCTGGAGAACGGGAAGGAGACGCTGCAGCGCGCGG
C*15:63,GCTCCCACTCCATGAGGTATTTCGACACCGCCGTGTCCCGGCCCGGCCGCGGAGAGCCCCGCTTCATCTCAGTGGGCTACGTGGACGACACGCAGTTCGTGCGGTTCGACAGCGACGCCGCGAGTCCAAGAGGGGAGCCGCGGGCGCCGTGGGTGGAGCAGGAGGGGCCGGAGTATTGGGACCGGGAGACACAGAACTACAAGCGCCAGGCACAGACTGACCGAGTGAACCTGCGGAAACTGCGCGGCTACTACAACCAGAGCGAGGCCG,GGTCTCACATCATCCAGAGGATGTATGGCTGCGACCTGGGGCCCGACGGGCGCCTCCTCCGCGGGCATGACCAGTTAGCCTACGACGGCAAGGATTACATCGCCCTGAACGAGGACCTGCGCTCCTGGACCGCCGCGGACACGGCGGCTCAGATCACCCAGCGCAAGTGGGAGGCGGCCCGTGAGGCGGAGCAGCTGAGAGCCTACCTGGAGGGCACGTGCGTGGAGTGGCTCCGCAGATACCTGGAGAACGGGAAGGAGACGCTGCAGCGCGCGG
C*15:64,GCTCCCACTCCATGAGGTATTTCTACACCGCTGTGTCCCGGCCCGGCCGCGGAGAGCCCCACTTCATCGCAGTGGGCTACGTGGACGACACGCAGTTCGTGCGGTTCGACAGCGACGCCGCGAGTCCAAGAGGGGAGCCGCGGGCGCCGTGGGTGGAGCAGGAGGGGCCGGAGTATTGGGACCGGGAGACACAGAACTACAAGCGCCAGGCACAGACTGACCGAGTGAACCTGCGGAAACTGCGCGGCTACTACAACCAGAGCGAGGCCG,GGTCTCACATCATCCAGAGGATGTATGGCTGCGACCTGGGGCCCGACGGGCGCCTCCTCCGCTGGCATGACCAGTTAGCCTACGACGGCAAGGATTACATCGCCCTGAACGAGGACCTGCGCTCCTGGACCGCCGCGGACACGGCGGCTCAGATCACCCAGCGCAAGTGGGAGGCGGCCCGTGAGGCGGAGCAGCTGAGAGCCTACCTGGAGGGCACGTGCGTGGAGTGGCTCCGCAGATACCTGGAGAACGGGAAGGAGACGCTGCAGCGCGCGG
C*16:01:01,GCTCCCACTCCATGAGGTATTTCTACACCGCCGTGTCCCGGCCCGGCCGCGGAGAGCCCCGCTTCATCGCAGTGGGCTACGTGGACGACACGCAGTTCGTGCGGTTCGACAGCGACGCCGCGAGTCCAAGAGGGGAGCCGCGGGCGCCGTGGGTGGAGCAGGAGGGGCCGGAGTATTGGGACCGGGAGACACAGAAGTACAAGCGCCAGGCACAGACTGACCGAGTGAGCCTGCGGAACCTGCGCGGCTACTACAACCAGAGCGAGGCCG,GGTCTCACACCCTCCAGTGGATGTATGGCTGCGACCTGGGGCCCGACGGGCGCCTCCTCCGCGGGTATGACCAGTCCGCCTACGACGGCAAGGATTACATCGCCCTGAACGAGGACCTGCGCTCCTGGACCGCCGCGGACACGGCGGCTCAGATCACCCAGCGCAAGTGGGAGGCGGCCCGTGCGGCGGAGCAGCAGAGAGCCTACCTGGAGGGCACGTGCGTGGAGTGGCTCCGCAGATACCTGGAGAACGGGAAGGAGACGCTGCAGCGCGCGG
C*16:01:02,GCTCCCACTCCATGAGGTATTTCTACACCGCCGTGTCCCGGCCCGGCCGCGGAGAGCCCCGCTTCATCGCAGTGGGCTACGTGGACGACACGCAGTTCGTGCGGTTCGACAGCGACGCCGCGAGTCCGAGAGGGGAGCCGCGGGCGCCGTGGGTGGAGCAGGAGGGGCCGGAGTATTGGGACCGGGAGACACAGAAGTACAAGCGCCAGGCACAGACTGACCGAGTGAGCCTGCGGAACCTGCGCGGCTACTACAACCAGAGCGAGGCCG,GGTCTCACACCCTCCAGTGGATGTATGGCTGCGACCTGGGGCCCGACGGGCGCCTCCTCCGCGGGTATGACCAGTCCGCCTACGACGGCAAGGATTACATCGCCCTGAACGAGGACCTGCGCTCCTGGACCGCCGCGGACACGGCGGCTCAGATCACCCAGCGCAAGTGGGAGGCGGCCCGTGCGGCGGAGCAGCAGAGAGCCTACCTGGAGGGCACGTGCGTGGAGTGGCTCCGCAGATACCTGGAGAACGGGAAGGAGACGCTGCAGCGCGCGG
C*16:01:03,GCTCCCACTCCATGAGGTATTTCTACACCGCCGTGTCCCGGCCCGGCCGCGGAGAGCCCCGCTTCATCGCAGTGGGCTACGTGGACGACACGCAGTTCGTGCGGTTCGACAGCGACGCCGCGAGTCCAAGAGGGGAGCCGCGGGCGCCGTGGGTGGAGCAGGAGGGGCCGGAGTATTGGGACCGAGAGACACAGAAGTACAAGCGCCAGGCACAGACTGACCGAGTGAGCCTGCGGAACCTGCGCGGCTACTACAACCAGAGCGAGGCCG,GGTCTCACACCCTCCAGTGGATGTATGGCTGCGACCTGGGGCCCGACGGGCGCCTCCTCCGCGGGTATGACCAGTCCGCCTACGACGGCAAGGATTACATCGCCCTGAACGAGGACCTGCGCTCCTGGACCGCCGCGGACACGGCGGCTCAGATCACCCAGCGCAAGTGGGAGGCGGCCCGTGCGGCGGAGCAGCAGAGAGCCTACCTGGAGGGCACGTGCGTGGAGTGGCTCCGCAGATACCTGGAGAACGGGAAGGAGACGCTGCAGCGCGCGG
C*16:01:04,GCTCCCACTCCATGAGGTATTTCTACACCGCCGTGTCCCGGCCCGGCCGCGGAGAGCCCCGCTTCATCGCAGTGGGCTACGTGGACGACACGCAGTTCGTGCGGTTCGACAGCGACGCCGCGAGTCCAAGAGGGGAGCCGCGGGCTCCGTGGGTGGAGCAGGAGGGGCCGGAGTATTGGGACCGGGAGACACAGAAGTACAAGCGCCAGGCACAGACTGACCGAGTGAGCCTGCGGAACCTGCGCGGCTACTACAACCAGAGCGAGGCCG,GGTCTCACACCCTCCAGTGGATGTATGGCTGCGACCTGGGGCCCGACGGGCGCCTCCTCCGCGGGTATGACCAGTCCGCCTACGACGGCAAGGATTACATCGCCCTGAACGAGGACCTGCGCTCCTGGACCGCCGCGGACACGGCGGCTCAGATCACCCAGCGCAAGTGGGAGGCGGCCCGTGCGGCGGAGCAGCAGAGAGCCTACCTGGAGGGCACGTGCGTGGAGTGGCTCCGCAGATACCTGGAGAACGGGAAGGAGACGCTGCAGCGCGCGG
C*16:01:05,GCTCCCACTCCATGAGGTATTTCTACACCGCCGTGTCCCGGCCCGGCCGCGGAGAGCCCCGCTTCATCGCAGTGGGCTACGTGGACGACACGCAGTTCGTGCGGTTCGACAGCGACGCCGCGAGTCCAAGAGGGGAGCCGCGGGCGCCGTGGGTGGAGCAGGAGGGGCCGGAGTATTGGGACCGGGAGACACAGAAGTACAAGCGCCAGGCACAGACTGACCGAGTGAGCCTGCGGAACCTGCGCGGCTACTACAACCAGAGCGAGGCCG,GGTCTCACACCCTACAGTGGATGTATGGCTGCGACCTGGGGCCCGACGGGCGCCTCCTCCGCGGGTATGACCAGTCCGCCTACGACGGCAAGGATTACATCGCCCTGAACGAGGACCTGCGCTCCTGGACCGCCGCGGACACGGCGGCTCAGATCACCCAGCGCAAGTGGGAGGCGGCCCGTGCGGCGGAGCAGCAGAGAGCCTACCTGGAGGGCACGTGCGTGGAGTGGCTCCGCAGATACCTGGAGAACGGGAAGGAGACGCTGCAGCGCGCGG
C*16:01:06,GCTCCCACTCCATGAGGTATTTCTACACCGCCGTGTCCCGGCCCGGCCGCGGAGAGCCCCGCTTCATCGCAGTGGGCTACGTGGACGACACGCAGTTCGTGCGGTTCGACAGCGACGCCGCGAGTCCAAGAGGGGAGCCGCGGGCGCCGTGGGTGGAGCAGGAGGGGCCGGAGTATTGGGACCGGGAGACACAGAAGTACAAGCGCCAGGCACAGACTGACCGAGTGAGCCTGCGGAACCTGCGCGGCTACTACAACCAGAGCGAGGCCG,GGTCTCACACCCTCCAGTGGATGTATGGCTGCGACCTGGGGCCCGACGGGCGCCTCCTCCGCGGGTATGACCAGTCCGCCTACGACGGCAAGGATTACATCGCCCTGAACGAGGATCTGCGCTCCTGGACCGCCGCGGACACGGCGGCTCAGATCACCCAGCGCAAGTGGGAGGCGGCCCGTGCGGCGGAGCAGCAGAGAGCCTACCTGGAGGGCACGTGCGTGGAGTGGCTCCGCAGATACCTGGAGAACGGGAAGGAGACGCTGCAGCGCGCGG
C*16:01:07,GCTCCCACTCCATGAGGTATTTCTACACCGCCGTGTCCCGGCCCGGCCGCGGAGAGCCCCGCTTCATCGCAGTGGGCTACGTGGACGACACGCAGTTCGTGCGGTTCGACAGCGACGCCGCGAGTCCAAGAGGGGAGCCGCGGGCGCCGTGGGTGGAGCAGGAGGGGCCGGAGTATTGGGACCGGGAGACACAGAAGTACAAGCGCCAGGCACAGACTGACCGAGTGAGCCTGCGGAACCTGCGCGGCTACTACAACCAGAGCGAGGCTG,GGTCTCACACCCTCCAGTGGATGTATGGCTGCGACCTGGGGCCCGACGGGCGCCTCCTCCGCGGGTATGACCAGTCCGCCTACGACGGCAAGGATTACATCGCCCTGAACGAGGACCTGCGCTCCTGGACCGCCGCGGACACGGCGGCTCAGATCACCCAGCGCAAGTGGGAGGCGGCCCGTGCGGCGGAGCAGCAGAGAGCCTACCTGGAGGGCACGTGCGTGGAGTGGCTCCGCAGATACCTGGAGAACGGGAAGGAGACGCTGCAGCGCGCGG
C*16:01:08,GCTCCCACTCCATGAGGTACTTCTACACCGCCGTGTCCCGGCCCGGCCGCGGAGAGCCCCGCTTCATCGCAGTGGGCTACGTGGACGACACGCAGTTCGTGCGGTTCGACAGCGACGCCGCGAGTCCAAGAGGGGAGCCGCGGGCGCCGTGGGTGGAGCAGGAGGGGCCGGAGTATTGGGACCGGGAGACACAGAAGTACAAGCGCCAGGCACAGACTGACCGAGTGAGCCTGCGGAACCTGCGCGGCTACTACAACCAGAGCGAGGCCG,GGTCTCACACCCTCCAGTGGATGTATGGCTGCGACCTGGGGCCCGACGGGCGCCTCCTCCGCGGGTATGACCAGTCCGCCTACGACGGCAAGGATTACATCGCCCTGAACGAGGACCTGCGCTCCTGGACCGCCGCGGACACGGCGGCTCAGATCACCCAGCGCAAGTGGGAGGCGGCCCGTGCGGCGGAGCAGCAGAGAGCCTACCTGGAGGGCACGTGCGTGGAGTGGCTCCGCAGATACCTGGAGAACGGGAAGGAGACGCTGCAGCGCGCGG
C*16:01:09,GCTCCCACTCCATGAGGTATTTCTACACCGCCGTGTCCCGGCCCGGCCGCGGAGAGCCCCGCTTCATCGCAGTGGGCTACGTGGACGACACGCAGTTCGTGCGGTTCGACAGCGACGCCGCGAGTCCAAGAGGGGAGCCGCGGGCGCCGTGGGTGGAGCAGGAGGGGCCGGAGTATTGGGACCGGGAGACACAGAAGTACAAACGCCAGGCACAGACTGACCGAGTGAGCCTGCGGAACCTGCGCGGCTACTACAACCAGAGCGAGGCCG,GGTCTCACACCCTCCAGTGGATGTATGGCTGCGACCTGGGGCCCGACGGGCGCCTCCTCCGCGGGTATGACCAGTCCGCCTACGACGGCAAGGATTACATCGCCCTGAACGAGGACCTGCGCTCCTGGACCGCCGCGGACACGGCGGCTCAGATCACCCAGCGCAAGTGGGAGGCGGCCCGTGCGGCGGAGCAGCAGAGAGCCTACCTGGAGGGCACGTGCGTGGAGTGGCTCCGCAGATACCTGGAGAACGGGAAGGAGACGCTGCAGCGCGCGG
C*16:01:10,GCTCCCACTCCATGAGGTATTTCTACACCGCCGTGTCCCGGCCCGGCCGCGGAGAGCCCCGCTTCATCGCAGTGGGCTACGTGGACGACACGCAGTTCGTGCGGTTCGACAGCGACGCCGCGAGTCCAAGAGGGGAGCCGCGGGCGCCGTGGGTGGAGCAGGAGGGGCCGGAGTATTGGGACCGGGAGACACAGAAGTACAAGCGCCAGGCACAGACTGACCGAGTGAGCCTGCGGAACCTGCGCGGCTACTACAACCAGAGCGAGGCCG,GGTCTCACACCCTCCAGTGGATGTATGGCTGCGACCTGGGGCCCGACGGGCGCCTCCTCCGCGGGTATGACCAGTCCGCCTACGACGGCAAGGATTACATCGCCCTGAACGAGGACCTGCGCTCCTGGACCGCCGCGGACACGGCGGCTCAGATAACCCAGCGCAAGTGGGAGGCGGCCCGTGCGGCGGAGCAGCAGAGAGCCTACCTGGAGGGCACGTGCGTGGAGTGGCTCCGCAGATACCTGGAGAACGGGAAGGAGACGCTGCAGCGCGCGG
C*16:01:11,GCTCCCACTCCATGAGGTATTTCTACACCGCCGTGTCCCGGCCCGGCCGCGGAGAGCCCCGCTTCATCGCAGTGGGCTACGTGGACGACACGCAGTTCGTGCGGTTCGACAGCGACGCCGCGAGTCCAAGAGGGGAGCCGCGGGCGCCGTGGGTGGAGCAGGAGGGGCCGGAGTATTGGGACCGGGAGACACAGAAGTACAAGCGCCAGGCACAGACTGACCGAGTGAGCCTGCGGAACCTGCGCGGCTACTACAACCAGAGCGAGGCCG,GGTCTCACACCCTCCAGTGGATGTATGGCTGCGACCTGGGGCCCGACGGGCGCCTCCTCCGCGGGTATGACCAGTCCGCCTACGACGGCAAGGATTACATCGCCCTGAACGAGGACCTGCGCTCCTGGACCGCCGCGGACACGGCGGCTCAGATCACCCAGCGCAAGTGGGAGGCGGCCCGTGCGGCGGAGCAGCAGAGAGCCTACCTGGAGGGCACGTGCGTGGAGTGGCTCCGCAGATATCTGGAGAACGGGAAGGAGACGCTGCAGCGCGCGG
C*16:02:01G,GCTCCCACTCCATGAGGTATTTCTACACCGCCGTGTCCCGGCCCGGCCGCGGAGAGCCCCGCTTCATCGCAGTGGGCTACGTGGACGACACGCAGTTCGTGCGGTTCGACAGCGACGCCGCGAGTCCAAGAGGGGAGCCGCGGGCGCCGTGGGTGGAGCAGGAGGGGCCGGAGTATTGGGACCGGGAGACACAGAAGTACAAGCGCCAGGCACAGACTGACCGAGTGAACCTGCGGAAACTGCGCGGCTACTACAACCAGAGCGAGGCCG,GGTCTCACACCCTCCAGTGGATGTATGGCTGCGACCTGGGGCCCGACGGGCGCCTCCTCCGCGGGTATGACCAGTCCGCCTACGACGGCAAGGATTACATCGCCCTGAACGAGGACCTGCGCTCCTGGACCGCCGCGGACACGGCGGCTCAGATCACCCAGCGCAAGTGGGAGGCGGCCCGTGCGGCGGAGCAGCAGAGAGCCTACCTGGAGGGCACGTGCGTGGAGTGGCTCCGCAGATACCTGGAGAACGGGAAGGAGACGCTGCAGCGCGCGG
C*16:02:02,GCTCCCACTCCATGAGGTATTTCTACACCGCCGTGTCCCGGCCCGGCCGCGGGGAGCCCCGCTTCATCGCAGTGGGCTACGTGGACGACACGCAGTTCGTGCGGTTCGACAGCGACGCCGCGAGTCCAAGAGGGGAGCCGCGGGCGCCGTGGGTGGAGCAGGAGGGGCCGGAGTATTGGGACCGGGAGACACAGAAGTACAAGCGCCAGGCACAGACTGACCGAGTGAACCTGCGGAAACTGCGCGGCTACTACAACCAGAGCGAGGCCG,GGTCTCACACCCTCCAGTGGATGTATGGCTGCGACCTGGGGCCCGACGGGCGCCTCCTCCGCGGGTATGACCAGTCCGCCTACGACGGCAAGGATTACATCGCCCTGAACGAGGACCTGCGCTCCTGGACCGCCGCGGACACGGCGGCTCAGATCACCCAGCGCAAGTGGGAGGCGGCCCGTGCGGCGGAGCAGCAGAGAGCCTACCTGGAGGGCACGTGCGTGGAGTGGCTCCGCAGATACCTGGAGAACGGGAAGGAGACGCTGCAGCGCGCGG
C*16:02:03,GCTCCCACTCCATGAGGTATTTCTACACCGCCGTGTCCCGGCCCGGCCGCGGAGAGCCCCGCTTCATCGCAGTGGGCTACGTGGACGACACGCAGTTCGTGCGGTTCGACAGCGACGCCGCGAGTCCAAGAGGGGAGCCGCGGGCGCCGTGGGTGGAGCAGGAGGGGCCGGAGTATTGGGACCGGGAGACACAGAAGTACAAGCGCCAGGCACAGACTGACCGAGTGAACCTGCGGAAACTGCGCGGCTACTACAACCAGAGCGAGGCCG,GGTCTCACACCCTCCAGTGGATGTATGGCTGCGACCTGGGGCCCGACGGGCGCCTCCTCCGCGGGTATGACCAGTCCGCCTACGACGGCAAGGATTACATCGCCCTGAACGAGGACCTGCGCTCCTGGACCGCCGCGGACACCGCGGCTCAGATCACCCAGCGCAAGTGGGAGGCGGCCCGTGCGGCGGAGCAGCAGAGAGCCTACCTGGAGGGCACGTGCGTGGAGTGGCTCCGCAGATACCTGGAGAACGGGAAGGAGACGCTGCAGCGCGCGG
C*16:02:04,GCTCCCACTCCATGAGGTATTTCTACACCGCCGTGTCCCGGCCCGGCCGCGGAGAGCCCCGCTTCATCGCAGTGGGCTACGTGGACGACACGCAGTTCGTGCGGTTCGACAGCGACGCCGCGAGTCCAAGAGGGGAGCCGCGGGCGCCGTGGGTGGAGCAGGAGGGGCCGGAGTATTGGGACCGGGAGACACAGAAGTACAAGCGCCAGGCACAGACTGACCGAGTGAACCTGCGGAAACTGCGCGGCTACTACAACCAGAGCGAGGCCG,GGTCTCATACCCTCCAGTGGATGTATGGCTGCGACCTGGGGCCCGACGGGCGCCTCCTCCGCGGGTATGACCAGTCCGCCTACGACGGCAAGGATTACATCGCCCTGAACGAGGACCTGCGCTCCTGGACCGCCGCGGACACGGCGGCTCAGATCACCCAGCGCAAGTGGGAGGCGGCCCGTGCGGCGGAGCAGCAGAGAGCCTACCTGGAGGGCACGTGCGTGGAGTGGCTCCGCAGATACCTGGAGAACGGGAAGGAGACGCTGCAGCGCGCGG
C*16:02:05,GCTCCCACTCCATGAGGTATTTCTACACCGCCGTGTCCCGGCCCGGCCGCGGAGAGCCCCGCTTCATCGCAGTGGGCTACGTGGACGACACGCAGTTCGTGCGGTTCGACAGCGACGCCGCGAGTCCAAGAGGGGAGCCGCGGGCGCCGTGGGTGGAGCAGGAGGGGCCGGAGTATTGGGACCGGGAGACACAGAAGTACAAGCGCCAGGCACAGACTGACCGAGTGAACCTGCGGAAACTGCGCGGCTACTACAACCAGAGCGAGGCCG,GGTCTCACACCCTCCAGTGGATGTATGGCTGCGACCTGGGGCCCGACGGGCGCCTCCTCCGCGGGTATGACCAGTCCGCCTACGACGGCAAGGATTACATCGCCCTGAATGAGGACCTGCGCTCCTGGACCGCCGCGGACACGGCGGCTCAGATCACCCAGCGCAAGTGGGAGGCGGCCCGTGCGGCGGAGCAGCAGAGAGCCTACCTGGAGGGCACGTGCGTGGAGTGGCTCCGCAGATACCTGGAGAACGGGAAGGAGACGCTGCAGCGCGCGG
C*16:02:07,GCTCCCACTCCATGAGGTATTTCTACACCGCCGTGTCCCGGCCCGGCCGCGGAGAGCCCCGCTTCATCGCAGTGGGCTACGTGGACGACACGCAGTTCGTACGGTTCGACAGCGACGCCGCGAGTCCAAGAGGGGAGCCGCGGGCGCCGTGGGTGGAGCAGGAGGGGCCGGAGTATTGGGACCGGGAGACACAGAAGTACAAGCGCCAGGCACAGACTGACCGAGTGAACCTGCGGAAACTGCGCGGCTACTACAACCAGAGCGAGGCCG,GGTCTCACACCCTCCAGTGGATGTATGGCTGCGACCTGGGGCCCGACGGGCGCCTCCTCCGCGGGTATGACCAGTCCGCCTACGACGGCAAGGATTACATCGCCCTGAACGAGGACCTGCGCTCCTGGACCGCCGCGGACACGGCGGCTCAGATCACCCAGCGCAAGTGGGAGGCGGCCCGTGCGGCGGAGCAGCAGAGAGCCTACCTGGAGGGCACGTGCGTGGAGTGGCTCCGCAGATACCTGGAGAACGGGAAGGAGACGCTGCAGCGCGCGG
C*16:02:08,GCTCCCACTCCATGAGGTATTTCTACACCGCCGTATCCCGGCCCGGCCGCGGAGAGCCCCGCTTCATCGCAGTGGGCTACGTGGACGACACGCAGTTCGTGCGGTTCGACAGCGACGCCGCGAGTCCAAGAGGGGAGCCGCGGGCGCCGTGGGTGGAGCAGGAGGGGCCGGAGTATTGGGACCGGGAGACACAGAAGTACAAGCGCCAGGCACAGACTGACCGAGTGAACCTGCGGAAACTGCGCGGCTACTACAACCAGAGCGAGGCCG,GGTCTCACACCCTCCAGTGGATGTATGGCTGCGACCTGGGGCCCGACGGGCGCCTCCTCCGCGGGTATGACCAGTCCGCCTACGACGGCAAGGATTACATCGCCCTGAACGAGGACCTGCGCTCCTGGACCGCCGCGGACACGGCGGCTCAGATCACCCAGCGCAAGTGGGAGGCGGCCCGTGCGGCGGAGCAGCAGAGAGCCTACCTGGAGGGCACGTGCGTGGAGTGGCTCCGCAGATACCTGGAGAACGGGAAGGAGACGCTGCAGCGCGCGG
C*16:02:09,GCTCCCACTCCATGAGGTATTTCTACACCGCCGTGTCCCGGCCCGGCCGCGGAGAGCCCCGCTTCATCGCAGTGGGCTACGTGGACGACACGCAGTTTGTGCGGTTCGACAGCGACGCCGCGAGTCCAAGAGGGGAGCCGCGGGCGCCGTGGGTGGAGCAGGAGGGGCCGGAGTATTGGGACCGGGAGACACAGAAGTACAAGCGCCAGGCACAGACTGACCGAGTGAACCTGCGGAAACTGCGCGGCTACTACAACCAGAGCGAGGCCG,GGTCTCACACCCTCCAGTGGATGTATGGCTGCGACCTGGGGCCCGACGGGCGCCTCCTCCGCGGGTATGACCAGTCCGCCTACGACGGCAAGGATTACATCGCCCTGAACGAGGACCTGCGCTCCTGGACCGCCGCGGACACGGCGGCTCAGATCACCCAGCGCAAGTGGGAGGCGGCCCGTGCGGCGGAGCAGCAGAGAGCCTACCTGGAGGGCACGTGCGTGGAGTGGCTCCGCAGATACCTGGAGAACGGGAAGGAGACGCTGCAGCGCGCGG
C*16:04:01,GCTCCCACTCCATGAGGTATTTCTACACCGCCGTGTCCCGGCCCGGCCGCGGAGAGCCCCGCTTCATCGCAGTGGGCTACGTGGACGACACGCAGTTCGTGCGGTTCGACAGCGACGCCGCGAGTCCAAGAGGGGAGCCGCGGGCGCCGTGGGTGGAGCAGGAGGGGCCGGAGTATTGGGACCGGGAGACACAGAAGTACAAGCGCCAGGCACAGACTGACCGAGTGAGCCTGCGGAACCTGCGCGGCTACTACAACCAGAGCGAGGCCG,GGTCTCACACCCTCCAGTGGATGTATGGCTGCGACCTGGGGCCCGACGGGCGCCTCCTCCGCGGGTATGACCAGTCCGCCTACGACGGCAAGGATTACATCGCCCTGAACGAGGACCTGCGCTCCTGGACCGCCGCGGACACGGCGGCTCAGATCACCCAGCGCAAGTGGGAGGCGGCCCGTGCGGCGGAGCAGTGGAGAGCCTACCTGGAGGGCACGTGCGTGGAGTGGCTCCGCAGATACCTGGAGAACGGGAAGGAGACGCTGCAGCGCGCGG
C*16:06,GCTCCCACTCCATGAGGTATTTCTACACCGCCGTGTCCCGGCCCGGCCGCGGAGAGCCCCGCTTCATCGCAGTGGGCTACGTGGACGACACGCAGTTCGTGCGGTTCGACAGCGACGCCGCGAGTCCAAGAGGGGAGCCGCGGGCGCCGTGGGTGGAGCAGGAGGGGCCGGAGTATTGGGACCGGGAGACACAGAAGTACAAGCGCCAGGCACAGACTGACCGAGTGAGCCTGCGGAACCTGCGCGGCTACTACAACCAGAGCGAGGCCG,GGTCTCACACCCTCCAGAGGATGTCTGGCTGCGACCTGGGGCCCGACGGGCGCCTCCTCCGCGGGTATGACCAGTCCGCCTACGACGGCAAGGATTACATCGCCCTGAACGAGGACCTGCGCTCCTGGACCGCCGCGGACACGGCGGCTCAGATCACCCAGCGCAAGTGGGAGGCGGCCCGTGCGGCGGAGCAGCAGAGAGCCTACCTGGAGGGCACGTGCGTGGAGTGGCTCCGCAGATACCTGGAGAACGGGAAGGAGACGCTGCAGCGCGCGG
C*16:07:01,GCTCCCACTCCATGAGGTATTTCTACACCGCCGTGTCCCGGCCCGGCCGCGGAGAGCCCCGCTTCATCGCAGTGGGCTACGTGGACGACACGCAGTTCGTGCGGTTCGACAGCGACGCCGCGAGTCCAAGAGGGGAGCCGCGGGCGCCGTGGGTGGAGCAGGAGGGGCCGGAGTATTGGGACCGGGAGACACAGAAGTACAAGCGCCAGGCACAGACTGACCGAGTGAGCCTGCGGAACCTGCGCGGCTACTACAACCAGAGCGAGGCCG,GGTCTCACACCCTCCAGAGGATGTACGGCTGCGACCTGGGGCCCGACGGGCGCCTCCTCCGCGGGTATGACCAGTCCGCCTACGACGGCAAGGATTACATCGCCCTGAACGAGGACCTGCGCTCCTGGACCGCCGCGGACACGGCGGCTCAGATCACCCAGCGCAAGTGGGAGGCGGCCCGTGCGGCGGAGCAGCAGAGAGCCTACCTGGAGGGCACGTGCGTGGAGTGGCTCCGCAGATACCTGGAGAACGGGAAGGAGACGCTGCAGCGCGCGG
C*16:07:02,GCTCCCACTCCATGAGGTATTTCTACACCGCCGTGTCCCGGCCCGGCCGCGGAGAGCCCCGCTTCATCGCAGTGGGCTACGTGGACGACACGCAGTTCGTGCGGTTCGACAGCGACGCCGCGAGTCCAAGAGGGGAGCCGCGGGCGCCGTGGGTGGAGCAGGAGGGGCCGGAGTATTGGGACCGGGAGACACAGAAGTACAAGCGCCAGGCACAGACTGACCGAGTGAGCCTGCGGAACCTGCGCGGCTACTACAACCAGAGCGAGGCCG,GGTCTCACACCCTCCAGAGGATGTATGGCTGCGACCTGGGGCCCGACGGGCGCCTCCTCCGCGGGTATGACCAGTCCGCCTACGACGGCAAGGATTACATCGCCCTGAACGAGGACCTGCGCTCCTGGACCGCCGCGGACACGGCGGCTCAGATCACCCAGCGCAAGTGGGAGGCGGCCCGTGCGGCGGAGCAGCAGAGAGCCTACCTGGAGGGCACGTGCGTGGAGTGGCTCCGCAGATACCTGGAGAACGGGAAGGAGACGCTGCAGCGCGCGG
C*16:08,GCTCCCACTCCATGAGGTATTTCTACACCGCCGTGTCCCGGCCCGGCCGCGGAGAGCCCCGCTTCATCGCAGTGGGCTACGTGGACGACACGCAGTTCGTGCGGTTCGACAGCGACGCCGCGAGTCCAAGAGGGGAGCCGCGGGCGTCGTGGGTGGAGCAGGAGGGGCCGGAGTATTGGGACCGGGAGACACAGAAGTACAAGCGCCAGGCACAGACTGACCGAGTGAGCCTGCGGAACCTGCGCGGCTACTACAACCAGAGCGAGGCCG,GGTCTCACACCCTCCAGTGGATGTATGGCTGCGACCTGGGGCCCGACGGGCGCCTCCTCCGCGGGTATGACCAGTCCGCCTACGACGGCAAGGATTACATCGCCCTGAACGAGGACCTGCGCTCCTGGACCGCCGCGGACACGGCGGCTCAGATCACCCAGCGCAAGTGGGAGGCGGCCCGTGCGGCGGAGCAGCAGAGAGCCTACCTGGAGGGCACGTGCGTGGAGTGGCTCCGCAGATACCTGGAGAACGGGAAGGAGACGCTGCAGCGCGCGG
C*16:09,GCTCCCACTCCATGAGGTATTTCTACACCGCCGTGTCCCGGCCCGGCCGCGGAGAGCCCCGCTTCATCGCAGTGGGCTACGTGGACGACACGCAGTTCGTGCGGTTCGACAGCGACGCCGCGAGTCCAAGAGGGGAGCCGCGGGCGCCGTGGGTGGAGCAGGAGGGGCCGCAGTATTGGGACCGGGAGACACAGAAGTACAAGCGCCAGGCACAGACTGACCGAGTGAACCTGCGGAAACTGCGCGGCTACTACAACCAGAGCGAGGCCG,GGTCTCACACCCTCCAGTGGATGTATGGCTGCGACCTGGGGCCCGACGGGCGCCTCCTCCGCGGGTATGACCAGTCCGCCTACGACGGCAAGGATTACATCGCCCTGAACGAGGACCTGCGCTCCTGGACCGCCGCGGACACGGCGGCTCAGATCACCCAGCGCAAGTGGGAGGCGGCCCGTGCGGCGGAGCAGCAGAGAGCCTACCTGGAGGGCACGTGCGTGGAGTGGCTCCGCAGATACCTGGAGAACGGGAAGGAGACGCTGCAGCGCGCGG
C*16:10,GCTCCCACTCCATGAGGTATTTCTACACCGCCGTGTCCCGGCCCGGCCGCGGAGAGCCCCGCTTCATCGCAGTGGGCTACGTGGACGACACGCAGTTCGTGCGGTTCGACAGCGACGCCGCGAGTCCAAGAGGGGAGCCGCGGGCGCCGTGGGTGGAGCAGGAGGGGCCGGAGTATTGGGACCGGGAGACACAGAAGTACAAGCGCCAGGCACAGACTGACCGAGTGAGCCTGCGGAACCTGCGCGGCTACTACAACCAGAGCGAGGCCG,GGTCTCACACCCTCCAGTGGATGTATGGCTGCGACCTGGGGCCCGACGGGCGCCTCCTCCGCGGGTATGACCAGGACGCCTACGACGGCAAGGATTACATCGCCCTGAACGAGGACCTGCGCTCCTGGACCGCCGCGGACACGGCGGCTCAGATCACCCAGCGCAAGTGGGAGGCGGCCCGTGCGGCGGAGCAGCAGAGAGCCTACCTGGAGGGCACGTGCGTGGAGTGGCTCCGCAGATACCTGGAGAACGGGAAGGAGACGCTGCAGCGCGCGG
C*16:11,GCTCCCACTCCATGAGGTATTTCTACACCGCCGTGTCCCAGCCCGGCCGCGGAGAGCCCCGCTTCATCGCAGTGGGCTACGTGGACGACACGCAGTTCGTGCGGTTCGACAGCGACGCCGCGAGTCCAAGAGGGGAGCCGCGGGCGCCGTGGGTGGAGCAGGAGGGGCCGGAGTATTGGGACCGGGAGACACAGAAGTACAAGCGCCAGGCACAGACTGACCGAGTGAGCCTGCGGAACCTGCGCGGCTACTACAACCAGAGCGAGGCCG,GGTCTCACACCCTCCAGTGGATGTATGGCTGCGACCTGGGGCCCGACGGGCGCCTCCTCCGCGGGTATGACCAGTCCGCCTACGACGGCAAGGATTACATCGCCCTGAACGAGGACCTGCGCTCCTGGACCGCCGCGGACACGGCGGCTCAGATCACCCAGCGCAAGTGGGAGGCGGCCCGTGCGGCGGAGCAGCAGAGAGCCTACCTGGAGGGCACGTGCGTGGAGTGGCTCCGCAGATACCTGGAGAACGGGAAGGAGACGCTGCAGCGCGCGG
C*16:12,GCTCCCACTCCATGAGGTATTTCTACACCGCCGTGTCCCGGCCCGGCCGCGGAGAGCCCCGCTTCATCGCAGTGGGCTACGTGGACGACACGCAGTTCGTGCGGTTCGACAGCGACGCCGCGAGTCCAAGAGGGGAGCCGCGGGCGCCGTGGGTGGAGCAGGAGGGGCCGGAGTATTGGGACGGGGAGACACAGAAGTACAAGCGCCAGGCACAGACTGACCGAGTGAACCTGCGGAAACTGCGCGGCTACTACAACCAGAGCGAGGCCG,GGTCTCACACCCTCCAGTGGATGTATGGCTGCGACCTGGGGCCCGACGGGCGCCTCCTCCGCGGGTATGACCAGTCCGCCTACGACGGCAAGGATTACATCGCCCTGAACGAGGACCTGCGCTCCTGGACCGCCGCGGACACGGCGGCTCAGATCACCCAGCGCAAGTGGGAGGCGGCCCGTGCGGCGGAGCAGCAGAGAGCCTACCTGGAGGGCACGTGCGTGGAGTGGCTCCGCAGATACCTGGAGAACGGGAAGGAGACGCTGCAGCGCGCGG
C*16:13,GCTCCCACTCCATGAGGTATTTCTACACCGCCGTGTCCCGGCCCGGCCGCGGAGAGCCCCGCTTCATCGCAGTGGGCTACGTGGACGACACGCAGTTCGTGCGGTTCGACAGCGACGCCGCGAGTCCAAGAGGGGAGCCGCGGGCGCCGTGGGTGGAGCAGGAGGGGCCGGAGTATTGGGACCGGGAGACACAGAAGTACAAGCGCCAGGCACAGACTGACCGAGTGAGCCTGCGGAACCTGCGCGGCTACTACAACCAGAGCGAGGCCG,GGTCTCACACCCTCCAGTGGATGTATGGCTGCGACCTGGGGTCCGACGGGCGCCTCCTCCGCGGGTATGACCAGTCCGCCTACGACGGCAAGGATTACATCGCCCTGAACGAGGACCTGCGCTCCTGGACCGCCGCGGACACGGCGGCTCAGATCACCCAGCGCAAGTGGGAGGCGGCCCGTGCGGCGGAGCAGCAGAGAGCCTACCTGGAGGGCACGTGCGTGGAGTGGCTCCGCAGATACCTGGAGAACGGGAAGGAGACGCTGCAGCGCGCGG
C*16:14,GCTCCCACTCCATGAGGTATTTCTACACCGCCGTGTCCCGGCCCGGCCGCGGAGAGCCCCGCTTCATCGCAGTGGGCTACGTGGACGACACGCAGTTCGTGCGGTTCGACAGCGACGCCGCGAGTCCAAGAGGGGAGCCGTGGGCGCCGTGGGTGGAGCAGGAGGGGCCGGAGTATTGGGACCGGGAGACACAGAAGTACAAGCGCCAGGCACAGACTGACCGAGTGAGCCTGCGGAACCTGCGCGGCTACTACAACCAGAGCGAGGCCG,GGTCTCACACCCTCCAGTGGATGTATGGCTGCGACCTGGGGCCCGACGGGCGCCTCCTCCGCGGGTATGACCAGTCCGCCTACGACGGCAAGGATTACATCGCCCTGAACGAGGACCTGCGCTCCTGGACCGCCGCGGACACGGCGGCTCAGATCACCCAGCGCAAGTGGGAGGCGGCCCGTGCGGCGGAGCAGCAGAGAGCCTACCTGGAGGGCACGTGCGTGGAGTGGCTCCGCAGATACCTGGAGAACGGGAAGGAGACGCTGCAGCGCGCGG
C*16:15:01,GCTCCCACTCCATGAGGTATTTCTACACCGCCGTGTCCCGGCCCGGCCGCGGAGAGCCCCGCTTCATCGCAGTGGGCTACGTGGACGACACGCAGTTCGTGCGGTTCGACAGCGACGCCGCGAGTCCAAGAGGGGAGCCGCGGGCGCCGTGGGTGGAGCAGGAGGGGCCGGAGTATTGGGACCGGGAGACACAGAAGTACAAGCGCCAGGCACAGGCTGACCGAGTGAGCCTGCGGAACCTGCGCGGCTACTACAACCAGAGCGAGGCCG,GGTCTCACACCCTCCAGTGGATGTATGGCTGCGACCTGGGGCCCGACGGGCGCCTCCTCCGCGGGTATGACCAGTCCGCCTACGACGGCAAGGATTACATCGCCCTGAACGAGGACCTGCGCTCCTGGACCGCCGCGGACACGGCGGCTCAGATCACCCAGCGCAAGTGGGAGGCGGCCCGTGCGGCGGAGCAGCAGAGAGCCTACCTGGAGGGCACGTGCGTGGAGTGGCTCCGCAGATACCTGGAGAACGGGAAGGAGACGCTGCAGCGCGCGG
C*16:15:02,GCTCCCACTCCATGAGGTATTTCTACACCGCCGTGTCCCGGCCCGGCCGCGGAGAGCCCCGCTTCATCGCAGTGGGCTACGTGGACGACACGCAGTTCGTGCGGTTCGACAGCGACGCCGCGAGTCCAAGAGGGGAGCCGCGGGCGCCGTGGGTGGAGCAGGAGGGGCCGGAGTATTGGGACCGGGAGACACAGAAGTACAAGCGCCAGGCACAGGCTGACCGAGTGAGCCTGCGGAACCTGCGCGGCTACTACAACCAGAGCGAGGCCG,GGTCTCACACCCTCCAGTGGATGTATGGCTGCGACCTGGGGCCCGACGGGCGCCTCCTCCGCGGGTATGACCAGTCCGCCTACGACGGCAAGGATTACATCGCCCTGAACGAGGACCTGCGCTCCTGGACTGCCGCGGACACGGCGGCTCAGATCACCCAGCGCAAGTGGGAGGCGGCCCGTGCGGCGGAGCAGCAGAGAGCCTACCTGGAGGGCACGTGCGTGGAGTGGCTCCGCAGATACCTGGAGAACGGGAAGGAGACGCTGCAGCGCGCGG
C*16:16Q,GCTCCCACTCCATGAGGTATTTCTACACCGCCGTGTCCCGGCCCGGCCGCGGAGAGCCCCGCTTCATCGCAGTGGGCTACGTGGACGACACGCAGTTCGTGCGGTTCGACAGCGACGCCGCGAGTCCAAGAGGGGAGCCGCGGGCGCCGTGGGTGGAGCAGGAGGGGCCGGAGTATTGGGACCGGGAGACACAGAAGTACAAGCGCCAGGCACAGACTGACCGAGTGAGCCTGCGGAACCTGCGCGGCTACTACAACCAGAGCGAGGCCG,GGTCTCACACCCTCCAGTGGATGTATGGCTGCGACCTGGGGCCCGACGGGCGCCTCCTCCGCGGGTATGACCAGTCCGCCTACGACGGCAAGGATTACATCGCCCTGAACGAGGACCTGCGCTCCTGGACCGCCGCGGACACGGCGGCTCAGATCACCCAGCGCAAGTGGGAGGCGGCCCGTGCGGCGGAGCAGCAGAGAGCCTACCTGGAGGGCACGTACGTGGAGTGGCTCCGCAGATACCTGGAGAACGGGAAGGAGACGCTGCAGCGCGCGG
C*16:17,GCTCCCACTCCATGAGGTATTTCTACACCGCCGTGTCCCGGCCCGGCCGCGGAGAGCCCCGCTTCATCGCAGTGGGCTACGTGGACGACACGCAGTTCGTGCGGTTCGACAGCGACGCCGCGAGTCCAAGAGGGGAGCCGCGGGCGCCGTGGGTGGAGCAGGAGGGGCCGGAGTATTGGGACCGGGAGACACAGAAGTACAAGCGCCAGGCACAGACTGACCGAGTGAGCCTGCGGAACCTGCGCGGCTACTACAACCAGAGCGAGGCCG,GGTCTCACACCCTCCAGTGGATGTATGGCTGCGACCTGGGGCCCGACGGGCGCCTCCTCCGCGGGTATGACCAGTCCGCCTACTACGGCAAGGATTACATCGCCCTGAACGAGGACCTGCGCTCCTGGACCGCCGCGGACACGGCGGCTCAGATCACCCAGCGCAAGTGGGAGGCGGCCCGTGCGGCGGAGCAGCAGAGAGCCTACCTGGAGGGCACGTGCGTGGAGTGGCTCCGCAGATACCTGGAGAACGGGAAGGAGACGCTGCAGCGCGCGG
C*16:18,GCTCCCACTCCATGAGGTATTTCTACACCGCCGTGTCCCGGCCCGGCCGCGGAGAGCCCCGCTTCATCGCAGTGGGCTACGTGGACGACACGCAGTTCGTGCGGTTCGACAGCGACGCCGCGAGTCCAAGAGGGGAGCCGCGGGCGCCGTGGGTGGAGCAGGAGGGGCCGGAGTATTGGGACCGGGAGACACAGAAGTACAAGCGCCAGGCACAGACTGACCGAGTGAGCCTGCGGAACCTGCGCGGCTACTACAACCAGAGCGAGGCCG,GGTCTCACACCCTCCAGTGGATGTGTGGCTGCGACCTGGGGCCCGACGGGCGCCTCCTCCGCGGGTATGACCAGTCCGCCTACGACGGCAAGGATTACATCGCCCTGAACGAGGACCTGCGCTCCTGGACCGCCGCGGACACGGCGGCTCAGATCACCCAGCGCAAGTGGGAGGCGGCCCGTGCGGCGGAGCAGCAGAGAGCCTACCTGGAGGGCACGTGCGTGGAGTGGCTCCGCAGATACCTGGAGAACGGGAAGGAGACGCTGCAGCGCGCGG
C*16:19,GCTCCCACTCCATGAGGTATTTCTACACCGCCGTGTCCCGGCCCGGCCGCGGAGAGCCCCGCTTCATCGCAGTGGGCTACGTGGACGACACGCAGTTCGTGCGGTTCGACAGCGACGCCGCGAGTCCAAGAGGGGAGCCGCGGGCGCCGTGGGTGGAGCAGGAGGGGCCGGAGTATTGGGACCGGGAGACACAGAAGTACAAGCGCCAGGCACAGACTGACCGAGTGAACCTGCGGAAACTGCGCGGCTACTACAACCAGAGCGAGGCCG,GGTCTCACACCCTCCAGTGGATGTATGGCTGCGACCTGGGGCCCGACGGGCGCCTCCTCCGCGGGTATGACCAGTCCGCCTACGACGGCAAGGATTACATCGCCCTGAACGAGGACCTGCGCTCCTGGACCGCCGCGGACACGGCGGCTCAGATCACCCAGCGCAAGTGGGAGGCGGCCGGTGCGGCGGAGCAGCAGAGAGCCTACCTGGAGGGCACGTGCGTGGAGTGGCTCCGCAGATACCTGGAGAACGGGAAGGAGACGCTGCAGCGCGCGG
C*16:20,GCTCCCACTCCATGAGGTATTTCTACACCGCCGTGTCCCGGCCCGGCCGCGGAGAGCCCCGCTTCATCGCAGTGGGCTACGTGGACGACACGCAGTTCGTGCGGTTCGACAGCGACGCCGCGAGTCCAAGAGGGGAGCCGCGGGCGCCGTGGGTGGAGCAGGAGGGGCCGGAGTATTGGGACCGGGAGACACAGAAGTACAAGCGCCAGGCACAGACTGACCGAGTGAGCCTGCGGAACCTGCGCGGCTACTACAACCAGAGCGAGGCCG,GGTCTCACACCCTCCAGTGGATGTATGGCTGCGACCTGGGGCCCGACGGGCGCCTCCTCCGCGGGCATGACCAGTCCGCCTACGACGGCAAGGATTACATCGCCCTGAACGAGGACCTGCGCTCCTGGACCGCCGCGGACACGGCGGCTCAGATCACCCAGCGCAAGTGGGAGGCGGCCCGTGCGGCGGAGCAGCAGAGAGCCTACCTGGAGGGCACGTGCGTGGAGTGGCTCCGCAGATACCTGGAGAACGGGAAGGAGACGCTGCAGCGCGCGG
C*16:21,GCTCCCACTCCATGAGGTATTTCGACACCGCCGTGTCCCGGCCCGGCCGCGGAGAGCCCCGCTTCATCGCAGTGGGCTACGTGGACGACACGCAGTTCGTGCGGTTCGACAGCGACGCCGCGAGTCCAAGAGGGGAGCCGCGGGCGCCGTGGGTGGAGCAGGAGGGGCCGGAGTATTGGGACCGGGAGACACAGAAGTACAAGCGCCAGGCACAGACTGACCGAGTGAGCCTGCGGAACCTGCGCGGCTACTACAACCAGAGCGAGGCCG,GGTCTCACACCCTCCAGTGGATGTATGGCTGCGACCTGGGGCCCGACGGGCGCCTCCTCCGCGGGTATGACCAGTCCGCCTACGACGGCAAGGATTACATCGCCCTGAACGAGGACCTGCGCTCCTGGACCGCCGCGGACACGGCGGCTCAGATCACCCAGCGCAAGTGGGAGGCGGCCCGTGCGGCGGAGCAGCAGAGAGCCTACCTGGAGGGCACGTGCGTGGAGTGGCTCCGCAGATACCTGGAGAACGGGAAGGAGACGCTGCAGCGCGCGG
C*16:22,GCTCCCACTCCATGAGGTATTTCTACACCGCCGTGTCCCGGCCCGGCCGCGGAGAGCCCCGCTTCATCGCAGTGGGCTACGTGGACGACACGCAGTTCGTGCGGTTCGACAGCGACGCCGCGAGTCCAAGAGGGGAGCCGCGGGCGCCGTGGGTGGAGCAGGAGGGGCCGGAGTATTGGGACCGGGAGACACAGAAGTACAAGCGCCAGGCACAGACTGACCGAGTGAGCCTGCGGAACCTGCGCGGCTACTACAACCAGAGCGAGGCCG,GGTCTCACACCCTCCAGTGGATGTATGGCTGCGACCTGGGGCCCGACGGGCGCCTCCTCCGCGGGTATGACCAGTCCGCCTACGACGGCAAGGATTACATCGCCCTGAACGAGGACCTGCGCTCCTGGACCGCCGCGGACACGGCGGCTCAGATCACCCAGCGCAAGTGGGAGGCGGCCCGTGCGGTGGAGCAGCAGAGAGCCTACCTGGAGGGCACGTGCGTGGAGTGGCTCCGCAGATACCTGGAGAACGGGAAGGAGACGCTGCAGCGCGCGG
C*16:23,GCTCCCACTCCATGAGGTATTTCTACACCGCCGTGTCCCGGCCCGGCCGCGGAGAGCCCCGCTTCATCGCAGTGGGCTACGTGGACGACACGCAGTTCGTGCGGTTCGACAGCGACGCCGCGAGTCCAAGAGGGGAGCCGCGGGCGCCGTGGGTGGAGCAGGAGGGGCCGGAGTATTGGGACCGGGAGACACAGAAGTACAAGCGCCAGGCACAGACTGACCGAGTGAGCCTGCGGAACCTGCGCGGCTACTACAACCAGAGCGAGGCCG,GGTCTCACACCCTCCAGTGGATGTTTGGCTGCGACCTGGGGCCCGACGGGCGCCTCCTCCGCGGGTATGACCAGTCCGCCTACGACGGCAAGGATTACATCGCCCTGAACGAGGACCTGCGCTCCTGGACCGCCGCGGACACGGCGGCTCAGATCACCCAGCGCAAGTGGGAGGCGGCCCGTGCGGCGGAGCAGCAGAGAGCCTACCTGGAGGGCACGTGCGTGGAGTGGCTCCGCAGATACCTGGAGAACGGGAAGGAGACGCTGCAGCGCGCGG
C*16:24,GCTCCCACTCCATGAGGTATTTCTACACCGCCGTGTCCCGGCCCGGCCGCGGAGAGCCCCGCTTCATCGCAGTGGGCTACGTGGACGACACGCAGTTCGTGCGGTTCGACAGCGACGCCGCGAGTCCAAGAGGGGAGCCGCGGGCGCCGTGGGTGGAGCAGGAGGGGCCGGAGTATTGGGACCGGGAGACACAGAAGTACAAGCGCCAGGCACAGACTGACCGAGTGAGCCTGCGGAACCTGCGCGGCTACTACAACCAGAGCGAGGCCG,GGTCTCACACCCTCCAGTGGATGTATGGCTGCGACCTGGGGCCCGACGGGCGCCTCCTCCGCGGGTATGACCAGTCCGCCTACGACGGCAAGGATTACATCGCCCTGAACGAGGACCTGCGCTCCTGGACCGCCGCGGACACGGCGGCTCAGATCACCCAGCGCAAGTGGGAGGCGGCCCATGCGGCGGAGCAGCAGAGAGCCTACCTGGAGGGCACGTGCGTGGAGTGGCTCCGCAGATACCTGGAGAACGGGAAGGAGACGCTGCAGCGCGCGG
C*16:25,GCTCCCACTCCATGAGGTATTTCTACACCGCCGTGTCCCGGCCCGGCCGCGGAGAGCCCCGCTTCATCGCAGTGGGCTACGTGGACGACACGCAGTTCGTGCGGTTCGACAGCGACGCCGCGAGTCCAAGAGGGGAGCCGCGGGCGCCGTGGGTGGAGCAGGAGGGGCCGGAGTATTGGGACCGGGAGACACAGAAGTACAAGCGCCAGGCACAGGCTGACCGAGTGAACCTGCGGAAACTGCGCGGCTACTACAACCAGAGCGAGGCCG,GGTCTCACACCCTCCAGTGGATGTATGGCTGCGACCTGGGGCCCGACGGGCGCCTCCTCCGCGGGTATGACCAGTCCGCCTACGACGGCAAGGATTACATCGCCCTGAACGAGGACCTGCGCTCCTGGACCGCCGCGGACACGGCGGCTCAGATCACCCAGCGCAAGTGGGAGGCGGCCCGTGCGGCGGAGCAGCAGAGAGCCTACCTGGAGGGCACGTGCGTGGAGTGGCTCCGCAGATACCTGGAGAACGGGAAGGAGACGCTGCAGCGCGCGG
C*16:26,GCTCCCACTCCATGAGGTATTTCTACACCGCCGTGTCCCGGCCCGGCCGCGGAGAGCCCCGCTTCATCGCAGTGGGCTACGTGGACGACACGCAGTTCGTGCGGTTCGACAGCGACGCCGCGAGTCCAAGAGGGGAGCCGCGGGCGCCGTGGGTGGAGCAGGAGGGGCCGGAGTATTGGGACCGGGAGACACAGAAGTACAAGCGCCAGGCACAGACTGACCGAGTGAGCCTGCGGAACCTGCGCGGCTACTACAACCAGAGCGAGGACG,GGTCTCACACCCTCCAGTGGATGTATGGCTGCGACCTGGGGCCCGACGGGCGCCTCCTCCGCGGGTATGACCAGTCCGCCTACGACGGCAAGGATTACATCGCCCTGAACGAGGACCTGCGCTCCTGGACCGCCGCGGACACGGCGGCTCAGATCACCCAGCGCAAGTGGGAGGCGGCCCGTGCGGCGGAGCAGCAGAGAGCCTACCTGGAGGGCACGTGCGTGGAGTGGCTCCGCAGATACCTGGAGAACGGGAAGGAGACGCTGCAGCGCGCGG
C*16:27,GCTCCCACTCCATGAGGTATTTCTACACCGCCGTGTCCCGGCCCGGCCGCGGAGAGCCCCGCTTCATCGCAGTGGGCTACGTGGACGACACGCAGTTCGTGCGGTTCGACAGCGACGCCGCGAGTCCAAGAGGGGAGCCGCGGGCGCCGTGGGTGGAGCAGGAGGGGCCGGAGTATTGGGACCGGGAGACACAGAAGTACAAGCGCCAGGCACAGACTGACCGAGTGAGCCTGCGGAACCTGCGCGGCTACTACAACCAGAGCGAGGCCG,GGTCTCACACCCTCCAGTGGATGTATGGCTGCGACCTGGGGCCCGACGGGCGCCTCCTCCGCGGGTATGACCAGTCCGCCTACGACGGCAAGGATTACATCGCCCTGAACGAGGACCTGCGCTCCTGGACCGCCGCGGACAAGGCGGCTCAGATCACCCAGCGCAAGTGGGAGGCGGCCCGTGCGGCGGAGCAGCAGAGAGCCTACCTGGAGGGCACGTGCGTGGAGTGGCTCCGCAGATACCTGGAGAACGGGAAGGAGACGCTGCAGCGCGCGG
C*16:28,GCTCCCACTCCATGAGGTATTTCTACACCGCCGTGTCCCGGCCCGGCCGCGGAGAGCCCCGCTTCATCGCAGTGGGCTACGTGGACGACACGCAGTTCGTGCGGTTCGACAGCGACGCCGCGAGTCCAAGAGGGGAGCCGCGGGCGCCGTGGGTGGAGCAGGAGGGGCCGGAGTATTGGGACCGGGAGACACAGAAGTACAAGCGCCAGGCACAGACTGACCGAGTGAGCCTGCGGAACCTGCGCGGCTACTACAACCAGAGCGAGGCCG,GGTCTCACACCCTCCAGTGGATGTATGGCTGCGACCTGGGGCCCGACGGGCGCCTCCTCCGCGGGTATGACCAGTCCGCCTACGACCGCAAGGATTACATCGCCCTGAACGAGGACCTGCGCTCCTGGACCGCCGCGGACACGGCGGCTCAGATCACCCAGCGCAAGTGGGAGGCGGCCCGTGCGGCGGAGCAGCAGAGAGCCTACCTGGAGGGCACGTGCGTGGAGTGGCTCCGCAGATACCTGGAGAACGGGAAGGAGACGCTGCAGCGCGCGG
C*16:29,GCTCCCACTCCATGAGGTATTTCTACACCGCCGTGTCCCGGCCCGGCCGCGGAGAGCCCCGCTTCATCGCAGTGGGCTACGTGGACGACACGCAGTTCGTGCGGTTCGACAGCGACGCCGCGAGTCCAAGAGGGGAGCCGCGGGCGCCGTGGGTGGAGCAGGAGGGGCCGGAGTATTGGGACCGGGAGACACAGAAGTACAAGCGCCAGGCACAGACTGACCGAGTGAGCCTGCGGAACCTGCGCGGCTACTACAACCAGAGCGAGGCCG,GGTCTCACACCCTCCAGTGGATGTATGGCTGCGACCTGGGGCCCGACGGGCGCCTCCTCCGCGGGTATGACCAGTCCGCCTACGACGGCAAGGATTACATCGCCCTGAACGAGGACCTGCGCTCCTGGACCGCCGCGGACACGGCGGCTCAGATCACCCAGCGCAAGTGGGAGGCGGCCCGTGCGGCGGAGCAGTGGAGAGCCTACCTGGAGGGCGAGTGCGTGGAGTGGCTCCGCAGATACCTGGAGAACGGGAAGGAGACGCTGCAGCGCGCGG
C*16:30N,GCTCCCACTCCATGAGGTATTTCTACACCGCCGTGTCCCGGCCCGGCCGCGGAGAGCCCCGCTTCATCGCAGTGGGCTACGTGGACGACACGCAGTTCGTGCGGTTCGACAGCGACGCCGCGAGTCCAAGAGGGGAGCCGCGGGCGCCGTGGGTGGAGCAGGAGGGGCCGGAGTATTGGGACCGGGAGACACAGAAGTACAAGCGCCAGGCACAGACTGACCGAGTGAGCCTGCGGAACCTGCGCGGCTACTACAACTAGAGCGAGGCCG,GGTCTCACACCCTCCAGTGGATGTATGGCTGCGACCTGGGGCCCGACGGGCGCCTCCTCCGCGGGTATGACCAGTCCGCCTACGACGGCAAGGATTACATCGCCCTGAACGAGGACCTGCGCTCCTGGACCGCCGCGGACACGGCGGCTCAGATCACCCAGCGCAAGTGGGAGGCGGCCCGTGCGGCGGAGCAGCAGAGAGCCTACCTGGAGGGCACGTGCGTGGAGTGGCTCCGCAGATACCTGGAGAACGGGAAGGAGACGCTGCAGCGCGCGG
C*16:31,GCTCCCACTCCATGAGGTATTTCTACACCGCCGTGTCCCGGCCCGGCCGCGGAGAGCCCCGCTTCATCGCAGTGGGCTACGTGGACGACACGCAGTTCGTGCGGTTCGACAGCGACGCCGCGAGTCCAAGAGGGGAGCCGCGGGCGCCGTGGGTGGAGCAGGAGGGGCCGGAGTATTGGGACCGGGAGACACAGAAGTACAAGCGCCAGGCACAGACTGACCGAGTGAGCCTGCGGAACCTGCGCGGCTACTACAACCAGAGCGAGGCCG,GGTCTCACACCCTCCAGTGGATGTATGGCTGCGACCTGGGGCCCGACGGGCGCCTCCTCCGCGGGTATGACCAGTCCGCCTACGACGGCAAGGATTACATCGCCCTGAACGAGGACCTGCGCTCCTGGACCGCCGCGGACACGGCGGCTCAGATCACCCAGCGCAAGTGGGAGGCGGCCCGTGCGGCGGAGCAGCAGAGAGCCTACCTGGAGGGCACGTGCATGGAGTGGCTCCGCAGATACCTGGAGAACGGGAAGGAGACGCTGCAGCGCGCGG
C*16:32,GCTCCCACTCCATGAGGTATTTCTACACCGCCGTGTCCCGGCCCGGCCGCGGAGAGCCCCGCTTCATCGCAGTGGGCTACGTGGACGACACGCAGTTCGTGCGGTTCGACAGCGACGCCGCGAGTCCAAGAGGGGAGCCGCGGGCGCCGTGGGTGGAGCAGGAGGGGCCGGAGTATTGGGACCGGGAGACACAGAAGTACAAGCGCCAGGCACAGACTGACCGAGTGAGCCTGCGGAACCTGCGCGGCTACTACAACCAGAGCGAGGCCG,GGTCTCACACCCTCCAGTGGATGTATGGCTGCGACCTGGGGCCCGACGGGCGCCTCCTCCGCGGGTATGACCAGTCCGCCTACGACGGCAAGAATTACATCGCCCTGAACGAGGACCTGCGCTCCTGGACCGCCGCGGACACGGCGGCTCAGATCACCCAGCGCAAGTGGGAGGCGGCCCGTGCGGCGGAGCAGCAGAGAGCCTACCTGGAGGGCACGTGCGTGGAGTGGCTCCGCAGATACCTGGAGAACGGGAAGGAGACGCTGCAGCGCGCGG
C*16:33,GCTCCCACTCCATGAGGTATTTCTACACCGCCGTGTCCCGGCCCGGCCGCGGAGAGCCCCGCTTCATCGCAGTGGGCTACGTGGACGACACGCAGTTCGTGCGGTTCGACAGCGACGCCGCGAGTCCAAGAGGGGAGCCGCGGGCGCCGTGGGTGGAGCAGGAGGGGCCGGAGTATTGGGACCGGGAGACACAGAAGTACAAGCGCCAGGCACAGACTGACCGAGTGAGCCTGCGGAACCTGCGCGGCTACTACAACCAGAGCGAGGCCG,GGTCTCACACCCTCCAGTGGATGTATGGCTGCGACCTGGGGCCCGACGGGCGCCTCCTCCGCGGGTATGACCAGTCCGCCTACGACGGCAAGGATTACATCGCCCTGAACGAGGACCTGCGCTCCTGGACCGCCGCGGACACGGCGGCTCAGATCACCCAGCGCAAGTGGGAGGCGGCCCGTGCGGCGGAGCAGTGGAGAGCCTACCTGGAGGGCGCGTGCGTGGAGTGGCTCCGCAGATACCTGGAGAACGGGAAGGAGACGCTGCAGCGCGCGG
C*16:34,GCTCCCACTCCATGAGGTATTTCTACACCGCTGTGTCCCGGCCCAGCCGCGGAGAGCCCCACTTCATCGCAGTGGGCTACGTGGACGACACGCAGTTCGTGCGGTTCGACAGCGACGCCGCGAGTCCAAGAGGGGAGCCGCGGGCGCCGTGGGTGGAGCAGGAGGGGCCGGAGTATTGGGACCGGGAGACACAGAAGTACAAGCGCCAGGCACAGACTGACCGAGTGAGCCTGCGGAACCTGCGCGGCTACTACAACCAGAGCGAGGCCG,GGTCTCACACCCTCCAGTGGATGTATGGCTGCGACCTGGGGCCCGACGGGCGCCTCCTCCGCGGGTATGACCAGTCCGCCTACGACGGCAAGGATTACATCGCCCTGAACGAGGACCTGCGCTCCTGGACCGCCGCGGACACGGCGGCTCAGATCACCCAGCGCAAGTGGGAGGCGGCCCGTGCGGCGGAGCAGCAGAGAGCCTACCTGGAGGGCACGTGCGTGGAGTGGCTCCGCAGATACCTGGAGAACGGGAAGGAGACGCTGCAGCGCGCGG
C*16:35,GCTCCCACTCCATGAGGTATTTCTACACCGCCGTGTCCCGGCCCGGCCGCGGAGAGCCCCGCTTCATCGCAGTGGGCTACGTGGACGACACGCAGTTCGTGCGGTTCGACAGCGACGCCGCGAGTCCAAGAGGGGAGCCGCGGGCGCCGTGGGTGGAGCAGGAGGGGCCGGAGTATTGGGACCGGGAGACACAGAAGTACAAGCGCCAGGCACAGACTGACCGAGTGAGCCTGCGGAACCTGCGCGGCTACTACAACCAGAGCGAGGCCG,GGTCTCACACCCTCCAGTGGATGTATGGCTGCGACCTGGGGCCCGACGGGCGCCTCCTCCGCGGGTATGACCAGTCCGCCTACGACGGCAAGGATTACATCGCCCTGAACGAGGACCTGCGCTCCTGGACCGCCGCGGACACGGCGGCTCAGATCACCCAGCGCAAGTGGGAGGCGGCCCGTGCGGCGGAGCAGCTGAGAGCCTACCTGGAGGGCACGTGCGTGGAGTGGCTCCGCAGATACCTGGAGAACGGGAAGGAGACGCTGCAGCGCGCGG
C*16:36,GCTCCCACTCCATGAGGTATTTCTACACCGCCGTGTCCCGGCCCGGCCGCGGAGAGCCCCGCTTCATCGCAGTGGGCTACGTGGACGACACGCAGTTCGTGCGGTTCGACAGCGACGCCGCGAGTCCAAGAGGGGAGCCGCGGGCGCCGTGGGTGGAGCAGGAGGGGCCGGAGTATTGGGACCGGGAGACACAGAAGTACAAGCGCCAGGCACAGACTGACCGAGTGAGCCTGCGGAACCTGCGCGGCTACTACAACCAGAGCGAGGCCG,GGTCTCACACCCTCCAGTGGATGTATGGCTGCGACCTGGGGCCCGACGGGCGCCTCCTCCGCGGGTATGACCAGTCCGCCTACGACGGCAAGGATTACATCGCCCTGAACGAGGACCTGCGCTCCTGGACCGTCGCGGACACGGCGGCTCAGATTACCCAGCGCAAGTGGGAGGCGGCCCGTGCGGCGGAGCAGCAGAGAGCCTACCTGGAGGGCACGTGCGTGGAGTGGCTCCGCAGATACCTGGAGAACGGGAAGGAGACGCTGCAGCGCGCGG
C*16:37,GCTCCCACTCCATGAGGTATTTCTACACCGCCGTGTCCCGGCCCGGCCGCGGAGAGCCCCGCTTCATCGCAGTGGGCTACGTGGACGACACGCAGTTCGTGCGGTTCGACAGCGACGCCGCGAGTCCAAGAGGGGAGCCGCGGGCGCCGTGGGTGGAGCAGGAGGGGCCGGAGTATTGGGACCGGGAGACACAGAAGTACAAGCGCCAGGCACAGACTGACCGAGTGAGCCTGCGGAAACTGCGCGGCTACTACAACCAGAGCGAGGCCG,GGTCTCACACCCTCCAGTGGATGTATGGCTGCGACCTGGGGCCCGACGGGCGCCTCCTCCGCGGGTATGACCAGTCCGCCTACGACGGCAAGGATTACATCGCCCTGAACGAGGACCTGCGCTCCTGGACCGCCGCGGACACGGCGGCTCAGATCACCCAGCGCAAGTGGGAGGCGGCCCGTGCGGCGGAGCAGCAGAGAGCCTACCTGGAGGGCACGTGCGTGGAGTGGCTCCGCAGATACCTGGAGAACGGGAAGGAGACGCTGCAGCGCGCGG
C*16:38,GCTCCCACTCCATGAGGTATTTCTACACCGCCGTGTCCCGGCCCGGCCGCGGAGAGCCCCGCTTCATCGCAGTGGGCTACGTGGACGACACGCAGTTCGTGCGGTTCGACAGCGACGCCGCGAGTCCAAGAAGGGAGCCGCGGGCGCCGTGGGTGGAGCAGGAGGGGCCGGAGTATTGGGACCGGGAGACACAGAAGTACAAGCGCCAGGCACAGACTGACCGAGTGAGCCTGCGGAACCTGCGCGGCTACTACAACCAGAGCGAGGCCG,GGTCTCACACCCTCCAGTGGATGTATGGCTGCGACCTGGGGCCCGACGGGCGCCTCCTCCGCGGGTATGACCAGTCCGCCTACGACGGCAAGGATTACATCGCCCTGAACGAGGACCTGCGCTCCTGGACCGCCGCGGACACGGCGGCTCAGATCACCCAGCGCAAGTGGGAGGCGGCCCGTGCGGCGGAGCAGCAGAGAGCCTACCTGGAGGGCACGTGCGTGGAGTGGCTCCGCAGATACCTGGAGAACGGGAAGGAGACGCTGCAGCGCGCGG
C*16:39,GCTCCCACTCCATGAGGTATTTCTACACCGCCGTGTCCCGGCCCGGCCGCCGAGAGCCCCGCTTCATCGCAGTGGGCTACGTGGACGACACGCAGTTCGTGCGGTTCGACAGCGACGCCGCGAGTCCAAGAGGGGAGCCGCGGGCGCCGTGGGTGGAGCAGGAGGGGCCGGAGTATTGGGACCGGGAGACACAGAAGTACAAGCGCCAGGCACAGACTGACCGAGTGAGCCTGCGGAACCTGCGCGGCTACTACAACCAGAGCGAGGCCG,GGTCTCACACCCTCCAGTGGATGTATGGCTGCGACCTGGGGCCCGACGGGCGCCTCCTCCGCGGGTATGACCAGTCCGCCTACGACGGCAAGGATTACATCGCCCTGAACGAGGACCTGCGCTCCTGGACCGCCGCGGACACGGCGGCTCAGATCACCCAGCGCAAGTGGGAGGCGGCCCGTGCGGCGGAGCAGCAGAGAGCCTACCTGGAGGGCACGTGCGTGGAGTGGCTCCGCAGATACCTGGAGAACGGGAAGGAGACGCTGCAGCGCGCGG
C*16:40,GCTCCCACTCCATGAGGTATTTCTACACCGCCGTGTCCCGGCCCGGCCGCGGAGAGCCCCGCTTCATCGCAGTGGGCTACGTGGACGACACGCAGTTCGTGCGGTTCGACAGCGACGCCGCGAGTCCAAGAGGGGAGCCGCGGGCGCCGTGGGTGGAGCAGGAGGGGCCGGAGTATTGGGACCGGGAGACACAGAAGTACAAGCGCCAGGCACAGACTGACCGAGTGAGCCTGCGGAACCTGCGCGGCTACTACAACCAGAGCGAGGCCG,GGTCTCACACCCTCCAGTGGATGTATGGCTGCGACCTGGGGCCCGACGGGCGCCTCCTCCGCGGGTATGACCAGTCCGCCTACGACGGCAAGGATTACATCGCCCTGAACGAGGACCTGCGCTCCTGGACCGCCGCGGACACGGCGGCTCAGATCACCCAGCGCAAGTGGGAGGCGGCCCGTGAGGCGGAGCAGCTGAGAGCCTACCTGGAGGGCACGTGCGTGGAGTGGCTCCGCAGATACCTGGAGAACGGGAAGGAGACGCTGCAGCGCGCGG
C*16:41,GCTCCCACTCCATGAGGTATTTCTACACCGCCGTGTCCCGGCCCGGCCGCGGAGAGCCCCGCTTCATCGCAGTGGGCTACGTGGACGACACGCAGTTCGTGCGGTTCGACAGCGACGCCGCGAGTCCAAGAGGGGAGCCGCGGGCGCCGTGGGTGGAGCAGGAGGGGCCGGAGTATTGGGACCGGGAGACACAGAAGTACAAGCGCCAGGCACAGACTGACCGAGTGAGCCTGCGGAACCTGCGCGGCTACTACAACCAGAGCGAGGCCG,GGTCTCACACCCTCCAGTGGATGTATGGCTGCGACCTGGGGCCCGACGGGCGCCTCCTCCGCGGGTATGACCAGTCCGCCTACGACGGCAAGGATTACATCGCCCTGAACGAGGACCTGCGCTCCTGGACCGCCGCGGACACGGCGGCTCAGATCACCCAGCGCAAGTGGGAGGCGGCCCGTGCGGCGGAGCAGCAGAGAGCCTACCTGGAGGGCACGTGCGTGGAGTGGCTCCGCAGATGCCTGGAGAACGGGAAGGAGACGCTGCAGCGCGCGG
C*16:42,GCTCCCACTCCATGAGGTATTTCTACACCGCCGTGTCCCGGCCCGGCCGCGGAGAGCCCCGCTTCATCGCAGTGGGCTACGTGGACGACACGCAGTTCGTGCGGTTCGACAGCGACGCCGCGAGTCCAAGAGGGGAGCCGCGGGCGCCGTGGGTGGAGCAGGAGGGGCCGGAGTATTGGGACCAGGAGACACAGAAGTACAAGCGCCAGGCACAGACTGACCGAGTGAGCCTGCGGAACCTGCGCGGCTACTACAACCAGAGCGAGGCCG,GGTCTCACACCCTCCAGTGGATGTATGGCTGCGACCTGGGGCCCGACGGGCGCCTCCTCCGCGGGTATGACCAGTCCGCCTACGACGGCAAGGATTACATCGCCCTGAACGAGGACCTGCGCTCCTGGACCGCCGCGGACACGGCGGCTCAGATCACCCAGCGCAAGTGGGAGGCGGCCCGTGCGGCGGAGCAGTGGAGAGCCTACCTGGAGGGCACGTGCGTGGAGTGGCTCCGCAGATACCTGGAGAACGGGAAGGAGACGCTGCAGCGCGCGG
C*16:43,GCTCCCACTCCATGAGGTATTTCTACACCGCCGTGTCCCGGCCCGGCCGCGGAGAGCCCCGCTTCATCGCAGTGGGCTACGTGGACGACACGCAGTTCGTGCGGTTCGACAGCGACGCCGCGAGTCCAAGAGGGGAGCCGCGGGCGCCGTGGGTGGAGCAGGAGGGGCCGGAGTATTGGGACCGGGAGACACAGAAGTACAAGCGCCAGGCACAGACTGACCGAGTGAGCCTGCGGAACCTGCGCGGCTACTACAACCAGAGCGAGGCCG,GGTCTCACACCCTCCAGTGGATGTATGGCTGCGACCTGGGGCCCGACGGGCGCCTCCTCCGCGGGTATGACCAGTCCGCCTACGACGGCAAGGATTACATCGCCCTGAACGAGGACCTGCGCTCCTGGACCGCCGCGGACACGGCGGCTCAGATCACCCAGCGCAAGTGGGAGGCGGCCCGTGTGGCGGAGCAGCAGAGAGCCTACCTGGAGGGCACGTGCGTGGAGTGGCTCCGCAGATACCTGGAGAACGGGAAGGAGACGCTGCAGCGCGCGG
C*16:44,GCTCCCACTCCATGAGGTATTTCTACACCGCCGTGTCCCGGCCCGGCCGCGGAGAGCCCCGCTTCATCGCAGTGGGCTACGTGGACGACACGCAGTTCGTGCGGTTCGACAGCGACGCCGCGAGTCCAAGAGGGGAGCCGCGGGCGCCGTGGGTGGAGCAGGAGGGGCCGGAGTATTGGGACCGGGAGACACAGAAGTACAAGCGCCAGGCACAGACTGACCGAGTGAGCCTGCGGAACCTGCGCGGCTACTACAACCAGAGCGAGGCCG,GGTCTCACACCCTCCAGTGGATGTATGGCTGCGACCTGGGGCCCGACCGGCGCCTCCTCCGCGGGTATGACCAGTCCGCCTACGACGGCAAGGATTACATCGCCCTGAACGAGGACCTGCGCTCCTGGACCGCCGCGGACACGGCGGCTCAGATCACCCAGCGCAAGTGGGAGGCGGCCCGTGCGGCGGAGCAGCAGAGAGCCTACCTGGAGGGCACGTGCGTGGAGTGGCTCCGCAGATACCTGGAGAACGGGAAGGAGACGCTGCAGCGCGCGG
C*16:45,GCTCCCACTCCATGAGGTATTTCTACACCGCCGTGTCCCGGCCCGGCCGCGGAGAGCCCCGCTTCATCGCAGTGGGCTACGTGGACGACACGCAGTTCGTGCGGTTCGACAGCGACGCCGCGAGTCCAAGAGGGGAGCCGCGGGCGCCGTGGGTGGAGCAGGAGGGGCCGGAGTATTGGGACCGGGAGACACAGAAGTACAAGCGCCAGGCACAGACTGACCGAGTGAGCCTGCGGAACCTGCGCGGCTACTACAACCAGAGCGAGGCCG,GGTCTCACACCCTCCAGTGGATGTATGGCTGCGACCTGGGGCCCGACGGGCGCCTCCTCCGCGGGTATAACCAGTTCGCCTACGACGGCAAGGATTACATCGCCCTGAACGAGGACCTGCGCTCCTGGACCGCCGCGGACACGGCGGCTCAGATCACCCAGCGCAAGTGGGAGGCGGCCCGTGCGGCGGAGCAGCAGAGAGCCTACCTGGAGGGCACGTGCGTGGAGTGGCTCCGCAGATACCTGGAGAACGGGAAGGAGACGCTGCAGCGCGCGG
C*16:46,GCTCCCACTCCATGAGGTATTTCTACACCGCCGTGTCCCGGCCCGGCCGCGGAGAGCCCCGCTTCATCGCAGTGGGCTACGTGGACGACACGCAGTTCGTGCGGTTCGACAGCGACGCCGCGAGTCCAAGAGGGGAGCCGCGGGCGCCGTGGGTGGAGCAGGAGGGGCCGGAGTATTGGGACCGGGAGACACAGAAGTACAAGCGCCAGGCACAGACTGACCGAGTGAACCTGCGGAAACTGCGCGGCTACTACAACCAGAGCGAGGACG,GGTCTCACACCCTCCAGTGGATGTATGGCTGCGACCTGGGGCCCGACGGGCGCCTCCTCCGCGGGTATGACCAGTCCGCCTACGACGGCAAGGATTACATCGCCCTGAACGAGGACCTGCGCTCCTGGACCGCCGCGGACACGGCGGCTCAGATCACCCAGCGCAAGTGGGAGGCGGCCCGTGCGGCGGAGCAGCAGAGAGCCTACCTGGAGGGCACGTGCGTGGAGTGGCTCCGCAGATACCTGGAGAACGGGAAGGAGACGCTGCAGCGCGCGG
C*16:47,GCTCCCACTCCATGAGGTATTTCTACACCGCCGTGTCCCGGCCCGGCCGCGGAGAGCCCCGCTTCATCGCAGTGGGCTACGTGGACGACACGCAGTTCGTGCGGTTCGACAGCGACGCCGCGAGTCCAAGAGGGGAGCCGCGGGCGCCGTGGGTGGAGCAGGAGGGGCCGGAGTATTGGGACCGGGAGACACAGAAGTACAAGCGCCAGGCACAGACTGACCGAGTGAACCTGCGGAAACTGCGCGGCTACTACAACCAGAGCGAGGCCG,GGTCTCACACCCTCCAGTGGATGTATGGCTGCGACCTGGGGCCCGACGGGCGCCTCCTCCGCGGGTATGACCAGTCCGCCTACGACGGCAAGGATTACATCGCCCTGAACGAGGACCTGCGCTCCTGGACCGCCGCGGACACGGCGGCTCAGATCACCCAGCGCAAGTGGGAGGCGGCCCGTGCGGCGGAGCAGCAGAGAGCCTACCTGGAGGGCACGTGCGTGGAGTGGCTCCGCAGATACCTGGAGAACTGGAAGGAGACGCTGCAGCGCGCGG
C*16:48,GCTCCCACTCCATGAGGTATTTCTACACCGCCGTGTCCCGGCCCGGCCGCGGAGAGCCCCGCTTCATCGCAGTGGGCTACGTGGACGACACGCAGTTCGTGCGGTTCGACAGCGACGCCGCGAGTCCAAGAGGGGAGCCGCGGGCGCCGTGGGTGGAGCAGGAGGGGCCGGAGTATTGGGACCGGGAGACACAGAAGTACAAGCGCCAGGCACAGACTGACCGAGTGAACCTGCGGAAACTGCGCGGCTACTACAACCAGAGCGAGGCCG,GGTCTCACACCCTCCAGTGGATGTATGGCTGCGACCTGGGGCCCGACGGGCGCCTCCTCCGCGGGTATGACCAGTCCGCCTACGACGGCAAGGATTACATCGCCCTGAACGAGGACCTGCGCTCCTGGACCGCCGCGGACACGGCGGCTCAGATCACCCAGCGCAAGTGGGAGGCGGCCCGTGCGGCGGAGCAGCTGAGAGCCTACCTGGAGGGCACGTGCGTGGAGTGGCTCCGCAGATACCTGGAGAACGGGAAGGAGACGCTGCAGCGCGCGG
C*16:49,GCTCCCACTCCATGAGGTATTTCTACACCGCCGTGTCCCGGCCCGGCCGCGGAGAGCCCCGCTTCATCGCAGTGGGCTACGTGGACGACACGCAGTTCGTGCGGTTCGACAGCGACGCCGCGAGTCCAAGAGGGGAGCCGCGGGCGCCGTGGGTGGAGCAGGAGGGGCCGGAGTATTGGGACCGGGAGACACAGAAGTACAAGCGCCAGGCACAGACTGACCGAGTGAGCCTGCGGAACCTGCGCGGCTACTACAACCAGAGCGAGGCCG,GGTCTCACACCCTCCAGTGGATGTATGGCTGCGACGTGGGGCCCGACGGGCGCCTCCTCCGCGGGTATGACCAGTCCGCCTACGACGGCAAGGATTACATCGCCCTGAACGAGGACCTGCGCTCCTGGACCGCCGCGGACACGGCGGCTCAGATCACCCAGCGCAAGTGGGAGGCGGCCCGTGCGGCGGAGCAGCAGAGAGCCTACCTGGAGGGCACGTGCGTGGAGTGGCTCCGCAGATACCTGGAGAACGGGAAGGAGACGCTGCAGCGCGCGG
C*16:50,GCTCCCACTCCATGAGGTATTTCTACACCGCCGTGTCCCGGCCCGGCCGCGGAGAGCCCCGCTTCATCGCAGTGGGCTACGTGGACGACACGCAGTTCGTGCGGTTCGACAGCGACGCCGCGAGTCCAAGAGGGGAGCCGCGGGCGCCGTGGGTGGAGCAGGAGGGGCCGGAGTATTGGGACCGGGAGACACAGAAGTACAAGCGCCAGGCACAGACTGACCGAGTGAGCCTGCGGAACCTGCGCGGCTACTACAACCAGAGCGAGGCCG,GGTCTCACACCCTCCAGTGGATGTATGGCTGCGACCTGGGGCCCGACGGGCGCCTCCTCCGCGGGTATGACCAGTCCGCCTACGACGGCAAGGATTACATCGCCCTGAACGAGGACCTGCGCTCCTGGACCGCCGCGGACACGGCGGCTCAGATCACCCAGCGCAAGTGGGAGGCGGCCCGTGCGGCGGAGCAGCAGAGAGCCTACCTGGAGGGCGAGTGCGTGGAGTGGCTCCGCAGATACCTGGAGAACGGGAAGGAGACGCTGCAGCGCGCGG
C*16:51,GCTCCCACTCCATGAGGTATTTCTACACCGCCGTGTCCCGGCCCGGCCGCGGAGAGCCCCGCTTCATCGCAGTGGGCTACGTGGACGACACGCAGTTCGTGCGGTTCGACAGCGACGCCGCGAGTCCAAGAGGGGAGCCGCGGGCGCCGTGGGTGGAGCAGGAGGGGCCGGAGTATTGGGACCGGGAGACACAGAAGTACAAGCGCCAGGCACAGACTGACCGAGTGAGCCTGCGGAACCTGCGCGGCTACTACAACCAGAGCGAGGCCG,GGTCTCACACCCTCCAGTGGATGTATGGCTGCGACCTGGGGCCCGACGGGCGCCTCCTCCTCGGGTATGACCAGTCCGCCTACGACGGCAAGGATTACATCGCCCTGAACGAGGACCTGCGCTCCTGGACCGCCGCGGACACGGCGGCTCAGATCACCCAGCGCAAGTGGGAGGCGGCCCGTGCGGCGGAGCAGCAGAGAGCCTACCTGGAGGGCACGTGCGTGGAGTGGCTCCGCAGATACCTGGAGAACGGGAAGGAGACGCTGCAGCGCGCGG
C*16:52,GCTCCCACTCCATGAGGTATTTCTACACCGCCGTGTCCCGGCCCGGCCGCGGAGAGCCCCGCTTCATCGCAGTGGGCTACGTGGACGACACGCAGTTCGTGCGGTTCGACAGCGACGCCGCGAGTCCAAGAGGGGAGCCGCGGGCGCCGTGGGTGGAGCAGGAGGGGCCGGAGTATTGGGACCGGGAGACACAGAAGTACAAGCGCCAGGCACAGACTGACCGAGTGAGCCTGCGGAACCTGCGCGGCTACTACAACCAGAGCGAGGCCG,GGTCTCACACCCTCCAGTGGATGTATGGCTGCGACCTGGGGCCCGACGGGCGCCTCCTCCGCGGGTATGACCAGTCCGCCTACGACGGCAAGGATTACATCGCCCTGAACGAGGACCAGCGCTCCTGGACCGCCGCGGACACGGCGGCTCAGATCACCCAGCGCAAGTGGGAGGCGGCCCGTGCGGCGGAGCAGCAGAGAGCCTACCTGGAGGGCACGTGCGTGGAGTGGCTCCGCAGATACCTGGAGAACGGGAAGGAGACGCTGCAGCGCGCGG
C*17:01:01G,GCTCCCACTCCATGAGGTATTTCTACACCGCCGTGTCCCGGCCCGGCCGCGGAGAGCCCCGCTTCATCGCAGTGGGCTACGTGGACGACACGCAGTTCGTGCGGTTCGACAGCGACGCCGCGAGTCCGAGAGGGGAGCCGCGGGCGCCGTGGGTGGAGCAGGAGGGGCCGGAGTATTGGGACCGGGAGACACAGAAGTACAAGCGCCAGGCACAGGCTGACCGAGTGAACCTGCGGAAACTGCGCGGCTACTACAACCAGAGCGAGGCCG,GTTCTCACACCATCCAGAGGATGTATGGCTGCGACCTGGGGCCCGACGGGCGCCTCCTCCGCGGGTATAACCAGTTCGCCTACGACGGCAAGGATTACATCGCCCTGAACGAGGACCTGCGCTCCTGGACCGCGGCGGACACGGCGGCTCAGATCTCCCAGCGCAAGTTGGAGGCGGCCCGTGAGGCGGAGCAGCTGAGAGCCTACCTGGAGGGCGAGTGCGTGGAGTGGCTCCGCGGATACCTGGAGAACGGGAAGGAGACGCTGCAGCGCGCGG
C*17:01:02,GCTCCCACTCCATGAGGTATTTCTACACCGCCGTGTCCCGGCCCGGCCGCGGAGAGCCCCGCTTCATCGCAGTGGGCTACGTGGACGACACGCAGTTCGTGCGGTTCGACAGCGACGCCGCGAGTCCGAGAGGGGAGCCGCGGGCGCCGTGGGTGGAGCAGGAGGGGCCGGAGTATTGGGACCGGGAGACACAGAAGTACAAGCGCCAGGCACAGGCTGACCGAGTGAACCTGCGGAAACTGCGCGGCTACTACAACCAGAGCGAGGCCG,GTTCTCACACCATCCAGAGGATGTATGGCTGCGACCTGGGGCCGGACGGGCGCCTCCTCCGCGGGTATAACCAGTTCGCCTACGACGGCAAGGATTACATCGCCCTGAACGAGGACCTGCGCTCCTGGACCGCGGCGGACACGGCGGCTCAGATCTCCCAGCGCAAGTTGGAGGCGGCCCGTGAGGCGGAGCAGCTGAGAGCCTACCTGGAGGGCGAGTGCGTGGAGTGGCTCCGCGGATACCTGGAGAACGGGAAGGAGACGCTGCAGCGCGCGG
C*17:01:03,GCTCCCACTCCATGAGGTATTTCTACACCGCCGTGTCCCGGCCCGGCCGCGGAGAGCCCCGCTTCATCGCAGTGGGCTACGTGGACGACACGCAGTTCGTGCGGTTCGACAGCGACGCCGCGAGTCCGAGAGGGGAGCCGCGGGCGCCGTGGGTGGAGCAGGAGGGGCCGGAGTATTGGGACCGAGAGACACAGAAGTACAAGCGCCAGGCACAGGCTGACCGAGTGAACCTGCGGAAACTGCGCGGCTACTACAACCAGAGCGAGGCCG,GTTCTCACACCATCCAGAGGATGTATGGCTGCGACCTGGGGCCCGACGGGCGCCTCCTCCGCGGGTATAACCAGTTCGCCTACGACGGCAAGGATTACATCGCCCTGAACGAGGACCTGCGCTCCTGGACCGCGGCGGACACGGCGGCTCAGATCTCCCAGCGCAAGTTGGAGGCGGCCCGTGAGGCGGAGCAGCTGAGAGCCTACCTGGAGGGCGAGTGCGTGGAGTGGCTCCGCGGATACCTGGAGAACGGGAAGGAGACGCTGCAGCGCGCGG
C*17:01:04,GCTCCCACTCCATGAGGTATTTCTACACCGCCGTGTCCCGGCCCGGCCGCGGAGAGCCCCGCTTCATCGCAGTGGGCTACGTGGACGACACGCAGTTCGTGCGGTTCGACAGCGACGCCGCGAGTCCAAGAGGGGAGCCGCGGGCGCCGTGGGTGGAGCAGGAGGGGCCGGAGTATTGGGACCGGGAGACACAGAAGTACAAGCGCCAGGCACAGGCTGACCGAGTGAACCTGCGGAAACTGCGCGGCTACTACAACCAGAGCGAGGCCG,GTTCTCACACCATCCAGAGGATGTATGGCTGCGACCTGGGGCCCGACGGGCGCCTCCTCCGCGGGTATAACCAGTTCGCCTACGACGGCAAGGATTACATCGCCCTGAACGAGGACCTGCGCTCCTGGACCGCGGCGGACACGGCGGCTCAGATCTCCCAGCGCAAGTTGGAGGCGGCCCGTGAGGCGGAGCAGCTGAGAGCCTACCTGGAGGGCGAGTGCGTGGAGTGGCTCCGCGGATACCTGGAGAACGGGAAGGAGACGCTGCAGCGCGCGG
C*17:01:05,GCTCCCACTCCATGAGGTATTTCTACACCGCCGTGTCCCGGCCCGGCCGCGGAGAGCCCCGCTTCATCGCAGTGGGCTACGTGGACGACACGCAGTTCGTGCGGTTCGACAGCGACGCCGCGAGTCCGAGAGGGGAGCCGCGGGCGCCGTGGGTGGAGCAGGAGGGGCCGGAGTATTGGGACCGGGAGACACAGAAGTACAAGCGCCAGGCACAGGCTGACCGAGTGAACCTGCGGAAACTGCGCGGCTACTACAACCAGAGCGAGGCCG,GTTCTCACACCATCCAGAGGATGTATGGCTGCGACCTGGGACCCGACGGGCGCCTCCTCCGCGGGTATAACCAGTTCGCCTACGACGGCAAGGATTACATCGCCCTGAACGAGGACCTGCGCTCCTGGACCGCGGCGGACACGGCGGCTCAGATCTCCCAGCGCAAGTTGGAGGCGGCCCGTGAGGCGGAGCAGCTGAGAGCCTACCTGGAGGGCGAGTGCGTGGAGTGGCTCCGCGGATACCTGGAGAACGGGAAGGAGACGCTGCAGCGCGCGG
C*17:01:06,GCTCCCACTCCATGAGGTATTTCTACACCGCCGTGTCCCGGCCCGGCCGCGGAGAGCCCCGCTTCATCGCAGTGGGCTACGTGGACGACACGCAGTTCGTGCGGTTCGACAGCGACGCCGCGAGTCCGAGAGGGGAGCCGCGGGCGCCGTGGGTGGAGCAGGAGGGGCCGGAGTATTGGGACCGGGAGACACAGAAGTACAAGCGCCAGGCACAGGCTGACCGAGTGAACCTGCGGAAACTGCGCGGCTACTACAACCAGAGCGAGGCCG,GTTCTCACACCATCCAGAGGATGTATGGCTGTGACCTGGGGCCCGACGGGCGCCTCCTCCGCGGGTATAACCAGTTCGCCTACGACGGCAAGGATTACATCGCCCTGAACGAGGACCTGCGCTCCTGGACCGCGGCGGACACGGCGGCTCAGATCTCCCAGCGCAAGTTGGAGGCGGCCCGTGAGGCGGAGCAGCTGAGAGCCTACCTGGAGGGCGAGTGCGTGGAGTGGCTCCGCGGATACCTGGAGAACGGGAAGGAGACGCTGCAGCGCGCGG
C*17:01:07,GCTCCCACTCCATGAGGTATTTCTACACCGCCGTGTCCCGGCCCGGCCGCGGAGAGCCCCGCTTCATCGCAGTGGGCTACGTGGACGACACGCAGTTCGTGCGGTTCGACAGCGACGCCGCGAGTCCGAGAGGGGAGCCGCGGGCGCCGTGGGTGGAGCAGGAGGGGCCGGAGTATTGGGACCGGGAGACACAGAAGTACAAGCGCCAGGCACAGGCTGACCGAGTGAACCTGCGGAAACTGCGCGGCTACTACAACCAGAGCGAGGCCG,GGTCTCACACCATCCAGAGGATGTATGGCTGCGACCTGGGGCCCGACGGGCGCCTCCTCCGCGGGTATAACCAGTTCGCCTACGACGGCAAGGATTACATCGCCCTGAACGAGGACCTGCGCTCCTGGACCGCGGCGGACACGGCGGCTCAGATCTCCCAGCGCAAGTTGGAGGCGGCCCGTGAGGCGGAGCAGCTGAGAGCCTACCTGGAGGGCGAGTGCGTGGAGTGGCTCCGCGGATACCTGGAGAACGGGAAGGAGACGCTGCAGCGCGCGG
C*17:01:08,GCTCCCACTCCATGAGGTATTTCTACACCGCCGTGTCCCGGCCCGGCCGCGGAGAGCCCCGCTTTATCGCAGTGGGCTACGTGGACGACACGCAGTTCGTGCGGTTCGACAGCGACGCCGCGAGTCCGAGAGGGGAGCCGCGGGCGCCGTGGGTGGAGCAGGAGGGGCCGGAGTATTGGGACCGGGAGACACAGAAGTACAAGCGCCAGGCACAGGCTGACCGAGTGAACCTGCGGAAACTGCGCGGCTACTACAACCAGAGCGAGGCCG,GTTCTCACACCATCCAGAGGATGTATGGCTGCGACCTGGGGCCCGACGGGCGCCTCCTCCGCGGGTATAACCAGTTCGCCTACGACGGCAAGGATTACATCGCCCTGAACGAGGACCTGCGCTCCTGGACCGCGGCGGACACGGCGGCTCAGATCTCCCAGCGCAAGTTGGAGGCGGCCCGTGAGGCGGAGCAGCTGAGAGCCTACCTGGAGGGCGAGTGCGTGGAGTGGCTCCGCGGATACCTGGAGAACGGGAAGGAGACGCTGCAGCGCGCGG
C*17:01:09,GCTCCCACTCCATGAGGTATTTCTACACCGCCGTGTCCCGGCCGGGCCGCGGAGAGCCCCGCTTCATCGCAGTGGGCTACGTGGACGACACGCAGTTCGTGCGGTTCGACAGCGACGCCGCGAGTCCGAGAGGGGAGCCGCGGGCGCCGTGGGTGGAGCAGGAGGGGCCGGAGTATTGGGACCGGGAGACACAGAAGTACAAGCGCCAGGCACAGGCTGACCGAGTGAACCTGCGGAAACTGCGCGGCTACTACAACCAGAGCGAGGCCG,GTTCTCACACCATCCAGAGGATGTATGGCTGCGACCTGGGGCCCGACGGGCGCCTCCTCCGCGGGTATAACCAGTTCGCCTACGACGGCAAGGATTACATCGCCCTGAACGAGGACCTGCGCTCCTGGACCGCGGCGGACACGGCGGCTCAGATCTCCCAGCGCAAGTTGGAGGCGGCCCGTGAGGCGGAGCAGCTGAGAGCCTACCTGGAGGGCGAGTGCGTGGAGTGGCTCCGCGGATACCTGGAGAACGGGAAGGAGACGCTGCAGCGCGCGG
C*17:04,GCTCCCACTCCATGAGGTATTTCTACACCGCCGTGTCCCGGCCCGGCCGCGGAGAGCCCCGCTTCATCGCAGTGGGCTACGTGGACGACACGCAGTTCGTGCGGTTCGACAGCGACGCCGCGAGTCCGAGAGGGGAGCCGCGGGCGCCGTGGGTGGAGCAGGAGGCGCCGGAGTATTGGGACCGGGAGACACAGAAGTACAAGCGCCAGGCACAGGCTGACCGAGTGAACCTGCGGAAACTGCGCGGCTACTACAACCAGAGCGAGGCCG,GTTCTCACACCATCCAGAGGATGTATGGCTGCGACCTGGGGCCCGACGGGCGCCTCCTCCGCGGGTATAACCAGTTCGCCTACGACGGCAAGGATTACATCGCCCTGAACGAGGACCTGCGCTCCTGGACCGCGGCGGACACGGCGGCTCAGATCTCCCAGCGCAAGTTGGAGGCGGCCCGTGAGGCGGAGCAGCTGAGAGCCTACCTGGAGGGCGAGTGCGTGGAGTGGCTCCGCGGATACCTGGAGAACGGGAAGGAGACGCTGCAGCGCGCGG
C*17:05,GCTCCCACTCCATGAGGTATTTCTACACCGCCGTGTCCCGGCCCGGCCGCGGAGAGCCCCGCTTCATCGCAGTGGGCTACGTGGACGACACGCAGTTCGTGCAGTTCGACAGCGACGCCGCGAGTCCGAGAGGGGAGCCGCGGGCGCCGTGGGTGGAGCAGGAGGGGCCGGAGTATTGGGACCGGGAGACACAGAAGTACAAGCGCCAGGCACAGGCTGACCGAGTGAACCTGCGGAAACTGCGCGGCTACTACAACCAGAGCGAGGCCG,GTTCTCACACCATCCAGAGGATGTATGGCTGCGACCTGGGGCCCGACGGGCGCCTCCTCCGCGGGTATAACCAGTTCGCCTACGACGGCAAGGATTACATCGCCCTGAACGAGGACCTGCGCTCCTGGACCGCGGCGGACACGGCGGCTCAGATCTCCCAGCGCAAGTTGGAGGCGGCCCGTGAGGCGGAGCAGCTGAGAGCCTACCTGGAGGGCGAGTGCGTGGAGTGGCTCCGCGGATACCTGGAGAACGGGAAGGAGACGCTGCAGCGCGCGG
C*17:06,GCTCCCACTCCATGAGGTATTTCTACACCGCCGTGTCCCGGCCCGGCCGCGGAGAGCCCCGCTTCATCGCAGTGGGCTACGTGGACGACACGCAGTTCGTGCGGTTCGACAGCGACGCCGCGAGTCCGAGAGGGGAGCCGCGGGCGCCGTGGGTGGAGCAGGAGGGGCCGGAGTATTGGGACCGGGAGACACAGAAGTACAAGCGCCAGGCACAGGCTGACCGAGTGAACCTGCGGAAACTGCGCGGCTACTACAACCAGAGCGAGGCCG,GTTCTCACACCATCCAGAGGATGTATGGCTGCGACCTGGGGCCCGACGGGCGCCTCCTCCGCGGGTATAACCAGTTCGCCTACGACGGCAAGGATTACATCGCCCTGAACGAGGACCTGCGCTCCTGGACCGCGGCGGACACGGCGGCTCATATCTCCCAGCGCAAGTTGGAGGCGGCCCGTGAGGCGGAGCAGCTGAGAGCCTACCTGGAGGGCGAGTGCGTGGAGTGGCTCCGCGGATACCTGGAGAACGGGAAGGAGACGCTGCAGCGCGCGG
C*17:07,GCTCCCACTCCATGAGGTATTTCTACACCGCCGTGTCCCGGCCCGGCCGCGGAGAGCCCCGCTTCATCGCAGTGGGCTACGTGGACGACACGCAGTTCGTGCGGTTCGACAGCGACGCCGCGAGTCCGAGAGGGGAGCCGCGGGCGCCGTGGGTGGAGCAGGAGGGGCCGGAGTATTGGGACCGGGAGACACAGAAGTACAAGCGCCAGGCACAGGCTGACCGAGTGAACCTGCGGAAACTGCGCGGCTACTACAACCAGAGCGAGGCCG,GTTCTCACACCATCCAGAGGATGTATGGCTGCGACCTGGGGCCCGACGGGCGCCTCCTCCGCGGGTATAACCAGTTCGCCTACGACGGCAAGGATTACATCGCCCTGAACGAGGACCTGCGCTCCTGGACCGCGGCGGACACGGCGGCTCAGATCTCCCAGCGCAAGTTGGAGGCGGCCCGTGAGGCGGAGCAGCTGAGAGCCTACCTGGAGGGCCTGTGCGTGGAGTGGCTCCGCAGATACCTGGAGAACGGGAAGGAGACGCTGCAGCGCGCGG
C*17:08,GCTCCCACTCCATGAGGTATTTCTACACCGCCGTGTCCCGGCCCGGCCGCGGAGAGCCCCGCTTCATCGCAGTGGGCTACGTGGACGACACGCAGTTCGTGCGGTTCGACAGCGACGCCGCGAGTCCGAGAGGGGAGCCGCGGGCGCCGTGGGTGGAGCAGGAGGGGCCGGAGTATTGGGACCGGGAGACACAGAAGTACAAGCGCCAGGCACAGGCTGACCGAGTGAACCTGCGGAAACTGCGCGGCTACTACAACCAGAGCGAGGCCG,GTTCTCACACCATCCAGAGGATGTATGGCTGCGACCTGGGGCCCGACGGGCGCCTCCTCCGCAGGTATAACCAGTTCGCCTACGACGGCAAGGATTACATCGCCCTGAACGAGGACCTGCGCTCCTGGACCGCGGCGGACACGGCGGCTCAGATCTCCCAGCGCAAGTTGGAGGCGGCCCGTGAGGCGGAGCAGCTGAGAGCCTACCTGGAGGGCGAGTGCGTGGAGTGGCTCCGCGGATACCTGGAGAACGGGAAGGAGACGCTGCAGCGCGCGG
C*17:09,GCTCCCACTCCATGAGGTATTTCTACACCGCCGTGTCCCGGCCCGGCCGCGGAGAGCCCCGCTTCATCGCAGTGGGCTACGTGGACGACACGCAGTTCGTGCGGTTCGACAGCGACGCCGCGAGTCCGAGAGGGGAGCCGCGGGCGCCGTGGGTGGAGCAGGAGGGGCCGGAGTATTGGGACCGGGAGACACAGAAGTACAAGCGCCAGGCACAGGCTGACCGAGTGAACCTGCGGAAACTGCGCGGCTACTACAACCAGAGCGAGGCCG,GTTCTCACACCATCCAGAGGATGTATGGCTGCGACCTGGGGCCCGACGGGCGCCTCCTCCGCGGGTATAACCAGTTCGCCTACGACGGCAAGGATTACATCACCCTGAACGAGGACCTGCGCTCCTGGACCGCGGCGGACACGGCGGCTCAGATCTCCCAGCGCAAGTTGGAGGCGGCCCGTGAGGCGGAGCAGCTGAGAGCCTACCTGGAGGGCGAGTGCGTGGAGTGGCTCCGCGGATACCTGGAGAACGGGAAGGAGACGCTGCAGCGCGCGG
C*17:10,GCTCCCGCTCCATGAGGTATTTCTACACCGCCGTGTCCCGGCCCGGCCGCGGAGAGCCCCGCTTCATCGCAGTGGGCTACGTGGACGACACGCAGTTCGTGCGGTTCGACAGCGACGCCGCGAGTCCGAGAGGGGAGCCGCGGGCGCCGTGGGTGGAGCAGGAGGGGCCGGAGTATTGGGACCGGGAGACACAGAAGTACAAGCGCCAGGCACAGGCTGACCGAGTGAACCTGCGGAAACTGCGCGGCTACTACAACCAGAGCGAGGCCG,GTTCTCACACCATCCAGAGGATGTATGGCTGCGACCTGGGGCCCGACGGGCGCCTCCTCCGCGGGTATAACCAGTTCGCCTACGACGGCAAGGATTACATCGCCCTGAACGAGGACCTGCGCTCCTGGACCGCGGCGGACACGGCGGCTCAGATCTCCCAGCGCAAGTTGGAGGCGGCCCGTGAGGCGGAGCAGCTGAGAGCCTACCTGGAGGGCGAGTGCGTGGAGTGGCTCCGCGGATACCTGGAGAACGGGAAGGAGACGCTGCAGCGCGCGG
C*17:11,GCTCCCACTCCATGAGGTATTTCTACACCGCCGTGTCCCGGCCCGGCCGCGGAGAGCCCCGCTTCATCGCAGTGGGCTACGTGGACGACACGCAGTTCGTGCGGTTCGACAGCGACGCCGCGAGTCCGAGAGGGGAGCCGCGGGCGCCGTGGGTGGAGCAGGAGGGGCCGGAGTATTGGGACCGGGAGACACAGAAGTACAAGCGCCAGGCACAGGCTGACCGAGTGAACCTGCGGAAACTGCGCGGCTACTACAACCAGAGCGAGGACG,GTTCTCACACCATCCAGAGGATGTATGGCTGCGACCTGGGGCCCGACGGGCGCCTCCTCCGCGGGTATAACCAGTTCGCCTACGACGGCAAGGATTACATCGCCCTGAACGAGGACCTGCGCTCCTGGACCGCGGCGGACACGGCGGCTCAGATCTCCCAGCGCAAGTTGGAGGCGGCCCGTGAGGCGGAGCAGCTGAGAGCCTACCTGGAGGGCGAGTGCGTGGAGTGGCTCCGCGGATACCTGGAGAACGGGAAGGAGACGCTGCAGCGCGCGG
C*17:12,GCTCCCACTCCATGAGGTATTTCTACACCGCCGTGTCCCGGCCCGGCCGCGGAGAGCCCCGCTTCATCGCAGTGGGCTACGTGGACGACACGCAGTTCGTGCGGTTCGACAGCGACGCCGCGAGTCCGAGAGGGGAGCCGCGGGCGCCGTGGATAGAGCAGGAGGGGCCGGAGTATTGGGACCGGGAGACACAGAAGTACAAGCGCCAGGCACAGGCTGACCGAGTGAACCTGCGGAAACTGCGCGGCTACTACAACCAGAGCGAGGCCG,GTTCTCACACCATCCAGAGGATGTATGGCTGCGACCTGGGGCCCGACGGGCGCCTCCTCCGCGGGTATAACCAGTTCGCCTACGACGGCAAGGATTACATCGCCCTGAACGAGGACCTGCGCTCCTGGACCGCGGCGGACACGGCGGCTCAGATCTCCCAGCGCAAGTTGGAGGCGGCCCGTGAGGCGGAGCAGCTGAGAGCCTACCTGGAGGGCGAGTGCGTGGAGTGGCTCCGCGGATACCTGGAGAACGGGAAGGAGACGCTGCAGCGCGCGG
C*17:13,GCTCCCACTCCATGAGGTATTTCTACACCGCCGTGTCCCGGCCCGGCCGCGGAGAGCCCCGCTTCATCGCAGTGGGCTACGTGGACGACACGCAGTTCGTGCGGTTCGACAGCGACGCCGCGAGTCCGAGAGGGGAGCCGCGGGCGCCGTGGGTGGAGCAGGAGGGGCCGGAGTATTGGGACCGGGAGACACAGAAGTACAAGCGCCAGGCACAGGCTGACCGAGTGAACCTGCGGAAACTGCGCGGCTACTACAACCAGAGCGAGGCCG,GTTCTCACACCATCCGGAGGATGTATGGCTGCGACCTGGGGCCCGACGGGCGCCTCCTCCGCGGGTATAACCAGTTCGCCTACGACGGCAAGGATTACATCGCCCTGAACGAGGACCTGCGCTCCTGGACCGCGGCGGACACGGCGGCTCAGATCTCCCAGCGCAAGTTGGAGGCGGCCCGTGAGGCGGAGCAGCTGAGAGCCTACCTGGAGGGCGAGTGCGTGGAGTGGCTCCGCGGATACCTGGAGAACGGGAAGGAGACGCTGCAGCGCGCGG
C*17:14,GCTCCCACTCCATGAGGTATTTCTACACCGCCGTGTCCCGGCCCGGCCGCGGAGAGCCCCGCTTCATCGCAGTGGGCTACGTGGACGACACGCAGTTCGTGCGGTTCGACAGCGACGCCGCGAGTCCGAGAGGGGAGCCGCGGGCGCCGTGGGTGGAGCAGGAGGGGCCGGAGTATTGGGACCGGGAGACACAGAAGTACAAGCGCCAGGCACAGGCTGACCGAGTGAACCTGCGGAAACTGCGCGGCTACTACAACCAGAGCGAGGCCG,GTTCTCACACCATCCAGAGGATGTATGGCTGCGACCTGGGGCCCGACGGGCGCCTCCTCCGCGGGTATAACCAGTTCGCCTACGACGGCAAGGATTACATCGCCCTGAACGAGGACCTGCGCTCCTGGACCTCGGCGGACACGGCGGCTCAGATCTCCCAGCGCAAGTTGGAGGCGGCCCGTGAGGCGGAGCAGCTGAGAGCCTACCTGGAGGGCGAGTGCGTGGAGTGGCTCCGCGGATACCTGGAGAACGGGAAGGAGACGCTGCAGCGCGCGG
C*17:15,GCTCCCACTCCATGAGGTATTTCTACACCGCCGTGTCCCGGCCCGGCCGCGGAGAGCCCCGCTTCATCGCAGTGGGCTACGTGGACGACACGCAGTTCGTGCGGTTCGACAGCGACGCCGCGAGTCCGAGAGGGGAGCCGCGGGCGCCGTGGGTGGAGCAGGAGGGGCCGGAGTATTGGGACCGGGAGACACAGAAGTACAAGCGCCAGGCACGGGCTGACCGAGTGAACCTGCGGAAACTGCGCGGCTACTACAACCAGAGCGAGGCCG,GTTCTCACACCATCCAGAGGATGTATGGCTGCGACCTGGGGCCCGACGGGCGCCTCCTCCGCGGGTATAACCAGTTCGCCTACGACGGCAAGGATTACATCGCCCTGAACGAGGACCTGCGCTCCTGGACCGCGGCGGACACGGCGGCTCAGATCTCCCAGCGCAAGTTGGAGGCGGCCCGTGAGGCGGAGCAGCTGAGAGCCTACCTGGAGGGCGAGTGCGTGGAGTGGCTCCGCGGATACCTGGAGAACGGGAAGGAGACGCTGCAGCGCGCGG
C*18:01G,GCTCCCACTCCATGAGGTATTTCGACACCGCCGTGTCCCGGCCCGGCCGCGGAGAGCCCCGCTTCATCTCAGTGGGCTACGTGGACGACACGCAGTTCGTGCGGTTCGACAGCGACGCCGCGAGTCCGAGAGGGGAGCCCCGGGCGCCGTGGGTGGAGCAGGAGGGGCCGGAGTATTGGGACCGGGAGACACAGAAGTACAAGCGCCAGGCACAGGCTGACCGAGTGAACCTGCGGAAACTGCGCGGCTACTACAACCAGAGCGAGGACG,GGTCTCACACCCTCCAGAGGATGTTTGGCTGCGACCTGGGGCCGGACGGGCGCCTCCTCCGCGGGTATAACCAGTTCGCCTACGACGGCAAGGATTACATCGCCCTGAACGAGGATCTGCGCTCCTGGACCGCCGCGGACACGGCGGCTCAGATCACCCAGCGCAAGTGGGAGGCGGCCCGTGAGGCGGAGCAGCGGAGAGCCTACCTGGAGGGCACGTGCGTGGAGTGGCTCCGCAGATACCTGGAGAACGGGAAGGAGACGCTGCAGCGCGCGG
C*18:03,GCTCCCACTCCATGAGGTATTTCGACACCGCCGTGTCCCGGCCCGGCCGCGGAGAGCCCCGCTTCATCTCAGTGGGCTACGTGGACGACACGCAGTTCGTGCGGTTCGACAGCGACGCCGCGAGTCCGAGAGGGGAGCCCCGGGCGCCGTGGGTGGAGCAGGAGGGGCCGGAGTATTGGGACCGGGAGACACAGAAGTACAAGCGCCAGGCACAGGCTGACCGAGTGAACCTGCGGAAACTGCGCGGCTACTACAACCAGAGCGAGGACG,GGTCTCACACCCTCCAGAGGATGTTTGGCTGCGACCTGGGGCCGGACGGGCGCCTCCTCCGCGGGTATAACCAGTTCGCCTACGACGGCAAGGATTACATCGCCCTGAACGAGGATCTGCGCTCCTGGACCGCCGCGGACACGGCGGCTCAGATCACCCAGCGCAAGTGGGAGGCGGCCCGTGAGGCGGAGCAGTGGAGAGCCTACCTGGAGGGCGAGTGCGTGGAGTGGCTCCGCAGATACCTGGAGAACGGGAAGGAGACGCTGCAGCGCGCGG
C*18:04,GCTCCCACTCCATGAGGTATTTCGACACCGCCGTGTCCCGGCCCGGCCGCGGAGAGCCCCGCTTCATCGCAGTGGGCTACGTGGACGACACGCAGTTCGTGCGGTTCGACAGCGACGCCGCGAGTCCGAGAGGGGAGCCCCGGGCGCCGTGGGTGGAGCAGGAGGGGCCGGAGTATTGGGACCGGGAGACACAGAAGTACAAGCGCCAGGCACAGGCTGACCGAGTGAACCTGCGGAAACTGCGCGGCTACTACAACCAGAGCGAGGACG,GGTCTCACACCCTCCAGAGGATGTTTGGCTGCGACCTGGGGCCGGACGGGCGCCTCCTCCGCGGGTATAACCAGTTCGCCTACGACGGCAAGGATTACATCGCCCTGAACGAGGATCTGCGCTCCTGGACCGCCGCGGACACGGCGGCTCAGATCACCCAGCGCAAGTGGGAGGCGGCCCGTGAGGCGGAGCAGCGGAGAGCCTACCTGGAGGGCACGTGCGTGGAGTGGCTCCGCAGATACCTGGAGAACGGGAAGGAGACGCTGCAGCGCGCGG
C*18:05,GCTCCCACTCCATGAGGTATTTCGACACCGCCGTGTCCCGGCCCGGCCGCGGAGAGCCCCGCTTCATCTCAGTGGGCTACGTGGACGACACGCAGTTCGTGCGGTTCGACAGCGACGCCGCGAGTCCGAGAGGGGAGCCGCGGGCGCCGTGGGTGGAGCAGGAGGGGCCGGAGTATTGGGACCGGGAGACACAGAACTACAAGCGCCAGGCACAGGCTGACCGAGTGAACCTGCGGAAACTGCGCGGCTACTACAACCAGAGCGAGGACG,GGTCTCACACCCTCCAGAGGATGTTTGGCTGCGACCTGGGGCCGGACGGGCGCCTCCTCCGCGGGTATAACCAGTTCGCCTACGACGGCAAGGATTACATCGCCCTGAACGAGGATCTGCGCTCCTGGACCGCCGCGGACACGGCGGCTCAGATCACCCAGCGCAAGTGGGAGGCGGCCCGTGAGGCGGAGCAGCGGAGAGCCTACCTGGAGGGCACGTGCGTGGAGTGGCTCCGCAGATACCTGGAGAACGGGAAGGAGACGCTGCAGCGCGCGG
C*18:06,GCTCCCACTCCATGAGGTATTTCGACACCGCCGTGTCCCGGCCCGGCCGCGGAGAGCCCCGCTTCATCTCAATGGGCTACGTGGACGACACGCAGTTCGTGCGGTTCGACAGCGACGCCGCGAGTCCGAGAGGGGAGCCCCGGGCGCCGTGGGTGGAGCAGGAGGGGCCGGAGTATTGGGACCGGGAGACACAGAAGTACAAGCGCCAGGCACAGGCTGACCGAGTGAACCTGCGGAAACTGCGCGGCTACTACAACCAGAGCGAGGACG,GGTCTCACACCCTCCAGAGGATGTTTGGCTGCGACCTGGGGCCGGACGGGCGCCTCCTCCGCGGGTATAACCAGTTCGCCTACGACGGCAAGGATTACATCGCCCTGAACGAGGATCTGCGCTCCTGGACCGCCGCGGACACGGCGGCTCAGATCACCCAGCGCAAGTGGGAGGCGGCCCGTGAGGCGGAGCAGCGGAGAGCCTACCTGGAGGGCACGTGCGTGGAGTGGCTCCGCAGATACCTGGAGAACGGGAAGGAGACGCTGCAGCGCGCGG
